/*--------------------------------*- C++ -*----------------------------------*\
| =========                 |                                                 |
| \\      /  F ield         | OpenFOAM: The Open Source CFD Toolbox           |
|  \\    /   O peration     | Version:  1.7.1                                 |
|   \\  /    A nd           | Web:      www.OpenFOAM.com                      |
|    \\/     M anipulation  |                                                 |
\*---------------------------------------------------------------------------*/
FoamFile
{
    version     2.0;
    format      ascii;
    class       volScalarField;
    location    "200";
    object      mut;
}
// * * * * * * * * * * * * * * * * * * * * * * * * * * * * * * * * * * * * * //

dimensions      [1 -1 -1 0 0 0 0];

internalField   nonuniform List<scalar> 
4000
(
0.000644704
0.000684346
0.000720433
0.000749867
0.000773694
0.000795521
0.000811959
0.000815982
0.000802048
0.000771435
0.000743972
0.000736901
0.000746692
0.000762715
0.000773785
0.000779371
0.000776232
0.000761911
0.000736402
0.000702326
0.000642572
0.000690644
0.000727771
0.00076612
0.000809945
0.000856595
0.000895521
0.000912497
0.000904504
0.00086267
0.000805835
0.00078632
0.000793077
0.000805413
0.000815334
0.000826656
0.000827093
0.000810868
0.000773296
0.000705935
0.000644232
0.00070438
0.000748367
0.000793135
0.000859295
0.000916564
0.000959607
0.00098389
0.000983634
0.000953227
0.000883058
0.000818669
0.00081317
0.000825163
0.000836134
0.000839188
0.000830772
0.000811322
0.000773218
0.000701275
0.000649582
0.000723715
0.00078087
0.000846544
0.00090985
0.000969939
0.0010204
0.00105034
0.00105362
0.00102921
0.000975027
0.000899911
0.000841777
0.000842599
0.000847086
0.000843161
0.000829604
0.000801408
0.000753528
0.000687114
0.000654062
0.00074172
0.000814065
0.00087801
0.000954121
0.00103477
0.00109851
0.00113209
0.00113357
0.00111026
0.00106546
0.00100153
0.000943587
0.000910181
0.000900414
0.000881103
0.000843504
0.000799494
0.000745515
0.000679099
0.000656151
0.000747791
0.000819421
0.000915217
0.00103955
0.00114666
0.00121733
0.00124698
0.00124138
0.00121805
0.00118228
0.00113879
0.00109494
0.00105856
0.00103017
0.000995749
0.000929053
0.000845626
0.000760676
0.000682218
0.000657392
0.000740885
0.000850321
0.00103264
0.00119509
0.00130468
0.00136792
0.00139003
0.00137832
0.0013565
0.00132888
0.00129496
0.0012582
0.0012224
0.00118654
0.00114501
0.0010817
0.000971843
0.000825083
0.000701678
0.000656199
0.000761568
0.000980884
0.00122992
0.00137346
0.00146355
0.00151992
0.0015451
0.0015353
0.00151125
0.00148294
0.00144776
0.00140759
0.0013695
0.00132845
0.00128145
0.0012186
0.00111783
0.000951157
0.000752752
0.00067437
0.000878615
0.00119306
0.0014001
0.00152557
0.00160854
0.00165695
0.00167834
0.0016693
0.00164222
0.00161355
0.00157933
0.00153991
0.00149631
0.00144862
0.00139517
0.00132938
0.00123475
0.00107633
0.000832471
0.000754241
0.00108936
0.00137753
0.00152005
0.00160068
0.00165225
0.00168451
0.00170118
0.00170055
0.00167747
0.0016531
0.00162377
0.00159033
0.00155339
0.00151292
0.00146753
0.00141202
0.00133029
0.0011821
0.00091921
0.000684346
0.000734908
0.000781274
0.000829988
0.000873327
0.000916459
0.00093981
0.000940366
0.000919647
0.000884347
0.000857081
0.000856343
0.00086405
0.000867194
0.000879121
0.000884801
0.000879386
0.000856602
0.000813102
0.000747267
0.000690644
0.00129027
0.00160914
0.00200367
0.00240696
0.00260318
0.00261904
0.00252189
0.00235774
0.002147
0.00193976
0.00189545
0.00207424
0.00235506
0.00250685
0.00249375
0.00243514
0.00221578
0.001715
0.000770787
0.00070438
0.0017415
0.00231121
0.00286983
0.00332924
0.00345419
0.00340061
0.0032694
0.00309817
0.00287022
0.00249835
0.00212626
0.00207084
0.00229746
0.0026661
0.00296604
0.00302332
0.00271272
0.0019987
0.000772441
0.000723715
0.0021192
0.00292648
0.00351626
0.0037596
0.00376637
0.00369678
0.00361876
0.00352789
0.00337829
0.00309912
0.0025284
0.00204396
0.00199969
0.00220009
0.0025131
0.0027463
0.00265758
0.00204036
0.000762698
0.00074172
0.00232217
0.00313903
0.0034312
0.00344465
0.00341521
0.00344754
0.00353752
0.00361336
0.00359318
0.00340809
0.0029871
0.00231529
0.00191477
0.00189209
0.00201947
0.00221079
0.00226611
0.00188382
0.000750676
0.000747791
0.00216644
0.00267932
0.00271395
0.00267339
0.00275795
0.00300422
0.00333413
0.00360735
0.0037133
0.00359765
0.00325364
0.00272001
0.00220549
0.00191956
0.00182024
0.00182769
0.00186239
0.00165796
0.000741157
0.000740885
0.0017992
0.00204721
0.00203164
0.00214612
0.00248304
0.00300481
0.00356806
0.0039737
0.00414102
0.00403997
0.00370446
0.0032258
0.00274384
0.00233021
0.0019971
0.00174791
0.00161406
0.00145806
0.000749112
0.000761568
0.00149723
0.00164211
0.00180375
0.00222608
0.00287109
0.00361683
0.00422233
0.0045676
0.00461366
0.00446196
0.00418094
0.00383956
0.00336976
0.00286376
0.00237923
0.00193987
0.00159837
0.00135181
0.000789025
0.000878615
0.00135784
0.0016162
0.00204306
0.00271391
0.00340307
0.00395197
0.00431259
0.00449867
0.00437775
0.00416384
0.00392599
0.00365547
0.00333655
0.00296438
0.00254176
0.00209293
0.00168582
0.00135102
0.0008728
0.00108936
0.00137212
0.001571
0.00169282
0.00177851
0.00183886
0.00187846
0.00190162
0.00190526
0.0018789
0.0018451
0.00180447
0.00175882
0.00170962
0.00165706
0.00159962
0.00153267
0.00144292
0.00128784
0.000991024
0.000720433
0.000781274
0.000806343
0.000850024
0.000905057
0.000949089
0.000984949
0.000995458
0.000981791
0.000955274
0.000938283
0.000944987
0.000960026
0.000966262
0.000973254
0.000978957
0.000973247
0.000942749
0.000880084
0.000776281
0.000727771
0.00160914
0.00180958
0.0021568
0.00276359
0.00334005
0.0035536
0.0035371
0.0033599
0.00310456
0.00288634
0.00288667
0.00312844
0.0034691
0.00370904
0.00372226
0.00354925
0.00308787
0.00221521
0.000815087
0.000748367
0.00231121
0.00295024
0.00356048
0.00424717
0.00475723
0.00495921
0.00492014
0.00472085
0.00435137
0.0038153
0.00340695
0.00339427
0.00370486
0.00412348
0.00439698
0.00431528
0.00373745
0.00256091
0.000820959
0.00078087
0.00292648
0.004061
0.00485485
0.00541709
0.0057175
0.0057985
0.00575485
0.00560701
0.00530824
0.00476876
0.00388717
0.00329322
0.0032543
0.00352793
0.00386777
0.00399593
0.00363471
0.00258605
0.00081415
0.000814065
0.00313903
0.00441704
0.00508757
0.00543753
0.00565298
0.00581553
0.00593024
0.00595072
0.0057932
0.00535694
0.00458621
0.0034901
0.00292772
0.00289519
0.00306644
0.00323717
0.00312111
0.00238643
0.000799504
0.000819421
0.00267932
0.00358123
0.00397116
0.00425337
0.00462458
0.005094
0.00556105
0.00588687
0.00594971
0.00566653
0.0050244
0.004097
0.00311773
0.00267658
0.00255541
0.00254957
0.00250114
0.00207198
0.000793505
0.000850321
0.00204721
0.00252743
0.00276994
0.00313434
0.00375586
0.00459087
0.00543267
0.00604781
0.00626827
0.00608078
0.00553998
0.00475527
0.00391792
0.00317568
0.00263523
0.00227115
0.00205075
0.00176076
0.00081734
0.000980884
0.00164211
0.00199771
0.00246808
0.0032297
0.00428817
0.00544823
0.00630992
0.00672706
0.00679782
0.00659722
0.00618232
0.00559459
0.00489611
0.00409818
0.00328485
0.00254468
0.00197837
0.00159016
0.000891254
0.00119306
0.0016162
0.00215572
0.00308221
0.00424997
0.00524514
0.0060177
0.00628771
0.00634898
0.00626326
0.00610034
0.005863
0.00554448
0.00508061
0.00446525
0.0037271
0.0029081
0.00214452
0.00159233
0.00102838
0.00137753
0.001571
0.00172087
0.00183445
0.00192137
0.00198448
0.00202717
0.0020563
0.00206554
0.00203881
0.00199784
0.00194904
0.00189486
0.00183767
0.00177764
0.00171254
0.00163822
0.00154564
0.00141072
0.00117649
0.000749867
0.000829988
0.000850024
0.000854881
0.000900601
0.000955884
0.000993275
0.00100821
0.00100877
0.000998099
0.000994272
0.00100552
0.00102228
0.00103777
0.00105474
0.00106424
0.00105057
0.00100694
0.0009264
0.000792116
0.00076612
0.00200367
0.0021568
0.00209119
0.00243169
0.00310013
0.00368412
0.00399548
0.00393291
0.00376466
0.00364103
0.00370477
0.00396399
0.00428434
0.00449968
0.00448751
0.00419029
0.00355032
0.00244862
0.000834683
0.000793135
0.00286983
0.00356048
0.00381008
0.00423789
0.0048507
0.00537082
0.00567199
0.00569861
0.00539411
0.00492557
0.00460735
0.00464135
0.00493141
0.00524895
0.00535742
0.00506552
0.00424351
0.00280092
0.000845196
0.000846544
0.00351626
0.00485485
0.00554987
0.00603212
0.00642825
0.00671097
0.00686965
0.00686432
0.00658907
0.00595163
0.00510503
0.00456817
0.00451786
0.00472212
0.00489744
0.00476466
0.00410076
0.00277969
0.000843936
0.00087801
0.0034312
0.00508757
0.00612576
0.00676346
0.00714999
0.00740112
0.00754946
0.00756221
0.00733289
0.006747
0.00577069
0.00462108
0.00400084
0.00389729
0.00396526
0.00393303
0.00353243
0.00253677
0.000841727
0.000915217
0.00271395
0.00397116
0.00492602
0.00579279
0.00657804
0.00720662
0.00765128
0.00785374
0.00774275
0.00725784
0.00638998
0.00522434
0.00400942
0.00345099
0.00323988
0.00310033
0.00283068
0.00217983
0.000862373
0.00103264
0.00203164
0.00276994
0.00347053
0.00438505
0.00560516
0.00681834
0.00768665
0.00809806
0.00809304
0.00772078
0.00700933
0.00603729
0.00498326
0.00396407
0.00325758
0.00276965
0.00235802
0.00186454
0.000929841
0.00122992
0.00180375
0.00246808
0.00336906
0.00460058
0.00615229
0.00732606
0.0079764
0.00824748
0.00824404
0.00799042
0.00750723
0.00683188
0.00605566
0.00521989
0.00421176
0.00323417
0.002412
0.00177773
0.00105191
0.0014001
0.00204306
0.00308221
0.00453111
0.00589227
0.00661552
0.0070354
0.00722535
0.00725814
0.00718137
0.007027
0.0067887
0.00645771
0.00605142
0.00558955
0.00484202
0.00383376
0.0027652
0.00189645
0.00121018
0.00152005
0.00169282
0.00183445
0.00194641
0.00203417
0.00210286
0.00214933
0.0021803
0.00219513
0.00217195
0.00212567
0.00207002
0.002009
0.00194418
0.00187588
0.00180283
0.00172249
0.00162624
0.00149929
0.00131191
0.000773694
0.000873327
0.000905057
0.000900601
0.00088707
0.000936565
0.000991189
0.00102114
0.00103125
0.0010323
0.00103738
0.00105082
0.00106961
0.00109186
0.00111302
0.00111656
0.00109217
0.00103785
0.000946921
0.000797538
0.000809945
0.00240696
0.00276359
0.00243169
0.0021034
0.00246713
0.00320214
0.00381401
0.00410906
0.00416185
0.00416059
0.0042723
0.00451974
0.00480733
0.00495578
0.00485267
0.0044493
0.00368332
0.00246832
0.000838184
0.000859295
0.00332924
0.00424717
0.00423789
0.00396378
0.00422101
0.00490053
0.00559721
0.00602545
0.00600586
0.00575602
0.00559137
0.00566806
0.00588939
0.00603482
0.00592197
0.00539682
0.00436196
0.002791
0.000857052
0.00090985
0.0037596
0.00541709
0.00603212
0.00612116
0.00623846
0.00657016
0.00700486
0.00733157
0.00728622
0.00680003
0.00616666
0.00575415
0.00566306
0.00569611
0.00560697
0.00516483
0.00422283
0.0027495
0.000872082
0.000954121
0.00344465
0.00543753
0.00676346
0.00738454
0.00767806
0.00789069
0.00811328
0.00828027
0.00818266
0.00764413
0.00668763
0.00569779
0.00507046
0.00483301
0.00468555
0.00436376
0.00366745
0.00250472
0.00089725
0.00103955
0.00267339
0.00425337
0.00579279
0.00706767
0.00794493
0.00847675
0.00876313
0.00889026
0.00877135
0.0082675
0.00735224
0.00611502
0.00492882
0.00422773
0.00386219
0.00352014
0.00300029
0.00217897
0.000956001
0.00119509
0.00214612
0.00313434
0.00438504
0.00605911
0.00763511
0.00864039
0.00905447
0.00920584
0.00915134
0.0087573
0.00801414
0.0069936
0.00586669
0.00472724
0.00387442
0.00325637
0.00265168
0.00197237
0.00105965
0.00137346
0.00222608
0.0032297
0.00460058
0.00640244
0.00797584
0.00880378
0.00905486
0.00913573
0.00912741
0.00889799
0.00840452
0.00770816
0.00691397
0.00608476
0.00507919
0.00396597
0.00294195
0.00206126
0.00119623
0.00152557
0.00271391
0.00424997
0.00589227
0.00682269
0.00746433
0.00779533
0.00788611
0.00788657
0.00782709
0.00766536
0.00741082
0.00707151
0.00666334
0.00620804
0.0056576
0.00466877
0.00345719
0.00231037
0.00133242
0.00160068
0.00177851
0.00192137
0.00203417
0.00212788
0.00219629
0.00224756
0.00228724
0.00231359
0.00229564
0.00223886
0.00217158
0.00210058
0.0020277
0.00195259
0.00187199
0.00178491
0.00168446
0.00155712
0.0013852
0.000795521
0.000916459
0.000949089
0.000955884
0.000936565
0.000920368
0.000974063
0.00102725
0.00105342
0.00106543
0.00107714
0.00109345
0.0011132
0.00113196
0.0011453
0.00113569
0.00110054
0.00103928
0.000945143
0.000794871
0.000856595
0.00260318
0.00334005
0.00310013
0.00246713
0.00209571
0.00258193
0.00339601
0.00396346
0.00422891
0.00436371
0.00454274
0.00481553
0.00509364
0.00514693
0.00493221
0.00442456
0.00357548
0.00234756
0.000836678
0.000916564
0.00345419
0.00475723
0.0048507
0.00422101
0.0036436
0.00406985
0.00511292
0.00594415
0.00628225
0.00630312
0.00629451
0.00640042
0.00653709
0.00649409
0.00614965
0.00540676
0.0042184
0.00263477
0.000871796
0.000969939
0.00376637
0.0057175
0.00642825
0.00623846
0.0057453
0.00580064
0.00651459
0.00731266
0.00763649
0.00746405
0.00707642
0.00676241
0.00658838
0.00640853
0.00602731
0.00529433
0.00413992
0.00262023
0.00090901
0.00103477
0.00341521
0.00565298
0.00714999
0.00767806
0.00760879
0.00750806
0.00780023
0.00833038
0.00858666
0.00828983
0.00756068
0.00673559
0.00608624
0.00565658
0.00523438
0.00461411
0.00367378
0.00242971
0.000961195
0.00114666
0.00275795
0.00462458
0.00657804
0.00794493
0.00858057
0.00869796
0.00873489
0.00905907
0.00922782
0.00892864
0.00811991
0.0069959
0.0058678
0.00500927
0.00442869
0.00386164
0.0031319
0.0022069
0.00104485
0.00130468
0.00248304
0.00375586
0.00560516
0.00763511
0.00891504
0.00930191
0.00922608
0.00939581
0.00958217
0.00938445
0.00873633
0.00776152
0.00663268
0.00546102
0.00446845
0.00371979
0.00297199
0.00216494
0.00115888
0.00146355
0.00287109
0.00428817
0.00615229
0.00797584
0.00910338
0.00942887
0.00932196
0.00939543
0.0095569
0.00945545
0.00900299
0.00832162
0.00753015
0.00669424
0.00576828
0.0046261
0.00348674
0.00242676
0.0012896
0.00160854
0.00340307
0.00524514
0.00661552
0.00746433
0.00800981
0.00822719
0.0082678
0.00832144
0.00833753
0.00813032
0.00781069
0.00744461
0.00703158
0.0065735
0.00604877
0.00524406
0.00402552
0.00271618
0.00139914
0.00165225
0.00183886
0.00198448
0.00210286
0.00219629
0.00227047
0.00233384
0.00239136
0.00243685
0.00242754
0.0023508
0.00226323
0.00217631
0.00209151
0.00200745
0.00192024
0.00182468
0.00171918
0.00158889
0.00141924
0.000811959
0.00093981
0.000984949
0.000993275
0.000991189
0.000974063
0.000974206
0.0010325
0.00108049
0.00110463
0.00112102
0.00113662
0.00115015
0.00115634
0.0011518
0.00112752
0.00108397
0.00102001
0.000928612
0.000787618
0.000895521
0.00261904
0.0035536
0.00368412
0.00320214
0.00258193
0.00236437
0.00298845
0.00375592
0.00425037
0.00454421
0.00480365
0.0050851
0.00525616
0.00514607
0.00480692
0.00421
0.00332957
0.00217124
0.000838343
0.000959607
0.00340061
0.00495921
0.00537082
0.00490053
0.00406985
0.00373502
0.00452727
0.00569314
0.00638307
0.00670677
0.00684723
0.00694244
0.00694262
0.00668548
0.00612331
0.00520727
0.00394371
0.00243949
0.000890084
0.0010204
0.00369678
0.0057985
0.00671097
0.00657016
0.00580064
0.00521297
0.00582323
0.00708928
0.0078069
0.00800263
0.00786425
0.00759426
0.00728914
0.00687673
0.00622221
0.00525397
0.00396981
0.00248267
0.000942845
0.00109851
0.00344754
0.00581553
0.00740112
0.00789069
0.00750806
0.00680734
0.00699746
0.00809574
0.0088316
0.00885955
0.00842086
0.0077232
0.00700281
0.00634353
0.00564681
0.00476306
0.00365033
0.00238712
0.0010097
0.00121733
0.00300422
0.005094
0.00720662
0.00847675
0.00869796
0.00816059
0.00799606
0.00880502
0.00950904
0.0094793
0.00889927
0.00792725
0.00681582
0.00579723
0.00496174
0.00416479
0.00327533
0.00229677
0.00109952
0.00136792
0.00300481
0.00459087
0.00681834
0.00864039
0.00930191
0.00899519
0.00870306
0.00922037
0.00986015
0.00991323
0.00939216
0.00848434
0.00735699
0.00615444
0.00505093
0.00414274
0.00328989
0.00240838
0.00120793
0.00151992
0.00361683
0.00544823
0.00732606
0.00880378
0.00942887
0.00934189
0.00914637
0.00943034
0.00993392
0.00993532
0.00947555
0.00879163
0.00798409
0.00711917
0.00621235
0.00513401
0.00394264
0.00276718
0.0013252
0.00165695
0.00395197
0.0060177
0.0070354
0.00779533
0.00822719
0.00841173
0.0085397
0.0087524
0.00894727
0.00862179
0.00812559
0.00767063
0.00722427
0.00674711
0.00621132
0.00556063
0.00438795
0.00299807
0.0014214
0.00168451
0.00187846
0.00202717
0.00214933
0.00224756
0.00233384
0.00241862
0.00250345
0.00257401
0.00258191
0.00247377
0.00235426
0.0022435
0.0021416
0.00204491
0.00194819
0.00184422
0.00173209
0.00159807
0.00142796
0.000815982
0.000940366
0.000995458
0.00100821
0.00102114
0.00102725
0.0010325
0.0010645
0.00112729
0.00116599
0.00117858
0.00118152
0.00117563
0.00116248
0.00113708
0.00110072
0.0010524
0.000989239
0.000904071
0.000777318
0.000912497
0.00252189
0.0035371
0.00399548
0.00381401
0.00339601
0.00298845
0.00276844
0.0034424
0.00433314
0.00484725
0.00522195
0.00539999
0.0052785
0.00500883
0.00455954
0.00390955
0.0030474
0.00199966
0.000836521
0.00098389
0.0032694
0.00492014
0.00567199
0.00559721
0.00511292
0.00452727
0.00422007
0.00507278
0.00631281
0.00701477
0.00735071
0.00738751
0.00717879
0.00668838
0.00594245
0.00491518
0.00364916
0.00226856
0.000896532
0.00105034
0.00361876
0.00575485
0.00686965
0.00700487
0.00651459
0.00582324
0.00550313
0.00635925
0.00773537
0.00841335
0.00850656
0.00825937
0.00779465
0.00714907
0.00626981
0.00513651
0.00379586
0.00237966
0.000956189
0.00113209
0.00353752
0.00593024
0.00754946
0.00811328
0.00780023
0.00699746
0.00663779
0.00739494
0.00880205
0.00938966
0.00916424
0.00857784
0.00777783
0.00690427
0.0059628
0.00486898
0.00364277
0.00238553
0.00102558
0.00124698
0.00333413
0.00556105
0.00765128
0.00876313
0.00873489
0.00799606
0.00759538
0.00819158
0.00955057
0.010064
0.00961128
0.00879318
0.0077025
0.00654846
0.00546667
0.00444904
0.00342567
0.00240625
0.00111062
0.00139003
0.00356806
0.00543267
0.00768665
0.00905447
0.00922608
0.00870306
0.00835469
0.00877962
0.010007
0.0104727
0.00996242
0.00915069
0.00804777
0.00680713
0.00559608
0.00450718
0.00354938
0.00260184
0.00120992
0.0015451
0.00422233
0.00630992
0.0079764
0.00905486
0.00932196
0.00914637
0.00901702
0.00931457
0.0102816
0.0105422
0.00991686
0.00918199
0.0083356
0.00741472
0.00645736
0.00543479
0.00423573
0.00298522
0.00131755
0.00167834
0.00431259
0.00628771
0.00722535
0.00788611
0.0082678
0.0085397
0.00882665
0.0091458
0.00966163
0.00928157
0.00847906
0.00784183
0.00731178
0.00678782
0.00621549
0.00556019
0.00453386
0.00311915
0.00140902
0.00170118
0.00190162
0.0020563
0.0021803
0.00228724
0.00239136
0.00250345
0.00261854
0.00271003
0.00275093
0.00260929
0.00244696
0.00230416
0.00218004
0.00206732
0.00195865
0.00184642
0.00172552
0.00158722
0.00141752
0.000802048
0.000919647
0.000981791
0.00100877
0.00103125
0.00105342
0.00108049
0.00112729
0.00117286
0.00121962
0.00123103
0.0012213
0.00119558
0.00115564
0.00111319
0.00106809
0.00101673
0.000955078
0.000875972
0.000761875
0.000904504
0.00235774
0.0033599
0.00393291
0.00410906
0.00396346
0.00375592
0.0034424
0.00279935
0.00332096
0.00442599
0.0055153
0.00552608
0.00521103
0.00481057
0.00428744
0.00362141
0.0028061
0.00186264
0.000818072
0.000983634
0.00309817
0.00472085
0.00569861
0.00602545
0.00594415
0.00569314
0.00507278
0.00412066
0.00489821
0.00667793
0.00767824
0.00766278
0.00725093
0.00656375
0.00569329
0.00462402
0.00340676
0.00214654
0.000879351
0.00105362
0.00352789
0.00560701
0.00686432
0.00733157
0.00731266
0.00708928
0.00635925
0.00531788
0.00630648
0.00838133
0.00893124
0.00866165
0.00807505
0.00725327
0.0062206
0.00500286
0.003663
0.00231854
0.000939575
0.00113357
0.00361336
0.00595072
0.00756221
0.00828027
0.00833038
0.00809574
0.00739494
0.006395
0.00754252
0.00962179
0.00969444
0.00912379
0.00829578
0.00728851
0.00617651
0.0049555
0.00366139
0.00240271
0.0010049
0.00124138
0.00360735
0.00588687
0.00785374
0.00889026
0.00905907
0.00880502
0.00819158
0.00733405
0.00856877
0.0104461
0.0101519
0.00937075
0.00834651
0.00714083
0.00590456
0.00470811
0.00356208
0.00248795
0.00108097
0.00137832
0.0039737
0.00604781
0.00809806
0.00920584
0.00939581
0.00922037
0.00877962
0.00815606
0.00937238
0.0109006
0.0103984
0.00958942
0.00855908
0.00732294
0.00603597
0.00481029
0.00372172
0.00271145
0.00116966
0.0015353
0.0045676
0.00672706
0.00824748
0.00913573
0.00939543
0.00943034
0.00931457
0.00902517
0.0100593
0.0110245
0.0102778
0.00945126
0.00857099
0.00759774
0.00657191
0.00551866
0.00437193
0.00306347
0.00126921
0.0016693
0.00449867
0.00634898
0.00725814
0.00788657
0.00832144
0.0087524
0.0091458
0.0092912
0.00994852
0.00985028
0.00879919
0.00796792
0.0073362
0.00674993
0.00612517
0.00543452
0.00460578
0.003122
0.00135893
0.00170055
0.00190526
0.00206554
0.00219513
0.00231359
0.00243685
0.00257401
0.00271003
0.00279567
0.00286668
0.00272641
0.00252542
0.00234956
0.00220218
0.00207273
0.00195151
0.00182948
0.00169939
0.001557
0.00138523
0.000771435
0.000884347
0.000955274
0.000998099
0.0010323
0.00106543
0.00110463
0.00116599
0.00121962
0.00121423
0.00122654
0.00123542
0.00120246
0.00114946
0.00109873
0.0010481
0.000993312
0.000930524
0.000853322
0.000745207
0.00086267
0.002147
0.00310456
0.00376466
0.00416185
0.00422891
0.00425037
0.00433314
0.00332096
0.00256244
0.00379896
0.00568409
0.00545586
0.00508409
0.00462546
0.00407844
0.00342722
0.00266061
0.00178043
0.000782943
0.000953227
0.00287022
0.00435137
0.00539411
0.00600586
0.00628225
0.00638307
0.00631281
0.00489821
0.00406258
0.00638068
0.00789856
0.00765271
0.00708109
0.00631106
0.00540977
0.00437619
0.00324238
0.00207461
0.000835768
0.00102921
0.00337829
0.00530824
0.00658907
0.00728622
0.00763649
0.0078069
0.00773537
0.00630648
0.00567194
0.00839012
0.00914134
0.00869742
0.00801795
0.00712911
0.00606562
0.00485984
0.00357731
0.00229605
0.000893636
0.00111026
0.00359318
0.0057932
0.00733289
0.00818266
0.00858666
0.0088316
0.00880206
0.00754253
0.00722416
0.00978598
0.00989565
0.00923557
0.00839949
0.00737367
0.00622597
0.00498665
0.00369238
0.00242799
0.000955579
0.00121805
0.0037133
0.0059497
0.00774275
0.00877135
0.00922782
0.00950904
0.00955057
0.00856877
0.00856898
0.0106646
0.0103269
0.00951252
0.00854769
0.00739254
0.00614678
0.00488579
0.00366428
0.0025289
0.00102671
0.0013565
0.00414102
0.00626827
0.00809304
0.00915134
0.00958217
0.00986015
0.010007
0.00937238
0.00961616
0.0111204
0.0105202
0.00968043
0.00871099
0.00754247
0.00626905
0.00498968
0.00379854
0.00274275
0.00111045
0.00151125
0.00461366
0.00679782
0.00824404
0.00912741
0.0095569
0.00993392
0.0102816
0.0100593
0.0104084
0.0112237
0.0103847
0.00950429
0.00861286
0.00763485
0.00657888
0.00547832
0.00435504
0.00302812
0.00120682
0.00164222
0.00437775
0.00626326
0.00718137
0.00782709
0.00833753
0.00894727
0.00966163
0.00994852
0.0102053
0.0100078
0.00883246
0.00794122
0.00728155
0.00667112
0.0060125
0.00528012
0.00446798
0.0030165
0.00129489
0.00167747
0.0018789
0.00203881
0.00217195
0.00229564
0.00242754
0.00258191
0.00275093
0.00286668
0.00287223
0.00273282
0.00251429
0.00232568
0.00216921
0.00203176
0.00190239
0.00177358
0.00163903
0.00149268
0.0013265
0.000743972
0.000857081
0.000938283
0.000994272
0.00103738
0.00107714
0.00112102
0.00117858
0.00123103
0.00122654
0.00122854
0.00123806
0.00119985
0.00115361
0.0011073
0.00105787
0.00100173
0.000935763
0.00085459
0.000741274
0.000805835
0.00193976
0.00288634
0.00364103
0.00416059
0.00436371
0.00454421
0.00484725
0.00442599
0.00379896
0.00434095
0.00548978
0.00531172
0.0049765
0.00454943
0.00403261
0.00340821
0.00266098
0.00177956
0.000762129
0.000883058
0.00249835
0.0038153
0.00492557
0.00575602
0.00630312
0.00670677
0.00701477
0.00667793
0.00638068
0.00705682
0.00771298
0.00736616
0.00676384
0.00603988
0.005195
0.0042239
0.00315056
0.00201543
0.000785276
0.000975027
0.00309912
0.00476876
0.00595163
0.00680003
0.00746405
0.00800263
0.00841335
0.00838133
0.00839012
0.00880329
0.00887012
0.00833609
0.00759337
0.00672208
0.005725
0.00462739
0.00346165
0.00225859
0.000833388
0.00106546
0.00340809
0.00535694
0.006747
0.00764413
0.00828983
0.00885956
0.00938966
0.00962179
0.00978598
0.00990694
0.00956144
0.00884191
0.0079772
0.00702963
0.00598647
0.00485789
0.00366784
0.00243885
0.000894189
0.00118228
0.00359765
0.00566653
0.00725784
0.0082675
0.00892864
0.0094793
0.010064
0.0104461
0.0106646
0.0105716
0.00997842
0.00915294
0.00821259
0.00717746
0.00605075
0.00487474
0.00369069
0.00252829
0.000967325
0.00132888
0.00403997
0.00608078
0.00772078
0.0087573
0.00938445
0.00991323
0.0104727
0.0109006
0.0111204
0.010903
0.0102028
0.00937364
0.00843302
0.00736861
0.00619795
0.00497968
0.00379191
0.00269486
0.00105658
0.00148294
0.00446196
0.00659722
0.00799042
0.00889799
0.00945545
0.00993532
0.0105422
0.0110245
0.0112237
0.0108967
0.0100797
0.00923139
0.00837966
0.00746369
0.00644754
0.00535273
0.00422677
0.00294558
0.00115738
0.00161355
0.00416384
0.00610034
0.007027
0.00766536
0.00813032
0.00862178
0.00928157
0.00985028
0.0100078
0.00936071
0.0084128
0.00770295
0.00713562
0.00656484
0.00591305
0.00516128
0.00432031
0.0029134
0.00125448
0.0016531
0.0018451
0.00199784
0.00212567
0.00223886
0.0023508
0.00247377
0.00260929
0.00272641
0.00273282
0.0025731
0.00239644
0.00224245
0.00210748
0.00198275
0.00186111
0.00173653
0.00160441
0.00146127
0.00129857
0.000736901
0.000856343
0.000944987
0.00100552
0.00105082
0.00109345
0.00113662
0.00118152
0.0012213
0.00123542
0.00123806
0.00122115
0.00119476
0.00116491
0.00113067
0.00108871
0.00103556
0.000967695
0.000879405
0.000750004
0.00078632
0.00189545
0.00288667
0.00370477
0.0042723
0.00454274
0.00480365
0.00522195
0.0055153
0.00568409
0.00548978
0.00537465
0.00520344
0.00495052
0.00461189
0.0041584
0.00356217
0.00280356
0.00186964
0.000771399
0.000818668
0.00212626
0.00340695
0.00460735
0.00559137
0.00629451
0.00684723
0.00735071
0.00767824
0.00789856
0.00771298
0.00742996
0.00699567
0.00649297
0.00588377
0.00512476
0.00419843
0.00312473
0.00196107
0.000779815
0.000899911
0.0025284
0.00388717
0.00510503
0.00616666
0.00707642
0.00786425
0.00850656
0.00893124
0.00914134
0.00887012
0.00839887
0.00776355
0.00704598
0.00625867
0.00535828
0.00433939
0.00323149
0.00207751
0.000801992
0.00100153
0.0029871
0.00458621
0.00577069
0.00668763
0.00756068
0.00842086
0.00916424
0.00969444
0.00989565
0.00956143
0.00892227
0.00810968
0.00724992
0.00637073
0.00543277
0.00442166
0.00335667
0.00225366
0.000854677
0.00113879
0.00325364
0.0050244
0.00638998
0.00735224
0.00811991
0.00889927
0.00961128
0.0101519
0.0103269
0.00997842
0.00928137
0.00839556
0.00745541
0.00650637
0.00553354
0.00452462
0.00349028
0.002402
0.000927725
0.00129496
0.00370446
0.00553998
0.00700933
0.00801414
0.00873633
0.00939216
0.00996242
0.0103984
0.0105202
0.0102028
0.00954868
0.0087169
0.00781807
0.00684883
0.00580311
0.00471384
0.00362799
0.00255656
0.00101903
0.00144776
0.00418094
0.00618232
0.00750723
0.00840452
0.00900299
0.00947555
0.00991686
0.0102778
0.0103847
0.0100797
0.00942034
0.00867476
0.00791972
0.00709474
0.00615616
0.00512045
0.00403671
0.00281633
0.00112213
0.00157933
0.00392599
0.005863
0.0067887
0.00741082
0.00781069
0.00812559
0.00847906
0.00879919
0.00883246
0.0084128
0.00783698
0.00733614
0.00687159
0.00635852
0.00574333
0.00501244
0.00417744
0.00282241
0.00122673
0.00162377
0.00180447
0.00194904
0.00207002
0.00217158
0.00226323
0.00235426
0.00244696
0.00252542
0.00251429
0.00239644
0.00226786
0.00214729
0.00203425
0.00192471
0.00181423
0.00169785
0.00157174
0.00143399
0.00127778
0.000746692
0.00086405
0.000960026
0.00102228
0.00106961
0.0011132
0.00115015
0.00117563
0.00119558
0.00120246
0.00119985
0.00119476
0.00118711
0.00117413
0.00115294
0.00112039
0.00107259
0.00100439
0.00090716
0.000760419
0.000793077
0.00207424
0.00312844
0.00396399
0.00451974
0.00481553
0.0050851
0.00539999
0.00552608
0.00545586
0.00531172
0.00520344
0.00510813
0.0049779
0.00475449
0.0043841
0.00382672
0.00305568
0.00205115
0.000789135
0.00081317
0.00207084
0.00339427
0.00464135
0.00566806
0.00640042
0.00694244
0.00738751
0.00766278
0.00765271
0.00736616
0.00699567
0.00666286
0.00631094
0.00585146
0.00520327
0.00432562
0.00323479
0.00201233
0.000795903
0.000841777
0.00204396
0.00329322
0.00456817
0.00575415
0.00676241
0.00759426
0.00825937
0.00866165
0.00869742
0.00833609
0.00776355
0.00715299
0.00655939
0.00591458
0.00513518
0.00418733
0.00310307
0.0019664
0.000811966
0.000943587
0.00231529
0.0034901
0.00462108
0.00569779
0.00673559
0.0077232
0.00857784
0.00912379
0.00923557
0.00884191
0.00810968
0.00729116
0.00649968
0.00572421
0.00489373
0.00397936
0.00299921
0.00199775
0.000847542
0.00109494
0.00272001
0.004097
0.00522434
0.00611502
0.0069959
0.00792725
0.00879318
0.00937075
0.00951252
0.00915294
0.00839555
0.00748815
0.00656838
0.00567878
0.00479855
0.00390784
0.00301443
0.00211693
0.000914043
0.0012582
0.0032258
0.00475527
0.00603729
0.0069936
0.00776152
0.00848434
0.00915069
0.00958942
0.00968043
0.00937364
0.0087169
0.00790131
0.00702781
0.00612756
0.00517708
0.00420766
0.00326835
0.00232558
0.0010026
0.00140759
0.00383956
0.00559459
0.00683188
0.00770816
0.00832162
0.00879163
0.00918199
0.00945126
0.00950429
0.00923139
0.00867476
0.00803461
0.00736582
0.00662552
0.0057715
0.00481217
0.00378753
0.00261846
0.00110276
0.00153991
0.00365547
0.00554448
0.00645771
0.00707151
0.00744461
0.00767063
0.00784183
0.00796792
0.00794122
0.00770295
0.00733614
0.00694497
0.0065379
0.00607333
0.00550968
0.0048308
0.00402913
0.00270321
0.00120973
0.00159033
0.00175882
0.00189486
0.002009
0.00210058
0.00217631
0.0022435
0.00230416
0.00234956
0.00232568
0.00224245
0.00214729
0.00205116
0.00195626
0.00186137
0.00176336
0.00165767
0.00154093
0.00141105
0.00126266
0.000762715
0.000867194
0.000966262
0.00103777
0.00109186
0.00113196
0.00115634
0.00116248
0.00115564
0.00114946
0.00115361
0.00116491
0.00117413
0.00117541
0.00116545
0.00114158
0.00109968
0.00103228
0.000923213
0.000768391
0.000805413
0.00235506
0.0034691
0.00428434
0.00480733
0.00509364
0.00525616
0.0052785
0.00521103
0.00508409
0.0049765
0.00495052
0.0049779
0.00498636
0.00489407
0.00462936
0.00413842
0.00338163
0.00231314
0.00080527
0.000825163
0.00229746
0.00370486
0.00493141
0.00588939
0.00653709
0.00694262
0.00717879
0.00725093
0.00708109
0.00676384
0.00649297
0.00631094
0.00614244
0.00586949
0.00537688
0.00459117
0.00350504
0.00219162
0.00081289
0.000842599
0.00199969
0.0032543
0.00451786
0.00566305
0.00658838
0.00728914
0.00779465
0.00807505
0.00801795
0.00759337
0.00704598
0.00655939
0.00614405
0.00569496
0.00508667
0.00424618
0.00318676
0.00200809
0.00082835
0.000910181
0.00191477
0.00292772
0.00400084
0.00507046
0.00608624
0.00700281
0.00777783
0.00829578
0.00839949
0.0079772
0.00724992
0.00649968
0.00584013
0.00523145
0.004571
0.0037867
0.00287693
0.00190569
0.000862629
0.00105856
0.00220549
0.00311773
0.00400942
0.00492882
0.0058678
0.00681582
0.0077025
0.00834651
0.00854769
0.00821259
0.00745541
0.00656838
0.00571785
0.00495621
0.00423071
0.00349031
0.00271209
0.00191081
0.000920092
0.0012224
0.00274384
0.00391792
0.00498326
0.00586669
0.00663268
0.00735699
0.00804777
0.00855908
0.00871098
0.00843302
0.00781807
0.00702781
0.00618244
0.00532328
0.00445696
0.00363931
0.00286175
0.00208501
0.00100071
0.0013695
0.00336976
0.00489611
0.00605566
0.00691397
0.00753015
0.00798409
0.0083356
0.00857099
0.00861286
0.00837966
0.00791972
0.00736582
0.0067809
0.00613065
0.00535951
0.00441672
0.00339873
0.00237826
0.00109452
0.00149631
0.00333655
0.00508061
0.00605142
0.00666334
0.00703158
0.00722427
0.00731178
0.0073362
0.00728155
0.00713562
0.00687159
0.0065379
0.00617376
0.00575932
0.00525303
0.00462351
0.00371486
0.00251544
0.0011986
0.00155339
0.00170962
0.00183767
0.00194418
0.0020277
0.00209151
0.0021416
0.00218004
0.00220218
0.00216921
0.00210748
0.00203425
0.00195626
0.00187687
0.00179602
0.0017108
0.00161678
0.00151175
0.00139055
0.00125025
0.000773785
0.000879121
0.000973254
0.00105474
0.00111302
0.0011453
0.0011518
0.00113708
0.00111319
0.00109873
0.0011073
0.00113067
0.00115294
0.00116545
0.00116388
0.00114587
0.00110763
0.00103994
0.000921443
0.000768909
0.000815334
0.00250685
0.00370904
0.00449968
0.00495578
0.00514693
0.00514607
0.00500883
0.00481057
0.00462546
0.00454943
0.00461189
0.00475449
0.00489407
0.00493692
0.00479465
0.00439818
0.00369342
0.00259514
0.000814789
0.000836134
0.0026661
0.00412348
0.00524895
0.00603482
0.00649409
0.00668548
0.00668838
0.00656375
0.00631106
0.00603988
0.00588377
0.00585146
0.00586949
0.00580739
0.00551992
0.00489305
0.00387325
0.00247784
0.000823428
0.000847086
0.00220009
0.00352793
0.00472212
0.0056961
0.00640853
0.00687673
0.00714907
0.00725327
0.00712911
0.00672208
0.00625867
0.00591458
0.00569496
0.00547765
0.00510027
0.00443622
0.00344228
0.00218448
0.000832922
0.000900414
0.00189209
0.00289519
0.00389729
0.00483301
0.00565658
0.00634353
0.00690427
0.00728851
0.00737367
0.00702963
0.00637073
0.00572421
0.00523145
0.00484012
0.00440044
0.00379083
0.00296141
0.0019569
0.000863233
0.00103017
0.00191956
0.00267658
0.00345099
0.00422773
0.00500927
0.00579723
0.00654846
0.00714083
0.00739254
0.00717746
0.00650637
0.00567878
0.00495621
0.0043827
0.00385756
0.00327877
0.00259633
0.00182467
0.00092087
0.00118654
0.00233021
0.00317568
0.00396407
0.00472724
0.00546102
0.00615444
0.00680713
0.00732294
0.00754247
0.00736861
0.00684883
0.00612756
0.00532328
0.00457708
0.00389071
0.00321151
0.00253184
0.00185921
0.000996791
0.00132845
0.00286376
0.00409818
0.00521989
0.00608476
0.00669424
0.00711917
0.00741472
0.00759774
0.00763485
0.00746369
0.00709474
0.00662552
0.00613065
0.00555554
0.00476939
0.00383388
0.00291918
0.00208422
0.0010846
0.00144862
0.00296438
0.00446525
0.00558955
0.00620804
0.0065735
0.00674711
0.00678782
0.00674993
0.00667112
0.00656484
0.00635852
0.00607333
0.00575932
0.00539999
0.00494223
0.00424323
0.0032833
0.00224963
0.00118423
0.00151292
0.00165706
0.00177764
0.00187588
0.00195259
0.00200745
0.00204491
0.00206732
0.00207273
0.00203176
0.00198275
0.00192471
0.00186137
0.00179602
0.0017286
0.00165587
0.00157411
0.00148045
0.00136827
0.00123567
0.000779371
0.000884801
0.000978957
0.00106424
0.00111656
0.00113569
0.00112752
0.00110072
0.00106809
0.0010481
0.00105787
0.00108871
0.00112039
0.00114158
0.00114587
0.00113007
0.00109111
0.00101936
0.000898483
0.000760877
0.000826656
0.00249375
0.00372226
0.00448751
0.00485267
0.00493221
0.00480692
0.00455954
0.00428744
0.00407844
0.00403261
0.0041584
0.0043841
0.00462936
0.00479465
0.00477356
0.00447952
0.00384579
0.00275927
0.000811729
0.000839188
0.00296604
0.00439698
0.00535742
0.00592197
0.00614965
0.00612331
0.00594245
0.00569329
0.00540977
0.005195
0.00512476
0.00520327
0.00537688
0.00551992
0.00546494
0.00505559
0.00418422
0.00278462
0.000827297
0.000843161
0.0025131
0.00386777
0.00489744
0.00560697
0.00602731
0.00622221
0.00626981
0.0062206
0.00606562
0.005725
0.00535828
0.00513518
0.00508667
0.00510027
0.00499549
0.00458951
0.00375087
0.00245093
0.000825889
0.000881103
0.00201947
0.00306644
0.00396526
0.00468555
0.00523438
0.00564681
0.0059628
0.00617651
0.00622597
0.00598647
0.00543277
0.00489373
0.004571
0.00440044
0.00421551
0.0038502
0.00316768
0.00212614
0.000838815
0.000995749
0.00182024
0.00255541
0.00323988
0.00386219
0.00442869
0.00496174
0.00546667
0.00590456
0.00614678
0.00605075
0.00553354
0.00479855
0.00423071
0.00385756
0.0035409
0.00316579
0.00262547
0.00185905
0.000883409
0.00114501
0.0019971
0.00263523
0.00325758
0.00387442
0.00446845
0.00505093
0.00559608
0.00603597
0.00626905
0.00619795
0.00580311
0.00517708
0.00445696
0.00389071
0.00336287
0.00284096
0.002303
0.00171093
0.000963889
0.00128145
0.00237923
0.00328485
0.00421176
0.00507919
0.00576828
0.00621235
0.00645736
0.00657191
0.00657888
0.00644754
0.00615616
0.0057715
0.00535951
0.00476939
0.00398845
0.00315942
0.00239893
0.00176571
0.00105248
0.00139517
0.00254176
0.0037271
0.00484202
0.0056576
0.00604877
0.00621132
0.00621549
0.00612517
0.0060125
0.00591305
0.00574333
0.00550968
0.00525303
0.00494223
0.0044254
0.00363834
0.00272871
0.00191007
0.00115054
0.00146753
0.00159962
0.00171254
0.00180283
0.00187199
0.00192024
0.00194819
0.00195865
0.00195151
0.00190239
0.00186111
0.00181423
0.00176336
0.0017108
0.00165587
0.00159549
0.00152583
0.00144173
0.00133722
0.00120984
0.000776232
0.000879386
0.000973247
0.00105057
0.00109217
0.00110054
0.00108397
0.0010524
0.00101673
0.000993312
0.00100173
0.00103556
0.00107259
0.00109968
0.00110763
0.00109111
0.00104772
0.00097043
0.000859964
0.000745642
0.000827093
0.00243514
0.00354925
0.00419029
0.0044493
0.00442456
0.00421
0.00390955
0.00362141
0.00342722
0.00340821
0.00356217
0.00382672
0.00413842
0.00439818
0.00447952
0.00427362
0.0037046
0.00266431
0.000792273
0.000830772
0.00302332
0.00431528
0.00506552
0.00539682
0.00540675
0.00520727
0.00491518
0.00462402
0.00437619
0.0042239
0.00419843
0.00432562
0.00459117
0.00489305
0.00505559
0.00488152
0.00421365
0.00291988
0.000817173
0.000829604
0.0027463
0.00399593
0.00476466
0.00516483
0.00529433
0.00525397
0.00513651
0.00500286
0.00485984
0.00462739
0.00433939
0.00418733
0.00424618
0.00443622
0.00458951
0.00448445
0.00389706
0.00267402
0.000816066
0.000843504
0.00221079
0.00323717
0.00393303
0.00436376
0.00461411
0.00476306
0.00486898
0.0049555
0.00498665
0.00485789
0.00442166
0.00397936
0.0037867
0.00379083
0.0038502
0.00377801
0.00333562
0.00233367
0.000808227
0.000929053
0.00182769
0.00254957
0.00310033
0.00352014
0.00386164
0.00416479
0.00444904
0.00470811
0.00488579
0.00487474
0.00452462
0.00390784
0.00349031
0.00327877
0.00316579
0.00304626
0.00272989
0.00199805
0.000818314
0.0010817
0.00174791
0.00227115
0.00276965
0.00325637
0.00371979
0.00414274
0.00450718
0.00481029
0.00498968
0.00497968
0.00471384
0.00420766
0.00363931
0.00321151
0.00284096
0.00253388
0.00222156
0.0017141
0.000872337
0.0012186
0.00193987
0.00254468
0.00323417
0.00396597
0.0046261
0.00513401
0.00543479
0.00551866
0.00547832
0.00535273
0.00512045
0.00481217
0.00441672
0.00383388
0.00315942
0.0025097
0.00201133
0.00156498
0.00096721
0.00132938
0.00209293
0.0029081
0.00383376
0.00466877
0.00524406
0.00556063
0.00556019
0.00543452
0.00528012
0.00516128
0.00501244
0.0048308
0.00462351
0.00424323
0.00363834
0.00287333
0.00213809
0.00158043
0.00107186
0.00141202
0.00153267
0.00163822
0.00172249
0.00178491
0.00182468
0.00184422
0.00184642
0.00182948
0.00177357
0.00173653
0.00169785
0.00165767
0.00161678
0.00157411
0.00152583
0.00146564
0.00138808
0.00128494
0.00115321
0.000761911
0.000856602
0.000942749
0.00100694
0.00103785
0.00103928
0.00102
0.000989239
0.000955078
0.000930524
0.000935763
0.000967695
0.00100439
0.00103228
0.00103994
0.00101936
0.00097043
0.000897704
0.000809846
0.000723017
0.000810868
0.00221578
0.00308787
0.00355032
0.00368332
0.00357548
0.00332957
0.0030474
0.0028061
0.00266061
0.00266098
0.00280356
0.00305568
0.00338163
0.00369342
0.00384579
0.0037046
0.0031997
0.00229115
0.000758229
0.000811322
0.00271272
0.00373745
0.00424351
0.00436196
0.0042184
0.00394371
0.00364916
0.00340676
0.00324238
0.00315056
0.00312473
0.00323479
0.00350504
0.00387325
0.00418422
0.00421365
0.00376988
0.00270992
0.000783338
0.000801408
0.00265758
0.00363471
0.00410076
0.00422283
0.00413992
0.00396981
0.00379586
0.003663
0.00357731
0.00346165
0.00323149
0.00310307
0.00318676
0.00344228
0.00375087
0.00389706
0.00360111
0.00262094
0.000789539
0.000799494
0.00226611
0.00312111
0.00353243
0.00366745
0.00367378
0.00365033
0.00364277
0.00366139
0.00369238
0.00366784
0.00335667
0.00299921
0.00287693
0.00296141
0.00316768
0.00333562
0.00317459
0.00236756
0.000781264
0.000845626
0.00186239
0.00250114
0.00283068
0.00300029
0.0031319
0.00327533
0.00342567
0.00356208
0.00366428
0.00369069
0.00349028
0.00301443
0.00271209
0.00259633
0.00262547
0.00272989
0.00266831
0.00207159
0.000768353
0.000971843
0.00161406
0.00205075
0.00235802
0.00265168
0.00297199
0.00328989
0.00354938
0.00372172
0.00379854
0.00379191
0.00362799
0.00326835
0.00286175
0.00253184
0.002303
0.00222156
0.00217043
0.00177951
0.000770612
0.00111783
0.00159837
0.00197837
0.002412
0.00294195
0.00348674
0.00394264
0.00423573
0.00437193
0.00435504
0.00422677
0.00403671
0.00378753
0.00339873
0.00291918
0.00239893
0.00201133
0.00180727
0.00152857
0.000819135
0.00123475
0.00168582
0.00214452
0.0027652
0.00345719
0.00402552
0.00438795
0.00453386
0.00460578
0.00446798
0.00432031
0.00417744
0.00402913
0.00371486
0.0032833
0.00272871
0.00213809
0.00169237
0.00136905
0.000914027
0.00133029
0.00144292
0.00154564
0.00162624
0.00168446
0.00171918
0.00173209
0.00172552
0.00169939
0.00163903
0.00160441
0.00157174
0.00154093
0.00151175
0.00148045
0.00144173
0.00138808
0.00130887
0.00118272
0.00102311
0.000736402
0.000813102
0.000880084
0.0009264
0.000946921
0.000945143
0.000928612
0.000904071
0.000875972
0.000853322
0.00085459
0.000879405
0.00090716
0.000923213
0.000921443
0.000898483
0.000859964
0.000809846
0.000751235
0.000691435
0.000773296
0.001715
0.00221521
0.00244862
0.00246832
0.00234756
0.00217124
0.00199966
0.00186264
0.00178043
0.00177956
0.00186964
0.00205115
0.00231314
0.00259514
0.00275927
0.00266431
0.00229115
0.00170246
0.000710596
0.000773218
0.0019987
0.00256091
0.00280092
0.002791
0.00263477
0.00243949
0.00226856
0.00214654
0.00207461
0.00201543
0.00196107
0.00201233
0.00219162
0.00247784
0.00278462
0.00291988
0.00270992
0.00206605
0.00072723
0.000753528
0.00204036
0.00258605
0.00277969
0.0027495
0.00262023
0.00248267
0.00237966
0.00231854
0.00229605
0.00225859
0.00207751
0.0019664
0.00200809
0.00218448
0.00245093
0.00267402
0.00262094
0.00207416
0.000734386
0.000745515
0.00188382
0.00238643
0.00253677
0.00250472
0.00242971
0.00238712
0.00238553
0.00240271
0.00242799
0.00243885
0.00225366
0.00199775
0.00190569
0.0019569
0.00212614
0.00233367
0.00236756
0.00193842
0.000732089
0.000760676
0.00165796
0.00207198
0.00217983
0.00217897
0.0022069
0.00229677
0.00240625
0.00248795
0.0025289
0.00252829
0.002402
0.00211693
0.00191081
0.00182467
0.00185905
0.00199805
0.00207159
0.00175801
0.000722219
0.000825083
0.00145806
0.00176076
0.00186454
0.00197237
0.00216494
0.00240838
0.00260184
0.00271145
0.00274275
0.00269486
0.00255656
0.00232558
0.00208501
0.00185921
0.00171093
0.0017141
0.00177951
0.00157378
0.000709336
0.000951158
0.00135181
0.00159016
0.00177773
0.00206126
0.00242676
0.00276718
0.00298522
0.00306347
0.00302812
0.00294558
0.00281633
0.00261846
0.00237826
0.00208422
0.00176571
0.00156498
0.00152857
0.00139385
0.000705084
0.00107633
0.00135102
0.00159233
0.00189645
0.00231037
0.00271618
0.00299807
0.00311915
0.003122
0.0030165
0.0029134
0.00282241
0.00270321
0.00251544
0.00224963
0.00191007
0.00158043
0.00136905
0.00120559
0.000731292
0.0011821
0.00128784
0.00141072
0.00149929
0.00155712
0.00158889
0.00159807
0.00158722
0.001557
0.00149268
0.00146127
0.00143399
0.00141105
0.00139055
0.00136827
0.00133722
0.00128494
0.00118272
0.000987866
0.000800119
0.000702326
0.000747267
0.000776281
0.000792116
0.000797538
0.000794871
0.000787618
0.000777318
0.000761875
0.000745207
0.000741274
0.000750004
0.000760419
0.000768391
0.000768909
0.000760877
0.000745642
0.000723017
0.000691435
0.000654704
0.000705935
0.000770787
0.000815086
0.000834683
0.000838184
0.000836678
0.000838343
0.000836521
0.000818072
0.000782943
0.000762129
0.000771399
0.000789135
0.00080527
0.000814789
0.000811729
0.000792273
0.000758229
0.000710596
0.000651866
0.000701275
0.000772441
0.000820959
0.000845196
0.000857052
0.000871796
0.000890084
0.000896532
0.000879351
0.000835768
0.000785276
0.000779815
0.000795903
0.00081289
0.000823428
0.000827297
0.000817173
0.000783338
0.00072723
0.000652073
0.000687114
0.000762698
0.00081415
0.000843936
0.000872082
0.00090901
0.000942845
0.000956189
0.000939575
0.000893636
0.000833388
0.000801992
0.000811966
0.00082835
0.000832922
0.000825889
0.000816066
0.000789539
0.000734386
0.000654671
0.000679099
0.000750676
0.000799504
0.000841727
0.00089725
0.000961195
0.0010097
0.00102558
0.0010049
0.000955579
0.000894189
0.000854677
0.000847542
0.000862629
0.000863233
0.000838815
0.000808227
0.000781264
0.000732089
0.000656594
0.000682218
0.000741157
0.000793505
0.000862373
0.000956001
0.00104485
0.00109952
0.00111062
0.00108097
0.00102671
0.000967325
0.000927725
0.000914043
0.000920092
0.00092087
0.000883409
0.000818314
0.000768353
0.000722219
0.000655991
0.000701678
0.000749112
0.00081734
0.000929841
0.00105965
0.00115888
0.00120793
0.00120992
0.00116966
0.00111045
0.00105658
0.00101903
0.0010026
0.00100071
0.00099679
0.000963889
0.000872337
0.000770612
0.000709336
0.000651117
0.000752752
0.000789025
0.000891254
0.00105191
0.00119623
0.0012896
0.0013252
0.00131755
0.00126921
0.00120682
0.00115738
0.00112213
0.00110276
0.00109452
0.0010846
0.00105248
0.00096721
0.000819135
0.000705084
0.000642938
0.000832471
0.0008728
0.00102838
0.00121018
0.00133242
0.00139914
0.0014214
0.00140902
0.00135893
0.00129489
0.00125448
0.00122673
0.00120973
0.0011986
0.00118423
0.00115054
0.00107186
0.000914027
0.000731292
0.000640719
0.00091921
0.000991024
0.00117649
0.00131191
0.0013852
0.00141924
0.00142796
0.00141752
0.00138523
0.0013265
0.00129857
0.00127778
0.00126266
0.00125025
0.00123567
0.00120984
0.00115321
0.00102311
0.000800119
0.000644505
)
;

boundaryField
{
    floor
    {
        type            mutkWallFunction;
        Cmu             0.09;
        kappa           0.41;
        E               9.8;
        value           nonuniform List<scalar> 
400
(
8.01822e-05
8.54435e-05
9.00999e-05
9.39086e-05
9.68607e-05
9.94019e-05
0.000101213
0.000101728
0.000100438
9.73572e-05
9.41739e-05
9.2887e-05
9.35894e-05
9.54107e-05
9.65765e-05
9.72473e-05
9.69738e-05
9.52848e-05
9.20786e-05
8.76846e-05
8.54435e-05
9.23139e-05
9.83394e-05
0.000104588
0.000110004
0.000115225
0.000117991
0.00011812
0.000115969
0.000112286
0.000109188
0.000108928
0.000109995
0.000109427
0.000110084
0.000110616
0.000110057
0.000107355
0.000101919
9.36306e-05
9.00999e-05
9.83393e-05
0.000101655
0.000107231
0.000114253
0.000119778
0.000124201
0.000125568
0.000124233
0.000121473
0.000119558
0.000120248
0.000122111
0.000122481
0.00012196
0.00012226
0.000121425
0.000117732
0.00010998
9.74581e-05
9.39086e-05
0.000104588
0.000107231
0.000107728
0.000113589
0.000120664
0.000125429
0.000127499
0.000127929
0.000126951
0.000126563
0.000127816
0.000129641
0.0001308
0.000131813
0.000132684
0.000131182
0.000125964
0.000115966
9.96016e-05
9.68607e-05
0.000110004
0.000114253
0.000113589
0.000111585
0.000118022
0.000125054
0.000128961
0.0001304
0.000130671
0.000131255
0.000132643
0.00013446
0.00013656
0.000138922
0.000139581
0.000136877
0.000130316
0.000118985
0.000100476
9.94019e-05
0.000115225
0.000119778
0.000120664
0.000118022
0.000115545
0.000122544
0.000129414
0.000132801
0.000134277
0.000135512
0.000137145
0.000139193
0.000141402
0.00014322
0.000142474
0.000138434
0.000130947
0.00011917
0.000100271
0.000101213
0.000117991
0.000124201
0.000125429
0.000125054
0.000122544
0.000121941
0.000129496
0.000135574
0.000138425
0.000140181
0.000141883
0.000143528
0.000144519
0.0001445
0.000141931
0.000136775
0.000128871
0.000117363
9.93184e-05
0.000101728
0.00011812
0.000125568
0.000127499
0.000128961
0.000129414
0.000129496
0.000132741
0.00014052
0.00014517
0.000146692
0.000147226
0.000146811
0.000145702
0.000143117
0.000138981
0.000133164
0.000125309
0.000114521
9.79688e-05
0.000100438
0.000115969
0.000124233
0.000127929
0.0001304
0.000132801
0.000135574
0.00014052
0.000145798
0.000151502
0.000153138
0.000152257
0.000149441
0.000145164
0.000140435
0.000135212
0.000129038
0.000121404
0.000111376
9.62512e-05
9.73572e-05
0.000112286
0.000121473
0.000126951
0.000130671
0.000134277
0.000138425
0.00014517
0.000151502
7.57555e-05
7.64561e-05
0.000154021
0.000150351
0.000144393
0.000138642
0.000132787
0.00012629
0.000118641
0.000108937
9.45014e-05
9.41739e-05
0.000109188
0.000119558
0.000126563
0.000131255
0.000135512
0.000140181
0.000146692
0.000153138
7.64561e-05
7.65169e-05
0.000154232
0.000149945
0.000144699
0.000139409
0.000133685
0.000127071
0.000119134
0.00010905
9.40085e-05
9.2887e-05
0.000108928
0.000120248
0.000127816
0.000132643
0.000137145
0.000141883
0.000147226
0.000152257
0.000154021
0.000154232
0.000152317
0.000149317
0.000145934
0.000142028
0.000137175
0.000130927
0.000122802
0.000111926
9.51224e-05
9.35894e-05
0.000109995
0.000122111
0.000129641
0.00013446
0.000139193
0.000143528
0.000146811
0.000149441
0.000150351
0.000149945
0.000149317
0.000148459
0.000147012
0.000144622
0.000140887
0.000135289
0.000127116
0.000115014
9.65669e-05
9.54107e-05
0.000109427
0.000122481
0.0001308
0.00013656
0.000141402
0.000144519
0.000145702
0.000145164
0.000144393
0.000144699
0.000145934
0.000147012
0.000147187
0.00014606
0.000143317
0.0001384
0.000130251
0.000116597
9.75804e-05
9.65765e-05
0.000110084
0.00012196
0.000131813
0.000138922
0.00014322
0.0001445
0.000143117
0.000140435
0.000138642
0.000139409
0.000142028
0.000144622
0.00014606
0.000145793
0.000143587
0.000138966
0.000130564
0.000115899
9.76021e-05
9.72473e-05
0.000110616
0.00012226
0.000132684
0.000139581
0.000142474
0.000141931
0.000138981
0.000135212
0.000132787
0.000133685
0.000137175
0.000140887
0.000143317
0.000143587
0.00014138
0.000136403
0.000127349
0.000112868
9.65814e-05
9.69738e-05
0.000110057
0.000121425
0.000131182
0.000136877
0.000138434
0.000136775
0.000133164
0.000129038
0.00012629
0.000127071
0.000130927
0.000135289
0.0001384
0.000138966
0.000136403
0.000130646
0.000121232
0.000108166
9.46429e-05
9.52848e-05
0.000107355
0.000117732
0.000125964
0.000130316
0.000130947
0.000128871
0.000125309
0.000121404
0.000118641
0.000119134
0.000122802
0.000127116
0.000130251
0.000130564
0.000127349
0.000121232
0.000112766
0.00010243
9.17758e-05
9.20786e-05
0.000101919
0.00010998
0.000115966
0.000118985
0.00011917
0.000117363
0.000114521
0.000111376
0.000108937
0.00010905
0.000111926
0.000115014
0.000116597
0.000115899
0.000112868
0.000108166
0.00010243
9.54902e-05
8.75728e-05
8.76846e-05
9.36306e-05
9.74581e-05
9.96016e-05
0.000100476
0.000100271
9.93184e-05
9.79688e-05
9.62512e-05
9.45014e-05
9.40085e-05
9.51224e-05
9.65669e-05
9.75804e-05
9.76021e-05
9.65814e-05
9.46429e-05
9.17758e-05
8.75728e-05
8.2504e-05
)
;
    }
    ceiling
    {
        type            mutkWallFunction;
        Cmu             0.09;
        kappa           0.41;
        E               9.8;
        value           nonuniform List<scalar> 
400
(
8.50415e-05
0.000113354
0.000150834
0.000176644
0.000191141
0.00019942
0.000204206
0.00020663
0.000206734
0.000204003
0.000201099
0.000197589
0.000193564
0.000189046
0.00018389
0.000177528
0.00016849
0.000153954
0.000130866
0.000100724
0.000113354
0.000148332
0.000180457
0.000200591
0.000213251
0.000221565
0.000226802
0.000229787
0.000230276
0.000227167
0.000223218
0.000218473
0.000213121
0.000207278
0.000200843
0.000193321
0.000183402
0.000168102
0.000142692
0.00010693
0.000150834
0.000180457
0.000203401
0.000219198
0.000230606
0.000238691
0.000243961
0.000247459
0.000248469
0.000245302
0.000240577
0.000234973
0.000228737
0.000222082
0.000214923
0.00020682
0.00019687
0.000183113
0.000161447
0.000127664
0.000176644
0.000200591
0.000219198
0.000233303
0.000244156
0.000252488
0.000258004
0.000261519
0.000263034
0.00026023
0.000254938
0.000248627
0.000241703
0.000234293
0.000226325
0.000217586
0.00020752
0.000194771
0.000176658
0.000148757
0.000191141
0.000213251
0.000230606
0.000244156
0.00025527
0.00026332
0.000269172
0.000273475
0.000276131
0.00027387
0.000267459
0.000259924
0.000251977
0.000243781
0.000235233
0.000225799
0.000215386
0.000202968
0.000186625
0.000163102
0.00019942
0.000221565
0.000238691
0.000252488
0.00026332
0.000271782
0.000278733
0.000284793
0.000289418
0.000288085
0.000279572
0.000269891
0.000260277
0.000250866
0.000241461
0.000231554
0.000220448
0.000207924
0.000192179
0.000170765
0.000204206
0.000226802
0.000243961
0.000258004
0.000269172
0.000278733
0.000287801
0.000296644
0.000303881
0.00030442
0.000292634
0.00027959
0.000267455
0.000256244
0.000245542
0.000234732
0.000222911
0.000209959
0.000194281
0.00017378
0.00020663
0.000229787
0.000247459
0.000261519
0.000273475
0.000284793
0.000296644
0.000308585
0.000317974
0.000322114
0.000306865
0.000289336
0.000273811
0.000260229
0.000247817
0.000235758
0.000223188
0.000209445
0.000193548
0.000173552
0.000206734
0.000230276
0.000248469
0.000263034
0.000276131
0.000289418
0.000303881
0.000317974
0.000326712
0.000334219
0.000319046
0.00029748
0.000278473
0.000262409
0.000248188
0.000234744
0.000221116
0.000206445
0.000190225
0.000170239
0.000204003
0.000227167
0.000245302
0.00026023
0.00027387
0.000288085
0.00030442
0.000322114
0.000334219
0.000334951
0.000319425
0.000295922
0.00027553
0.000258452
0.000243319
0.000228986
0.000214632
0.000199524
0.000182862
0.000163485
0.000201099
0.000223218
0.000240577
0.000254938
0.000267459
0.000279572
0.000292634
0.000306865
0.000319046
0.000319425
0.000302137
0.000283035
0.000266279
0.000251491
0.000237736
0.000224225
0.000210266
0.000195359
0.000179018
0.000160127
0.000197589
0.000218473
0.000234973
0.000248627
0.000259924
0.000269891
0.00027959
0.000289336
0.00029748
0.000295922
0.000283035
0.000268973
0.000255745
0.000243306
0.000231203
0.000218902
0.000205813
0.000191525
0.000175753
0.000157627
0.000193564
0.000213121
0.000228737
0.000241703
0.000251977
0.000260277
0.000267455
0.000273811
0.000278473
0.00027553
0.000266279
0.000255745
0.000245115
0.00023463
0.000224115
0.00021316
0.000201219
0.000187908
0.000173005
0.000155741
0.000189046
0.000207278
0.000222082
0.000234293
0.000243781
0.000250866
0.000256244
0.000260229
0.000262409
0.000258452
0.000251491
0.000243306
0.00023463
0.000225824
0.000216823
0.000207226
0.000196482
0.000184368
0.000170334
0.000153864
0.00018389
0.000200843
0.000214923
0.000226325
0.000235233
0.000241461
0.000245542
0.000247817
0.000248188
0.000243319
0.000237736
0.000231203
0.000224115
0.000216823
0.000209239
0.000200882
0.000191297
0.000180235
0.000166886
0.000150915
0.000177528
0.000193321
0.00020682
0.000217586
0.000225799
0.000231554
0.000234732
0.000235758
0.000234744
0.000228986
0.000224225
0.000218902
0.00021316
0.000207226
0.000200882
0.000193652
0.000185098
0.000174556
0.000161132
0.000144875
0.00016849
0.000183402
0.00019687
0.00020752
0.000215386
0.000220448
0.000222911
0.000223188
0.000221116
0.000214632
0.000210266
0.000205813
0.000201219
0.000196482
0.000191297
0.000185098
0.000176966
0.000165861
0.000150409
0.000132507
0.000153954
0.000168102
0.000183113
0.000194771
0.000202968
0.000207924
0.000209959
0.000209445
0.000206445
0.000199524
0.000195359
0.000191525
0.000187908
0.000184368
0.000180235
0.000174556
0.000165861
0.000152022
0.000131588
0.000111753
0.000130866
0.000142692
0.000161447
0.000176658
0.000186625
0.000192179
0.000194281
0.000193548
0.000190225
0.000182862
0.000179018
0.000175753
0.000173005
0.000170334
0.000166886
0.000161132
0.000150409
0.000131588
0.000106846
8.93164e-05
0.000100724
0.00010693
0.000127664
0.000148757
0.000163102
0.000170765
0.00017378
0.000173552
0.000170239
0.000163485
0.000160127
0.000157627
0.000155741
0.000153864
0.000150915
0.000144875
0.000132507
0.000111753
8.93164e-05
7.74722e-05
)
;
    }
    fixedWalls
    {
        type            mutkWallFunction;
        Cmu             0.09;
        kappa           0.41;
        E               9.8;
        value           nonuniform List<scalar> 
800
(
8.01442e-05
8.0235e-05
8.06928e-05
8.15806e-05
8.23575e-05
8.26684e-05
8.25094e-05
8.17353e-05
8.15656e-05
8.50116e-05
8.54042e-05
8.68453e-05
8.89544e-05
9.15995e-05
9.39229e-05
9.48129e-05
9.35463e-05
9.2726e-05
9.80036e-05
0.00011331
9.006e-05
9.1689e-05
9.46455e-05
9.87231e-05
0.000102549
0.000103204
0.000103298
0.000110319
0.000128367
0.000150758
9.3868e-05
9.65907e-05
9.98718e-05
0.000105961
0.000109728
0.000111491
0.000119084
0.00013671
0.000158066
0.000176538
9.68189e-05
0.000101722
0.000107176
0.000113116
0.00011703
0.00012359
0.000138243
0.000158857
0.000178615
0.000191017
9.93586e-05
0.000106758
0.000113712
0.000119498
0.000125594
0.000136487
0.000153879
0.000173461
0.000191858
0.000199287
0.000101168
0.000110844
0.000118495
0.000125241
0.000133527
0.000146537
0.0001641
0.000182681
0.000199597
0.000204069
0.000101682
0.000112922
0.00012145
0.000129209
0.000138599
0.000151879
0.00016872
0.000187162
0.000203224
0.00020649
0.000100392
0.000112383
0.000121874
0.000130328
0.000139934
0.000152665
0.000168687
0.000186929
0.000202717
0.000206593
9.73125e-05
0.00010832
0.000118969
0.000128185
0.000138053
0.000150703
0.000166569
0.000184448
0.000199691
0.000203863
9.41323e-05
0.000102202
0.000111615
0.000122432
0.000133308
0.000146826
0.000163376
0.000181135
0.000196292
0.000200961
9.28486e-05
9.92866e-05
0.00010401
0.000113834
0.000126449
0.000141753
0.00015926
0.000176845
0.000192143
0.000197454
9.35525e-05
9.96555e-05
0.000102597
0.000107286
0.000119787
0.000136542
0.000154696
0.000171861
0.000187303
0.00019343
9.53741e-05
0.000101013
0.000103536
0.000106465
0.000115458
0.000131968
0.000150046
0.000166823
0.000181847
0.000188915
9.65402e-05
0.00010214
0.000104921
0.000106179
0.000112701
0.000127517
0.000144882
0.000161179
0.000175586
0.000183762
9.72116e-05
0.000103502
0.000105478
0.000105929
0.000109036
0.000120683
0.00013779
0.000153879
0.000167836
0.000177406
9.69389e-05
0.000103692
0.000104622
0.000104834
0.000105211
0.000111726
0.000126826
0.000143057
0.000157097
0.000168379
9.52512e-05
0.00010179
0.000102659
0.000101698
0.000100934
0.000103071
0.000112327
0.000127073
0.000141379
0.000153864
9.20466e-05
9.70808e-05
9.78425e-05
9.59836e-05
9.45601e-05
9.4539e-05
9.79215e-05
0.000107216
0.000119155
0.000130806
8.76545e-05
8.82848e-05
8.81469e-05
8.69608e-05
8.56133e-05
8.50207e-05
8.55264e-05
8.83698e-05
9.39123e-05
0.000100692
8.76545e-05
8.82848e-05
8.81469e-05
8.69608e-05
8.56133e-05
8.50207e-05
8.55264e-05
8.83698e-05
9.39123e-05
0.000100692
9.35992e-05
9.66836e-05
9.74775e-05
9.65766e-05
9.51178e-05
9.33089e-05
9.24103e-05
9.39604e-05
9.91125e-05
0.000106895
9.74259e-05
0.000102412
0.000103662
0.000102961
0.000101115
9.91426e-05
9.89729e-05
0.000102844
0.000113277
0.000127613
9.95688e-05
0.000105072
0.000106439
0.000106076
0.000104933
0.000104886
0.000108524
0.000117935
0.000133962
0.000148681
0.000100443
0.000105409
0.00010703
0.00010788
0.000109168
0.000113052
0.000121669
0.000135462
0.000152461
0.000163005
0.000100237
0.000104557
0.000107321
0.000110508
0.000115034
0.000122704
0.000134464
0.000149629
0.000164698
0.000170656
9.92839e-05
0.000103829
0.000108513
0.000113942
0.000120885
0.000130524
0.000143013
0.000157588
0.0001706
0.000173665
9.79336e-05
0.000103284
0.00010949
0.000116223
0.000124142
0.000134014
0.000145929
0.00015931
0.000171174
0.000173435
9.62158e-05
0.000101614
0.00010835
0.000115476
0.000123315
0.000132468
0.000143212
0.000155351
0.000166496
0.000170124
9.44668e-05
9.83703e-05
0.000104251
0.000111176
0.000118708
0.000127278
0.000137255
0.000148747
0.000159378
0.000163375
9.39754e-05
9.62566e-05
9.91622e-05
0.000104883
0.000112156
0.000120821
0.000131201
0.000143082
0.000154603
0.000160019
9.50908e-05
9.71876e-05
9.83062e-05
0.000101529
0.000107877
0.000116406
0.000126902
0.000138953
0.000151248
0.00015752
9.6536e-05
9.93414e-05
9.97855e-05
0.000102053
0.000106914
0.000114754
0.000124894
0.000136561
0.000149067
0.000155636
9.75499e-05
0.000101522
0.000101661
0.000103089
0.00010731
0.000114448
0.000123847
0.000134873
0.000147107
0.00015376
9.7572e-05
0.00010288
0.000103395
0.000103341
0.00010593
0.000112076
0.000121118
0.000131609
0.000143616
0.000150815
9.65519e-05
0.000102494
0.000104464
0.000103537
0.000103346
0.000106361
0.000113981
0.00012413
0.000135975
0.000144787
9.46142e-05
0.00010018
0.000103227
0.000103221
0.000101625
0.000100649
0.000103124
0.00011083
0.000121671
0.00013244
9.17481e-05
9.61004e-05
9.89815e-05
9.99112e-05
9.90238e-05
9.69719e-05
9.5188e-05
9.63822e-05
0.000102209
0.000111714
8.75465e-05
9.00696e-05
9.19617e-05
9.28517e-05
9.26091e-05
9.13418e-05
8.93443e-05
8.73222e-05
8.68441e-05
8.92965e-05
8.24792e-05
8.23018e-05
8.23511e-05
8.24629e-05
8.24643e-05
8.21856e-05
8.1453e-05
8.01994e-05
7.9016e-05
7.74578e-05
8.01442e-05
8.0235e-05
8.06928e-05
8.15806e-05
8.23575e-05
8.26684e-05
8.25094e-05
8.17353e-05
8.15656e-05
8.50116e-05
8.54042e-05
8.68453e-05
8.89544e-05
9.15995e-05
9.39229e-05
9.48129e-05
9.35463e-05
9.2726e-05
9.80036e-05
0.00011331
9.006e-05
9.1689e-05
9.46455e-05
9.87231e-05
0.000102549
0.000103204
0.000103298
0.000110319
0.000128367
0.000150758
9.3868e-05
9.65907e-05
9.98718e-05
0.000105961
0.000109728
0.000111491
0.000119084
0.00013671
0.000158066
0.000176538
9.68189e-05
0.000101722
0.000107176
0.000113116
0.00011703
0.00012359
0.000138243
0.000158857
0.000178615
0.000191017
9.93586e-05
0.000106758
0.000113712
0.000119498
0.000125594
0.000136487
0.000153879
0.000173461
0.000191858
0.000199287
0.000101168
0.000110844
0.000118495
0.000125241
0.000133527
0.000146537
0.0001641
0.000182681
0.000199597
0.000204069
0.000101682
0.000112922
0.00012145
0.000129209
0.000138599
0.000151879
0.00016872
0.000187162
0.000203224
0.00020649
0.000100392
0.000112383
0.000121873
0.000130328
0.000139934
0.000152665
0.000168687
0.000186929
0.000202717
0.000206593
9.73125e-05
0.00010832
0.000118969
0.000128185
0.000138053
0.000150703
0.000166569
0.000184448
0.000199691
0.000203863
9.41323e-05
0.000102202
0.000111615
0.000122432
0.000133308
0.000146826
0.000163376
0.000181135
0.000196292
0.000200961
9.28486e-05
9.92866e-05
0.00010401
0.000113834
0.000126449
0.000141753
0.00015926
0.000176845
0.000192143
0.000197454
9.35525e-05
9.96555e-05
0.000102597
0.000107286
0.000119787
0.000136542
0.000154696
0.000171861
0.000187303
0.00019343
9.53741e-05
0.000101013
0.000103536
0.000106465
0.000115458
0.000131968
0.000150046
0.000166823
0.000181847
0.000188915
9.65402e-05
0.00010214
0.000104921
0.000106179
0.000112701
0.000127517
0.000144882
0.000161179
0.000175586
0.000183762
9.72116e-05
0.000103502
0.000105478
0.000105929
0.000109036
0.000120683
0.00013779
0.000153879
0.000167836
0.000177406
9.69389e-05
0.000103692
0.000104622
0.000104834
0.000105211
0.000111726
0.000126826
0.000143057
0.000157097
0.000168379
9.52512e-05
0.00010179
0.000102659
0.000101698
0.000100934
0.000103071
0.000112327
0.000127073
0.000141379
0.000153864
9.20466e-05
9.70808e-05
9.78425e-05
9.59836e-05
9.45601e-05
9.4539e-05
9.79215e-05
0.000107216
0.000119155
0.000130806
8.76545e-05
8.82848e-05
8.81469e-05
8.69608e-05
8.56133e-05
8.50207e-05
8.55264e-05
8.83698e-05
9.39123e-05
0.000100692
8.76545e-05
8.82848e-05
8.81469e-05
8.69608e-05
8.56133e-05
8.50207e-05
8.55264e-05
8.83698e-05
9.39123e-05
0.000100692
9.35992e-05
9.66836e-05
9.74775e-05
9.65766e-05
9.51178e-05
9.33089e-05
9.24103e-05
9.39604e-05
9.91125e-05
0.000106895
9.74259e-05
0.000102412
0.000103662
0.000102961
0.000101115
9.91426e-05
9.89729e-05
0.000102844
0.000113277
0.000127613
9.95688e-05
0.000105072
0.000106439
0.000106076
0.000104933
0.000104886
0.000108524
0.000117935
0.000133962
0.000148681
0.000100443
0.000105409
0.00010703
0.00010788
0.000109168
0.000113053
0.000121669
0.000135462
0.000152461
0.000163005
0.000100237
0.000104557
0.000107321
0.000110508
0.000115034
0.000122704
0.000134464
0.000149629
0.000164698
0.000170656
9.92838e-05
0.000103829
0.000108513
0.000113942
0.000120885
0.000130524
0.000143013
0.000157588
0.0001706
0.000173665
9.79336e-05
0.000103284
0.00010949
0.000116223
0.000124142
0.000134014
0.000145929
0.00015931
0.000171174
0.000173435
9.62158e-05
0.000101614
0.00010835
0.000115476
0.000123315
0.000132468
0.000143212
0.000155351
0.000166496
0.000170124
9.44668e-05
9.83703e-05
0.000104251
0.000111176
0.000118708
0.000127278
0.000137255
0.000148747
0.000159378
0.000163375
9.39754e-05
9.62566e-05
9.91622e-05
0.000104883
0.000112156
0.000120821
0.000131201
0.000143082
0.000154603
0.000160019
9.50908e-05
9.71876e-05
9.83062e-05
0.000101529
0.000107877
0.000116406
0.000126902
0.000138953
0.000151248
0.00015752
9.6536e-05
9.93414e-05
9.97855e-05
0.000102053
0.000106914
0.000114754
0.000124894
0.000136561
0.000149067
0.000155636
9.75499e-05
0.000101522
0.000101661
0.000103089
0.00010731
0.000114448
0.000123847
0.000134873
0.000147107
0.00015376
9.7572e-05
0.00010288
0.000103395
0.000103341
0.00010593
0.000112076
0.000121118
0.000131609
0.000143616
0.000150815
9.65519e-05
0.000102494
0.000104464
0.000103537
0.000103346
0.000106361
0.000113981
0.00012413
0.000135975
0.000144787
9.46142e-05
0.00010018
0.000103227
0.000103221
0.000101625
0.000100649
0.000103124
0.00011083
0.000121671
0.00013244
9.17481e-05
9.61004e-05
9.89815e-05
9.99112e-05
9.90238e-05
9.69719e-05
9.5188e-05
9.63822e-05
0.000102209
0.000111714
8.75465e-05
9.00696e-05
9.19617e-05
9.28517e-05
9.26091e-05
9.13418e-05
8.93443e-05
8.73221e-05
8.68441e-05
8.92965e-05
8.24792e-05
8.23018e-05
8.23511e-05
8.24629e-05
8.24643e-05
8.21856e-05
8.1453e-05
8.01994e-05
7.9016e-05
7.74578e-05
)
;
    }
}


// ************************************************************************* //
