/*--------------------------------*- C++ -*----------------------------------*\
| =========                 |                                                 |
| \\      /  F ield         | OpenFOAM: The Open Source CFD Toolbox           |
|  \\    /   O peration     | Version:  1.7.1                                 |
|   \\  /    A nd           | Web:      www.OpenFOAM.com                      |
|    \\/     M anipulation  |                                                 |
\*---------------------------------------------------------------------------*/
FoamFile
{
    version     2.0;
    format      ascii;
    class       volScalarField;
    location    "200";
    object      p_rgh;
}
// * * * * * * * * * * * * * * * * * * * * * * * * * * * * * * * * * * * * * //

dimensions      [1 -1 -2 0 0 0 0];

internalField   nonuniform List<scalar> 
4000
(
100079
100079
100079
100079
100079
100079
100079
100079
100079
100079
100079
100079
100079
100079
100079
100079
100079
100079
100079
100079
100079
100079
100079
100079
100079
100079
100079
100079
100079
100079
100079
100079
100079
100079
100079
100079
100079
100079
100079
100079
100079
100079
100079
100079
100079
100079
100079
100079
100079
100079
100079
100079
100079
100079
100079
100079
100079
100079
100079
100079
100079
100079
100079
100079
100079
100079
100079
100079
100079
100079
100079
100079
100079
100079
100079
100079
100079
100079
100079
100079
100079
100079
100079
100079
100079
100079
100079
100079
100079
100079
100079
100079
100079
100079
100079
100079
100079
100079
100079
100079
100079
100079
100079
100079
100079
100079
100079
100079
100079
100079
100079
100079
100079
100079
100079
100079
100079
100079
100079
100079
100079
100079
100079
100079
100079
100079
100079
100079
100079
100079
100079
100079
100079
100079
100079
100079
100079
100079
100079
100079
100079
100079
100079
100079
100079
100079
100079
100079
100079
100079
100079
100079
100079
100079
100079
100079
100079
100079
100079
100079
100079
100079
100079
100079
100079
100079
100079
100079
100079
100079
100079
100079
100079
100079
100079
100079
100079
100079
100079
100079
100079
100079
100079
100079
100079
100079
100079
100079
100079
100079
100079
100079
100079
100079
100079
100079
100079
100079
100079
100079
100079
100079
100079
100079
100079
100079
100079
100079
100079
100079
100079
100079
100079
100079
100079
100079
100079
100079
100079
100079
100079
100079
100079
100079
100079
100079
100079
100079
100079
100079
100079
100079
100079
100079
100079
100079
100079
100079
100079
100079
100079
100079
100079
100079
100079
100079
100079
100079
100079
100079
100079
100079
100079
100079
100079
100079
100079
100079
100079
100079
100079
100079
100079
100079
100079
100079
100079
100079
100079
100079
100079
100079
100079
100079
100079
100079
100079
100079
100079
100079
100079
100079
100079
100079
100079
100079
100079
100079
100079
100079
100079
100079
100079
100079
100079
100079
100079
100079
100079
100079
100079
100079
100079
100079
100079
100079
100079
100079
100079
100079
100079
100079
100079
100079
100079
100079
100079
100079
100079
100079
100079
100079
100079
100079
100079
100079
100079
100079
100079
100079
100079
100079
100079
100079
100079
100079
100079
100079
100079
100079
100079
100079
100079
100079
100079
100079
100079
100079
100079
100079
100079
100079
100079
100079
100079
100079
100079
100079
100079
100079
100079
100079
100079
100079
100079
100079
100079
100079
100079
100079
100079
100079
100079
100079
100079
100079
100079
100079
100079
100079
100079
100079
100079
100079
100079
100079
100079
100079
100079
100079
100079
100079
100079
100079
100079
100079
100079
100079
100079
100079
100079
100079
100079
100079
100079
100079
100079
100079
100079
100079
100079
100079
100079
100079
100079
100079
100079
100079
100079
100079
100079
100079
100079
100079
100079
100079
100079
100079
100079
100079
100079
100079
100079
100079
100079
100079
100079
100079
100079
100079
100079
100079
100079
100079
100079
100079
100079
100079
100079
100079
100079
100079
100079
100079
100079
100079
100079
100079
100079
100079
100079
100079
100079
100079
100079
100079
100079
100079
100079
100079
100079
100079
100079
100079
100079
100079
100079
100079
100079
100079
100079
100079
100079
100079
100079
100079
100079
100079
100079
100079
100079
100079
100079
100079
100079
100079
100079
100079
100079
100079
100079
100079
100079
100079
100079
100079
100079
100079
100079
100079
100079
100079
100079
100079
100079
100079
100079
100079
100079
100079
100079
100079
100079
100079
100079
100079
100079
100079
100079
100079
100079
100079
100079
100079
100079
100079
100079
100079
100079
100079
100079
100079
100079
100079
100079
100079
100079
100079
100079
100079
100079
100079
100079
100079
100079
100079
100079
100079
100079
100079
100079
100079
100079
100079
100079
100079
100079
100079
100079
100079
100079
100079
100079
100079
100079
100079
100079
100079
100079
100079
100079
100079
100079
100079
100079
100079
100079
100079
100079
100079
100079
100079
100079
100079
100079
100079
100079
100079
100079
100079
100079
100079
100079
100079
100079
100079
100079
100079
100079
100079
100079
100079
100079
100079
100079
100079
100079
100079
100079
100079
100079
100079
100079
100079
100079
100079
100079
100079
100079
100079
100079
100079
100079
100079
100079
100079
100079
100079
100079
100079
100079
100079
100079
100079
100079
100079
100079
100079
100079
100079
100079
100079
100079
100079
100079
100079
100079
100079
100079
100079
100079
100079
100079
100079
100079
100079
100079
100079
100079
100079
100079
100079
100079
100079
100079
100079
100079
100079
100079
100079
100079
100079
100079
100079
100079
100079
100079
100079
100079
100079
100079
100079
100079
100079
100079
100079
100079
100079
100079
100079
100079
100079
100079
100079
100079
100079
100079
100079
100079
100079
100079
100079
100079
100079
100079
100079
100079
100079
100079
100079
100079
100079
100079
100079
100079
100079
100079
100079
100079
100079
100079
100079
100079
100079
100079
100079
100079
100079
100079
100079
100079
100079
100079
100079
100079
100079
100079
100079
100079
100079
100079
100079
100079
100079
100079
100079
100079
100079
100079
100079
100079
100079
100079
100079
100079
100079
100079
100079
100079
100079
100079
100079
100079
100079
100079
100079
100079
100079
100079
100079
100079
100079
100079
100079
100079
100079
100079
100079
100079
100079
100079
100079
100079
100079
100079
100079
100079
100079
100079
100079
100079
100079
100079
100079
100079
100079
100079
100079
100079
100079
100079
100079
100079
100079
100079
100079
100079
100079
100079
100079
100079
100079
100079
100079
100079
100079
100079
100079
100079
100079
100079
100079
100079
100079
100079
100079
100079
100079
100079
100079
100079
100079
100079
100079
100079
100079
100079
100079
100079
100079
100079
100079
100079
100079
100079
100079
100079
100079
100079
100079
100079
100079
100079
100079
100079
100079
100079
100079
100079
100079
100079
100079
100079
100079
100079
100079
100079
100079
100079
100079
100079
100079
100079
100079
100079
100079
100079
100079
100079
100079
100079
100079
100079
100079
100079
100079
100079
100079
100079
100079
100079
100079
100079
100079
100079
100079
100079
100079
100079
100079
100079
100079
100079
100079
100079
100079
100079
100079
100079
100079
100079
100079
100079
100079
100079
100079
100079
100079
100079
100079
100079
100079
100079
100079
100079
100079
100079
100079
100079
100079
100079
100079
100079
100079
100079
100079
100079
100079
100079
100079
100079
100079
100079
100079
100079
100079
100079
100079
100079
100079
100079
100079
100079
100079
100079
100079
100079
100079
100079
100079
100079
100079
100079
100079
100079
100079
100079
100079
100079
100079
100079
100079
100079
100079
100079
100079
100079
100079
100079
100079
100079
100079
100079
100079
100079
100079
100079
100079
100079
100079
100079
100079
100079
100079
100079
100079
100079
100079
100079
100079
100079
100079
100079
100079
100079
100079
100079
100079
100079
100079
100079
100079
100079
100079
100079
100079
100079
100079
100079
100079
100079
100079
100079
100079
100079
100079
100079
100079
100079
100079
100079
100079
100079
100079
100079
100079
100079
100079
100079
100079
100079
100079
100079
100079
100079
100079
100079
100079
100079
100079
100079
100079
100079
100079
100079
100079
100079
100079
100079
100079
100079
100079
100079
100079
100079
100079
100079
100079
100079
100079
100079
100079
100079
100079
100079
100079
100079
100079
100079
100079
100079
100079
100079
100079
100079
100079
100079
100079
100079
100079
100079
100079
100079
100079
100079
100079
100079
100079
100079
100079
100079
100079
100079
100079
100079
100079
100079
100079
100079
100079
100079
100079
100079
100079
100079
100079
100079
100079
100079
100079
100079
100079
100079
100079
100079
100079
100079
100079
100079
100079
100079
100079
100079
100079
100079
100079
100079
100079
100079
100079
100079
100079
100079
100079
100079
100079
100079
100079
100079
100079
100079
100079
100079
100079
100079
100079
100079
100079
100079
100079
100079
100079
100079
100079
100079
100079
100079
100079
100079
100079
100079
100079
100079
100079
100079
100079
100079
100079
100079
100079
100079
100079
100079
100079
100079
100079
100079
100079
100079
100079
100079
100079
100079
100079
100079
100079
100079
100079
100079
100079
100079
100079
100079
100079
100079
100079
100079
100079
100079
100079
100079
100079
100079
100079
100079
100079
100079
100079
100079
100079
100079
100079
100079
100079
100079
100079
100079
100079
100079
100079
100079
100079
100079
100079
100079
100079
100079
100079
100079
100079
100079
100079
100079
100079
100079
100079
100079
100079
100079
100079
100079
100079
100079
100079
100079
100079
100079
100079
100079
100079
100079
100079
100079
100079
100079
100079
100079
100079
100079
100079
100079
100079
100079
100079
100079
100079
100079
100079
100079
100079
100079
100079
100079
100079
100079
100079
100079
100079
100079
100079
100079
100079
100079
100079
100079
100079
100079
100079
100079
100079
100079
100079
100079
100079
100079
100079
100079
100079
100079
100079
100079
100079
100079
100079
100079
100079
100079
100079
100079
100079
100079
100079
100079
100079
100079
100079
100079
100079
100079
100079
100079
100079
100079
100079
100079
100079
100079
100079
100079
100079
100079
100079
100079
100079
100079
100079
100079
100079
100079
100079
100079
100079
100079
100079
100079
100079
100079
100079
100079
100079
100079
100079
100079
100079
100079
100079
100079
100079
100079
100079
100079
100079
100079
100079
100079
100079
100079
100079
100079
100079
100079
100079
100079
100079
100079
100079
100079
100079
100079
100079
100079
100079
100079
100079
100079
100079
100079
100079
100079
100079
100079
100079
100079
100079
100079
100079
100079
100079
100079
100079
100079
100079
100079
100079
100079
100079
100079
100079
100079
100079
100079
100079
100079
100079
100079
100079
100079
100079
100079
100079
100079
100079
100079
100079
100079
100079
100079
100079
100079
100079
100079
100079
100079
100079
100079
100079
100079
100079
100079
100079
100079
100079
100079
100079
100079
100079
100079
100079
100079
100079
100079
100079
100079
100079
100079
100079
100079
100079
100079
100079
100079
100079
100079
100079
100079
100079
100079
100079
100079
100079
100079
100079
100079
100079
100079
100079
100079
100079
100079
100079
100079
100079
100079
100079
100079
100079
100079
100079
100079
100079
100079
100079
100079
100079
100079
100079
100079
100079
100079
100079
100079
100079
100079
100079
100079
100079
100079
100079
100079
100079
100079
100079
100079
100079
100079
100079
100079
100079
100079
100079
100079
100079
100079
100079
100079
100079
100079
100079
100079
100079
100079
100079
100079
100079
100079
100079
100079
100079
100079
100079
100079
100079
100079
100079
100079
100079
100079
100079
100079
100079
100079
100079
100079
100079
100079
100079
100079
100079
100079
100079
100079
100079
100079
100079
100079
100079
100079
100079
100079
100079
100079
100079
100079
100079
100079
100079
100079
100079
100079
100079
100079
100079
100079
100079
100079
100079
100079
100079
100079
100079
100079
100079
100079
100079
100079
100079
100079
100079
100079
100079
100079
100079
100079
100079
100079
100079
100079
100079
100079
100079
100079
100079
100079
100079
100079
100079
100079
100079
100079
100079
100079
100079
100079
100079
100079
100079
100079
100079
100079
100079
100079
100079
100079
100079
100079
100079
100079
100079
100079
100079
100079
100079
100079
100079
100079
100079
100079
100079
100079
100079
100079
100079
100079
100079
100079
100079
100079
100079
100079
100079
100079
100079
100079
100079
100079
100079
100079
100079
100079
100079
100079
100079
100079
100079
100079
100079
100079
100079
100079
100079
100079
100079
100079
100079
100079
100079
100079
100079
100079
100079
100079
100079
100079
100079
100079
100079
100079
100079
100079
100079
100079
100079
100079
100079
100079
100079
100079
100079
100079
100079
100079
100079
100079
100079
100079
100079
100079
100079
100079
100079
100079
100079
100079
100079
100079
100079
100079
100079
100079
100079
100079
100079
100079
100079
100079
100079
100079
100079
100079
100079
100079
100079
100079
100079
100079
100079
100079
100079
100079
100079
100079
100079
100079
100079
100079
100079
100079
100079
100079
100079
100079
100079
100079
100079
100079
100079
100079
100079
100079
100079
100079
100079
100079
100079
100079
100079
100079
100079
100079
100079
100079
100079
100079
100079
100079
100079
100079
100079
100079
100079
100079
100079
100079
100079
100079
100079
100079
100079
100079
100079
100079
100079
100079
100079
100079
100079
100079
100079
100079
100079
100079
100079
100079
100079
100079
100079
100079
100079
100079
100079
100079
100079
100079
100079
100079
100079
100079
100079
100079
100079
100079
100079
100079
100079
100079
100079
100079
100079
100079
100079
100079
100079
100079
100079
100079
100079
100079
100079
100079
100079
100079
100079
100079
100079
100079
100079
100079
100079
100079
100079
100079
100079
100079
100079
100079
100079
100079
100079
100079
100079
100079
100079
100079
100079
100079
100079
100079
100079
100079
100079
100079
100079
100079
100079
100079
100079
100079
100079
100079
100079
100079
100079
100079
100079
100079
100079
100079
100079
100079
100079
100079
100079
100079
100079
100079
100079
100079
100079
100079
100079
100079
100079
100079
100079
100079
100079
100079
100079
100079
100079
100079
100079
100079
100079
100079
100079
100079
100079
100079
100079
100079
100079
100079
100079
100079
100079
100079
100079
100079
100079
100079
100079
100079
100079
100079
100079
100079
100079
100079
100079
100079
100079
100079
100079
100079
100079
100079
100079
100079
100079
100079
100079
100079
100079
100079
100079
100079
100079
100079
100079
100079
100079
100079
100079
100079
100079
100079
100079
100079
100079
100079
100079
100079
100079
100079
100079
100079
100079
100079
100079
100079
100079
100079
100079
100079
100079
100079
100079
100079
100079
100079
100079
100079
100079
100079
100079
100079
100079
100079
100079
100079
100079
100079
100079
100079
100079
100079
100079
100079
100079
100079
100079
100079
100079
100079
100079
100079
100079
100079
100079
100079
100079
100079
100079
100079
100079
100079
100079
100079
100079
100079
100079
100079
100079
100079
100079
100079
100079
100079
100079
100079
100079
100079
100079
100079
100079
100079
100079
100079
100079
100079
100079
100079
100079
100079
100079
100079
100079
100079
100079
100079
100079
100079
100079
100079
100079
100079
100079
100079
100079
100079
100079
100079
100079
100079
100079
100079
100079
100079
100079
100079
100079
100079
100079
100079
100079
100079
100079
100079
100079
100079
100079
100079
100079
100079
100079
100079
100079
100079
100079
100079
100079
100079
100079
100079
100079
100079
100079
100079
100079
100079
100079
100079
100079
100079
100079
100079
100079
100079
100079
100079
100079
100079
100079
100079
100079
100079
100079
100079
100079
100079
100079
100079
100079
100079
100079
100079
100079
100079
100079
100079
100079
100079
100079
100079
100079
100079
100079
100079
100079
100079
100079
100079
100079
100079
100079
100079
100079
100079
100079
100079
100079
100079
100079
100079
100079
100079
100079
100079
100079
100079
100079
100079
100079
100079
100079
100079
100079
100079
100079
100079
100079
100079
100079
100079
100079
100079
100079
100079
100079
100079
100079
100079
100079
100079
100079
100079
100079
100079
100079
100079
100079
100079
100079
100079
100079
100079
100079
100079
100079
100079
100079
100079
100079
100079
100079
100079
100079
100079
100079
100079
100079
100079
100079
100079
100079
100079
100079
100079
100079
100079
100079
100079
100079
100079
100079
100079
100079
100079
100079
100079
100079
100079
100079
100079
100079
100079
100079
100079
100079
100079
100079
100079
100079
100079
100079
100079
100079
100079
100079
100079
100079
100079
100079
100079
100079
100079
100079
100079
100079
100079
100079
100079
100079
100079
100079
100079
100079
100079
100079
100079
100079
100079
100079
100079
100079
100079
100079
100079
100079
100079
100079
100079
100079
100079
100079
100079
100079
100079
100079
100079
100079
100079
100079
100079
100079
100079
100079
100079
100079
100079
100079
100079
100079
100079
100079
100079
100079
100079
100079
100079
100079
100079
100079
100079
100079
100079
100079
100079
100079
100079
100079
100079
100079
100079
100079
100079
100079
100079
100079
100079
100079
100079
100079
100079
100079
100079
100079
100079
100079
100079
100079
100079
100079
100079
100079
100079
100079
100079
100079
100079
100079
100079
100079
100079
100079
100079
100079
100079
100079
100079
100079
100079
100079
100079
100079
100079
100079
100079
100079
100079
100079
100079
100079
100079
100079
100079
100079
100079
100079
100079
100079
100079
100079
100079
100079
100079
100079
100079
100079
100079
100079
100079
100079
100079
100079
100079
100079
100079
100079
100079
100079
100079
100079
100079
100079
100079
100079
100079
100079
100079
100079
100079
100079
100079
100079
100079
100079
100079
100079
100079
100079
100079
100079
100079
100079
100079
100079
100079
100079
100079
100079
100079
100079
100079
100079
100079
100079
100079
100079
100079
100079
100079
100079
100079
100079
100079
100079
100079
100079
100079
100079
100079
100079
100079
100079
100079
100079
100079
100079
100079
100079
100079
100079
100079
100079
100079
100079
100079
100079
100079
100079
100079
100079
100079
100079
100079
100079
100079
100079
100079
100079
100079
100079
100079
100079
100079
100079
100079
100079
100079
100079
100079
100079
100079
100079
100079
100079
100079
100079
100079
100079
100079
100079
100079
100079
100079
100079
100079
100079
100079
100079
100079
100079
100079
100079
100079
100079
100079
100079
100079
100079
100079
100079
100079
100079
100079
100079
100079
100079
100079
100079
100079
100079
100079
100079
100079
100079
100079
100079
100079
100079
100079
100079
100079
100079
100079
100079
100079
100079
100079
100079
100079
100079
100079
100079
100079
100079
100079
100079
100079
100079
100079
100079
100079
100079
100079
100079
100079
100079
100079
100079
100079
100079
100079
100079
100079
100079
100079
100079
100079
100079
100079
100079
100079
100079
100079
100079
100079
100079
100079
100079
100079
100079
100079
100079
100079
100079
100079
100079
100079
100079
100079
100079
100079
100079
100079
100079
100079
100079
100079
100079
100079
100079
100079
100079
100079
100079
100079
100079
100079
100079
100079
100079
100079
100079
100079
100079
100079
100079
100079
100079
100079
100079
100079
100079
100079
100079
100079
100079
100079
100079
100079
100079
100079
100079
100079
100079
100079
100079
100079
100079
100079
100079
100079
100079
100079
100079
100079
100079
100079
100079
100079
100079
100079
100079
100079
100079
100079
100079
100079
100079
100079
100079
100079
100079
100079
100079
100079
100079
100079
100079
100079
100079
100079
100079
100079
100079
100079
100079
100079
100079
100079
100079
100079
100079
100079
100079
100079
100079
100079
100079
100079
100079
100079
100079
100079
100079
100079
100079
100079
100079
100079
100079
100079
100079
100079
100079
100079
100079
100079
100079
100079
100079
100079
100079
100079
100079
100079
100079
100079
100079
100079
100079
100079
100079
100079
100079
100079
100079
100079
100079
100079
100079
100079
100079
100079
100079
100079
100079
100079
100079
100079
100079
100079
100079
100079
100079
100079
100079
100079
100079
100079
100079
100079
100079
100079
100079
100079
100079
100079
100079
100079
100079
100079
100079
100079
100079
100079
100079
100079
100079
100079
100079
100079
100079
100079
100079
100079
100079
100079
100079
100079
100079
100079
100079
100079
100079
100079
100079
100079
100079
100079
100079
100079
100079
100079
100079
100079
100079
100079
100079
100079
100079
100079
100079
100079
100079
100079
100079
100079
100079
100079
100079
100079
100079
100079
100079
100079
100079
100079
100079
100079
100079
100079
100079
100079
100079
100079
100079
100079
100079
100079
100079
100079
100079
100079
100079
100079
100079
100079
100079
100079
100079
100079
100079
100079
100079
100079
100079
100079
100079
100079
100079
100079
100079
100079
100079
100079
100079
100079
100079
100079
100079
100079
100079
100079
100079
100079
100079
100079
100079
100079
100079
100079
100079
100079
100079
100079
100079
100079
100079
100079
100079
100079
100079
100079
100079
100079
100079
100079
100079
100079
100079
100079
100079
100079
100079
100079
100079
100079
100079
100079
100079
100079
100079
100079
100079
100079
100079
100079
100079
100079
100079
100079
100079
100079
100079
100079
100079
100079
100079
100079
100079
100079
100079
100079
100079
100079
100079
100079
100079
100079
100079
100079
100079
100079
100079
100079
100079
100079
100079
100079
100079
100079
100079
100079
100079
100079
100079
100079
100079
100079
100079
100079
100079
100079
100079
100079
100079
100079
100079
100079
100079
100079
100079
100079
100079
100079
100079
100079
100079
100079
100079
100079
100079
100079
100079
100079
100079
100079
100079
100079
100079
100079
100079
100079
100079
100079
100079
100079
100079
100079
100079
100079
100079
100079
100079
100079
100079
100079
100079
100079
100079
100079
100079
100079
100079
100079
100079
100079
100079
100079
100079
100079
100079
100079
100079
100079
100079
100079
100079
100079
100079
100079
100079
100079
100079
100079
100079
100079
100079
100079
100079
100079
100079
100079
100079
100079
100079
100079
100079
100079
100079
100079
100079
100079
100079
100079
100079
100079
100079
100079
100079
100079
100079
100079
100079
100079
100079
100079
100079
100079
100079
100079
100079
100079
100079
100079
100079
100079
100079
100079
100079
100079
100079
100079
100079
100079
100079
100079
100079
100079
100079
100079
100079
100079
100079
100079
100079
100079
100079
100079
100079
100079
100079
100079
100079
100079
100079
100079
100079
100079
100079
100079
100079
100079
100079
100079
100079
100079
100079
100079
100079
100079
100079
100079
100079
100079
100079
100079
100079
100079
100079
100079
100079
100079
100079
100079
100079
100079
100079
100079
100079
100079
100079
100079
100079
100079
100079
100079
100079
100079
100079
100079
100079
100079
100079
100079
100079
100079
100079
100079
100079
100079
100079
100079
100079
100079
100079
100079
100079
100079
100079
100079
100079
100079
100079
100079
100079
100079
100079
100079
100079
100079
100079
100079
100079
100079
100079
100079
100079
100079
100079
100079
100079
100079
100079
100079
100079
100079
100079
100079
100079
100079
100079
100079
100079
100079
100079
100079
100079
100079
100079
100079
100079
100079
100079
100079
100079
100079
100079
100079
100079
100079
100079
100079
100079
100079
100079
100079
100079
100079
100079
100079
100079
100079
100079
100079
100079
100079
100079
100079
100079
100079
100079
100079
100079
100079
100079
100079
100079
100079
100079
100079
100079
100079
100079
100079
100079
100079
100079
100079
100079
100079
100079
100079
100079
100079
100079
100079
100079
100079
100079
100079
100079
100079
100079
100079
100079
100079
100079
100079
100079
100079
100079
100079
100079
100079
100079
100079
100079
100079
100079
100079
100079
100079
100079
100079
100079
100079
100079
100079
100079
100079
100079
100079
100079
100079
100079
100079
100079
100079
100079
100079
100079
100079
100079
100079
100079
100079
100079
100079
100079
100079
100079
100079
100079
100079
100079
100079
100079
100079
100079
100079
100079
100079
100079
100079
100079
100079
100079
100079
100079
100079
100079
100079
100079
100079
100079
100079
100079
100079
100079
100079
100079
100079
100079
100079
100079
100079
100079
100079
100079
100079
100079
100079
100079
100079
100079
100079
100079
100079
100079
100079
100079
100079
100079
100079
100079
100079
100079
100079
100079
100079
100079
100079
100079
100079
100079
100079
100079
100079
100079
100079
100079
100079
100079
100079
100079
100079
100079
100079
100079
100079
100079
100079
100079
100079
100079
100079
100079
100079
100079
100079
100079
100079
100079
100079
100079
100079
100079
100079
100079
100079
100079
100079
100079
100079
100079
100079
100079
100079
100079
100079
100079
100079
100079
100079
100079
100079
100079
100079
100079
100079
100079
100079
100079
100079
100079
100079
100079
100079
100079
100079
100079
100079
100079
100079
100079
100079
100079
100079
100079
100079
100079
100079
100079
100079
100079
100079
100079
100079
100079
100079
100079
100079
100079
100079
100079
100079
100079
100079
100079
100079
100079
100079
100079
100079
100079
100079
100079
100079
100079
100079
100079
100079
100079
100079
100079
100079
100079
100079
100079
100079
100079
100079
100079
100079
100079
100079
100079
100079
100079
100079
100079
100079
100079
100079
100079
100079
100079
100079
100079
100079
100079
100079
100079
100079
100079
100079
100079
100079
100079
100079
100079
100079
100079
100079
100079
100079
100079
100079
100079
100079
100079
100079
100079
100079
100079
100079
100079
100079
100079
100079
100079
100079
100079
100079
100079
100079
100079
100079
100079
100079
100079
100079
100079
100079
100079
100079
100079
100079
100079
100079
100079
100079
100079
100079
100079
100079
100079
100079
100079
100079
100079
100079
100079
100079
100079
100079
100079
100079
100079
100079
100079
100079
100079
100079
100079
100079
100079
100079
100079
100079
100079
100079
100079
100079
100079
100079
100079
100079
100079
100079
100079
100079
100079
100079
100079
100079
100079
100079
100079
100079
100079
100079
100079
100079
100079
100079
100079
100079
100079
100079
100079
100079
100079
100079
100079
100079
100079
100079
100079
100079
100079
100079
100079
100079
100079
100079
100079
100079
100079
100079
100079
100079
100079
100079
100079
100079
100079
100079
100079
100079
100079
100079
100079
100079
100079
100079
100079
100079
100079
100079
100079
100079
100079
100079
100079
100079
100079
100079
100079
100079
100079
100079
100079
100079
100079
100079
100079
100079
100079
100079
100079
100079
100079
100079
100079
100079
100079
100079
100079
100079
100079
100079
100079
100079
100079
100079
100079
100079
100079
100079
100079
100079
100079
100079
100079
100079
100079
100079
100079
100079
100079
100079
100079
100079
100079
100079
100079
100079
100079
100079
100079
100079
100079
100079
100079
100079
100079
100079
100079
100079
100079
100079
100079
100079
100079
100079
100079
100079
100079
100079
100079
100079
100079
100079
100079
100079
100079
100079
100079
100079
100079
100079
100079
100079
100079
100079
100079
100079
100079
100079
100079
100079
100079
100079
100079
100079
100079
100079
100079
100079
100079
100079
100079
100079
100079
100079
100079
100079
100079
100079
100079
100079
100079
100079
100079
100079
100079
100079
100079
100079
100079
100079
100079
100079
100079
100079
100079
100079
100079
100079
100079
100079
100079
100079
100079
100079
100079
100079
100079
100079
100079
100079
100079
100079
100079
100079
100079
100079
100079
100079
100079
100079
100079
100079
100079
100079
100079
100079
100079
100079
100079
100079
100079
100079
100079
100079
100079
100079
100079
100079
100079
100079
100079
100079
100079
100079
100079
100079
100079
100079
100079
100079
100079
100079
100079
100079
100079
100079
100079
100079
100079
100079
100079
100079
100079
100079
100079
100079
100079
100079
100079
100079
100079
100079
100079
100079
100079
100079
100079
100079
100079
100079
100079
100079
100079
100079
100079
100079
100079
100079
100079
100079
100079
100079
100079
100079
100079
100079
100079
100079
100079
100079
100079
100079
100079
100079
100079
100079
100079
100079
100079
100079
100079
100079
100079
100079
100079
100079
100079
100079
100079
100079
100079
100079
100079
100079
100079
100079
100079
100079
100079
100079
100079
100079
100079
100079
100079
100079
100079
100079
100079
100079
100079
100079
100079
)
;

boundaryField
{
    floor
    {
        type            buoyantPressure;
        gradient        uniform -0;
        rho             rho;
        value           nonuniform List<scalar> 
400
(
100079
100079
100079
100079
100079
100079
100079
100079
100079
100079
100079
100079
100079
100079
100079
100079
100079
100079
100079
100079
100079
100079
100079
100079
100079
100079
100079
100079
100079
100079
100079
100079
100079
100079
100079
100079
100079
100079
100079
100079
100079
100079
100079
100079
100079
100079
100079
100079
100079
100079
100079
100079
100079
100079
100079
100079
100079
100079
100079
100079
100079
100079
100079
100079
100079
100079
100079
100079
100079
100079
100079
100079
100079
100079
100079
100079
100079
100079
100079
100079
100079
100079
100079
100079
100079
100079
100079
100079
100079
100079
100079
100079
100079
100079
100079
100079
100079
100079
100079
100079
100079
100079
100079
100079
100079
100079
100079
100079
100079
100079
100079
100079
100079
100079
100079
100079
100079
100079
100079
100079
100079
100079
100079
100079
100079
100079
100079
100079
100079
100079
100079
100079
100079
100079
100079
100079
100079
100079
100079
100079
100079
100079
100079
100079
100079
100079
100079
100079
100079
100079
100079
100079
100079
100079
100079
100079
100079
100079
100079
100079
100079
100079
100079
100079
100079
100079
100079
100079
100079
100079
100079
100079
100079
100079
100079
100079
100079
100079
100079
100079
100079
100079
100079
100079
100079
100079
100079
100079
100079
100079
100079
100079
100079
100079
100079
100079
100079
100079
100079
100079
100079
100079
100079
100079
100079
100079
100079
100079
100079
100079
100079
100079
100079
100079
100079
100079
100079
100079
100079
100079
100079
100079
100079
100079
100079
100079
100079
100079
100079
100079
100079
100079
100079
100079
100079
100079
100079
100079
100079
100079
100079
100079
100079
100079
100079
100079
100079
100079
100079
100079
100079
100079
100079
100079
100079
100079
100079
100079
100079
100079
100079
100079
100079
100079
100079
100079
100079
100079
100079
100079
100079
100079
100079
100079
100079
100079
100079
100079
100079
100079
100079
100079
100079
100079
100079
100079
100079
100079
100079
100079
100079
100079
100079
100079
100079
100079
100079
100079
100079
100079
100079
100079
100079
100079
100079
100079
100079
100079
100079
100079
100079
100079
100079
100079
100079
100079
100079
100079
100079
100079
100079
100079
100079
100079
100079
100079
100079
100079
100079
100079
100079
100079
100079
100079
100079
100079
100079
100079
100079
100079
100079
100079
100079
100079
100079
100079
100079
100079
100079
100079
100079
100079
100079
100079
100079
100079
100079
100079
100079
100079
100079
100079
100079
100079
100079
100079
100079
100079
100079
100079
100079
100079
100079
100079
100079
100079
100079
100079
100079
100079
100079
100079
100079
100079
100079
100079
100079
100079
100079
100079
100079
100079
100079
100079
100079
100079
100079
100079
100079
100079
)
;
    }
    ceiling
    {
        type            buoyantPressure;
        gradient        nonuniform List<scalar> 
400
(
0.0773229
0.0897094
0.11809
0.143029
0.155244
0.15984
0.161632
0.162668
0.16391
0.164454
0.16464
0.164776
0.165027
0.165371
0.165368
0.163535
0.156239
0.137692
0.10582
0.0721016
0.0897094
0.112472
0.139828
0.153569
0.157706
0.158774
0.159465
0.160322
0.161799
0.162349
0.162282
0.161982
0.161823
0.161995
0.162403
0.162192
0.158415
0.143981
0.111837
0.074005
0.11809
0.139828
0.153063
0.156687
0.157132
0.157388
0.158361
0.159674
0.16178
0.162468
0.162126
0.161268
0.160503
0.16017
0.160394
0.160851
0.160095
0.153465
0.131433
0.0927204
0.143029
0.153569
0.156687
0.156608
0.15635
0.15683
0.158663
0.161558
0.165304
0.165932
0.164697
0.162784
0.160962
0.159789
0.159525
0.159922
0.160331
0.158624
0.148042
0.119007
0.155244
0.157706
0.157132
0.15635
0.156371
0.158413
0.162384
0.167698
0.173826
0.174108
0.171132
0.167475
0.164062
0.161442
0.159942
0.159682
0.160082
0.160282
0.156766
0.140164
0.15984
0.158774
0.157388
0.15683
0.158413
0.162771
0.169556
0.178127
0.18756
0.187104
0.180953
0.174533
0.168877
0.164396
0.161319
0.159821
0.159727
0.160321
0.16001
0.152282
0.161632
0.159465
0.158361
0.158663
0.162384
0.169556
0.179898
0.192906
0.207112
0.205656
0.193867
0.183163
0.174428
0.167676
0.162839
0.15996
0.159105
0.159558
0.160534
0.157965
0.162668
0.160322
0.159674
0.161558
0.167698
0.178127
0.192906
0.211852
0.232933
0.231035
0.209601
0.192505
0.179701
0.170292
0.163621
0.159419
0.157693
0.158017
0.159634
0.160034
0.16391
0.161799
0.16178
0.165304
0.173826
0.18756
0.207112
0.232933
0.262928
0.263174
0.226947
0.201178
0.183392
0.171084
0.162672
0.157396
0.155061
0.155588
0.157845
0.160161
0.164454
0.162349
0.162468
0.165932
0.174108
0.187104
0.205656
0.231035
0.263174
0.27695
0.231955
0.202077
0.182337
0.169017
0.159965
0.154204
0.151592
0.152256
0.155252
0.159208
0.16464
0.162282
0.162126
0.164697
0.171132
0.180953
0.193867
0.209601
0.226947
0.231955
0.208137
0.189604
0.175781
0.165489
0.157929
0.152814
0.15038
0.151145
0.154559
0.159304
0.164776
0.161982
0.161268
0.162784
0.167475
0.174533
0.183163
0.192505
0.201178
0.202077
0.189604
0.17844
0.169144
0.161586
0.155666
0.15153
0.149675
0.150816
0.154613
0.15973
0.165027
0.161823
0.160503
0.160962
0.164062
0.168877
0.174428
0.179701
0.183392
0.182337
0.175781
0.169144
0.163097
0.157861
0.153627
0.150752
0.14982
0.151485
0.155324
0.160019
0.165371
0.161995
0.16017
0.159789
0.161442
0.164396
0.167676
0.170292
0.171084
0.169017
0.165489
0.161586
0.157861
0.15457
0.151983
0.150502
0.150639
0.152614
0.156058
0.159154
0.165368
0.162403
0.160394
0.159525
0.159942
0.161319
0.162839
0.163621
0.162672
0.159965
0.157929
0.155666
0.153627
0.151983
0.150947
0.150834
0.151805
0.153703
0.155572
0.154935
0.163535
0.162192
0.160851
0.159922
0.159682
0.159821
0.15996
0.159419
0.157396
0.154204
0.152814
0.15153
0.150752
0.150502
0.150834
0.151727
0.152927
0.153462
0.150602
0.14277
0.156239
0.158415
0.160095
0.160331
0.160082
0.159727
0.159105
0.157693
0.155061
0.151592
0.15038
0.149675
0.14982
0.150639
0.151805
0.152927
0.152868
0.148232
0.134121
0.116466
0.137692
0.143981
0.153465
0.158624
0.160282
0.160321
0.159558
0.158017
0.155588
0.152256
0.151145
0.150816
0.151485
0.152614
0.153703
0.153462
0.148232
0.131099
0.100658
0.0785072
0.10582
0.111837
0.131433
0.148042
0.156766
0.16001
0.160534
0.159634
0.157845
0.155252
0.154559
0.154613
0.155324
0.156058
0.155572
0.150602
0.134121
0.100658
0.0645189
0.049464
0.0721016
0.074005
0.0927204
0.119007
0.140164
0.152282
0.157965
0.160034
0.160161
0.159208
0.159304
0.15973
0.160019
0.159154
0.154935
0.14277
0.116466
0.0785072
0.049464
0.0402886
)
;
        rho             rho;
        value           nonuniform List<scalar> 
400
(
100079
100079
100079
100079
100079
100079
100079
100079
100079
100079
100079
100079
100079
100079
100079
100079
100079
100079
100079
100079
100079
100079
100079
100079
100079
100079
100079
100079
100079
100079
100079
100079
100079
100079
100079
100079
100079
100079
100079
100079
100079
100079
100079
100079
100079
100079
100079
100079
100079
100079
100079
100079
100079
100079
100079
100079
100079
100079
100079
100079
100079
100079
100079
100079
100079
100079
100079
100079
100079
100079
100079
100079
100079
100079
100079
100079
100079
100079
100079
100079
100079
100079
100079
100079
100079
100079
100079
100079
100079
100079
100079
100079
100079
100079
100079
100079
100079
100079
100079
100079
100079
100079
100079
100079
100079
100079
100079
100079
100079
100079
100079
100079
100079
100079
100079
100079
100079
100079
100079
100079
100079
100079
100079
100079
100079
100079
100079
100079
100079
100079
100079
100079
100079
100079
100079
100079
100079
100079
100079
100079
100079
100079
100079
100079
100079
100079
100079
100079
100079
100079
100079
100079
100079
100079
100079
100079
100079
100079
100079
100079
100079
100079
100079
100079
100079
100079
100079
100079
100079
100079
100079
100079
100079
100079
100079
100079
100079
100079
100079
100079
100079
100079
100079
100079
100079
100079
100079
100079
100079
100079
100079
100079
100079
100079
100079
100079
100079
100079
100079
100079
100079
100079
100079
100079
100079
100079
100079
100079
100079
100079
100079
100079
100079
100079
100079
100079
100079
100079
100079
100079
100079
100079
100079
100079
100079
100079
100079
100079
100079
100079
100079
100079
100079
100079
100079
100079
100079
100079
100079
100079
100079
100079
100079
100079
100079
100079
100079
100079
100079
100079
100079
100079
100079
100079
100079
100079
100079
100079
100079
100079
100079
100079
100079
100079
100079
100079
100079
100079
100079
100079
100079
100079
100079
100079
100079
100079
100079
100079
100079
100079
100079
100079
100079
100079
100079
100079
100079
100079
100079
100079
100079
100079
100079
100079
100079
100079
100079
100079
100079
100079
100079
100079
100079
100079
100079
100079
100079
100079
100079
100079
100079
100079
100079
100079
100079
100079
100079
100079
100079
100079
100079
100079
100079
100079
100079
100079
100079
100079
100079
100079
100079
100079
100079
100079
100079
100079
100079
100079
100079
100079
100079
100079
100079
100079
100079
100079
100079
100079
100079
100079
100079
100079
100079
100079
100079
100079
100079
100079
100079
100079
100079
100079
100079
100079
100079
100079
100079
100079
100079
100079
100079
100079
100079
100079
100079
100079
100079
100079
100079
100079
100079
100079
100079
100079
100079
100079
100079
100079
100079
100079
100079
100079
100079
100079
100079
100079
100079
100079
100079
100079
)
;
    }
    fixedWalls
    {
        type            buoyantPressure;
        gradient        uniform 0;
        rho             rho;
        value           nonuniform List<scalar> 
800
(
100079
100079
100079
100079
100079
100079
100079
100079
100079
100079
100079
100079
100079
100079
100079
100079
100079
100079
100079
100079
100079
100079
100079
100079
100079
100079
100079
100079
100079
100079
100079
100079
100079
100079
100079
100079
100079
100079
100079
100079
100079
100079
100079
100079
100079
100079
100079
100079
100079
100079
100079
100079
100079
100079
100079
100079
100079
100079
100079
100079
100079
100079
100079
100079
100079
100079
100079
100079
100079
100079
100079
100079
100079
100079
100079
100079
100079
100079
100079
100079
100079
100079
100079
100079
100079
100079
100079
100079
100079
100079
100079
100079
100079
100079
100079
100079
100079
100079
100079
100079
100079
100079
100079
100079
100079
100079
100079
100079
100079
100079
100079
100079
100079
100079
100079
100079
100079
100079
100079
100079
100079
100079
100079
100079
100079
100079
100079
100079
100079
100079
100079
100079
100079
100079
100079
100079
100079
100079
100079
100079
100079
100079
100079
100079
100079
100079
100079
100079
100079
100079
100079
100079
100079
100079
100079
100079
100079
100079
100079
100079
100079
100079
100079
100079
100079
100079
100079
100079
100079
100079
100079
100079
100079
100079
100079
100079
100079
100079
100079
100079
100079
100079
100079
100079
100079
100079
100079
100079
100079
100079
100079
100079
100079
100079
100079
100079
100079
100079
100079
100079
100079
100079
100079
100079
100079
100079
100079
100079
100079
100079
100079
100079
100079
100079
100079
100079
100079
100079
100079
100079
100079
100079
100079
100079
100079
100079
100079
100079
100079
100079
100079
100079
100079
100079
100079
100079
100079
100079
100079
100079
100079
100079
100079
100079
100079
100079
100079
100079
100079
100079
100079
100079
100079
100079
100079
100079
100079
100079
100079
100079
100079
100079
100079
100079
100079
100079
100079
100079
100079
100079
100079
100079
100079
100079
100079
100079
100079
100079
100079
100079
100079
100079
100079
100079
100079
100079
100079
100079
100079
100079
100079
100079
100079
100079
100079
100079
100079
100079
100079
100079
100079
100079
100079
100079
100079
100079
100079
100079
100079
100079
100079
100079
100079
100079
100079
100079
100079
100079
100079
100079
100079
100079
100079
100079
100079
100079
100079
100079
100079
100079
100079
100079
100079
100079
100079
100079
100079
100079
100079
100079
100079
100079
100079
100079
100079
100079
100079
100079
100079
100079
100079
100079
100079
100079
100079
100079
100079
100079
100079
100079
100079
100079
100079
100079
100079
100079
100079
100079
100079
100079
100079
100079
100079
100079
100079
100079
100079
100079
100079
100079
100079
100079
100079
100079
100079
100079
100079
100079
100079
100079
100079
100079
100079
100079
100079
100079
100079
100079
100079
100079
100079
100079
100079
100079
100079
100079
100079
100079
100079
100079
100079
100079
100079
100079
100079
100079
100079
100079
100079
100079
100079
100079
100079
100079
100079
100079
100079
100079
100079
100079
100079
100079
100079
100079
100079
100079
100079
100079
100079
100079
100079
100079
100079
100079
100079
100079
100079
100079
100079
100079
100079
100079
100079
100079
100079
100079
100079
100079
100079
100079
100079
100079
100079
100079
100079
100079
100079
100079
100079
100079
100079
100079
100079
100079
100079
100079
100079
100079
100079
100079
100079
100079
100079
100079
100079
100079
100079
100079
100079
100079
100079
100079
100079
100079
100079
100079
100079
100079
100079
100079
100079
100079
100079
100079
100079
100079
100079
100079
100079
100079
100079
100079
100079
100079
100079
100079
100079
100079
100079
100079
100079
100079
100079
100079
100079
100079
100079
100079
100079
100079
100079
100079
100079
100079
100079
100079
100079
100079
100079
100079
100079
100079
100079
100079
100079
100079
100079
100079
100079
100079
100079
100079
100079
100079
100079
100079
100079
100079
100079
100079
100079
100079
100079
100079
100079
100079
100079
100079
100079
100079
100079
100079
100079
100079
100079
100079
100079
100079
100079
100079
100079
100079
100079
100079
100079
100079
100079
100079
100079
100079
100079
100079
100079
100079
100079
100079
100079
100079
100079
100079
100079
100079
100079
100079
100079
100079
100079
100079
100079
100079
100079
100079
100079
100079
100079
100079
100079
100079
100079
100079
100079
100079
100079
100079
100079
100079
100079
100079
100079
100079
100079
100079
100079
100079
100079
100079
100079
100079
100079
100079
100079
100079
100079
100079
100079
100079
100079
100079
100079
100079
100079
100079
100079
100079
100079
100079
100079
100079
100079
100079
100079
100079
100079
100079
100079
100079
100079
100079
100079
100079
100079
100079
100079
100079
100079
100079
100079
100079
100079
100079
100079
100079
100079
100079
100079
100079
100079
100079
100079
100079
100079
100079
100079
100079
100079
100079
100079
100079
100079
100079
100079
100079
100079
100079
100079
100079
100079
100079
100079
100079
100079
100079
100079
100079
100079
100079
100079
100079
100079
100079
100079
100079
100079
100079
100079
100079
100079
100079
100079
100079
100079
100079
100079
100079
100079
100079
100079
100079
100079
100079
100079
100079
100079
100079
100079
100079
100079
100079
100079
100079
100079
100079
100079
100079
100079
100079
100079
100079
100079
100079
100079
100079
100079
100079
100079
100079
100079
100079
100079
100079
100079
100079
100079
100079
100079
100079
100079
100079
100079
100079
100079
100079
100079
100079
100079
100079
100079
100079
100079
100079
100079
100079
100079
100079
100079
100079
100079
100079
100079
100079
)
;
    }
}


// ************************************************************************* //
