/*--------------------------------*- C++ -*----------------------------------*\
| =========                 |                                                 |
| \\      /  F ield         | OpenFOAM: The Open Source CFD Toolbox           |
|  \\    /   O peration     | Version:  1.7.1                                 |
|   \\  /    A nd           | Web:      www.OpenFOAM.com                      |
|    \\/     M anipulation  |                                                 |
\*---------------------------------------------------------------------------*/
FoamFile
{
    version     2.0;
    format      ascii;
    class       volScalarField;
    location    "200";
    object      T;
}
// * * * * * * * * * * * * * * * * * * * * * * * * * * * * * * * * * * * * * //

dimensions      [0 0 0 1 0 0 0];

internalField   nonuniform List<scalar> 
4000
(
300.128
300.125
300.121
300.119
300.119
300.121
300.123
300.126
300.128
300.127
300.121
300.113
300.107
300.105
300.102
300.1
300.098
300.095
300.093
300.092
300.13
300.129
300.127
300.127
300.128
300.129
300.132
300.137
300.142
300.146
300.141
300.128
300.116
300.108
300.104
300.102
300.099
300.097
300.095
300.093
300.13
300.129
300.129
300.129
300.13
300.131
300.137
300.144
300.151
300.157
300.158
300.146
300.131
300.116
300.106
300.101
300.099
300.096
300.094
300.093
300.128
300.129
300.129
300.129
300.13
300.135
300.145
300.155
300.163
300.169
300.172
300.169
300.155
300.137
300.119
300.104
300.098
300.095
300.093
300.092
300.126
300.127
300.127
300.127
300.133
300.145
300.159
300.171
300.18
300.186
300.188
300.188
300.185
300.171
300.148
300.122
300.103
300.095
300.092
300.09
300.124
300.124
300.124
300.129
300.143
300.163
300.18
300.192
300.199
300.203
300.206
300.208
300.207
300.203
300.189
300.158
300.124
300.101
300.092
300.089
300.12
300.121
300.124
300.138
300.163
300.186
300.202
300.21
300.213
300.216
300.219
300.221
300.223
300.222
300.215
300.196
300.162
300.122
300.097
300.088
300.117
300.119
300.129
300.157
300.187
300.206
300.215
300.218
300.22
300.222
300.224
300.227
300.229
300.23
300.227
300.217
300.193
300.154
300.113
300.091
300.114
300.12
300.144
300.18
300.205
300.216
300.22
300.221
300.222
300.224
300.225
300.227
300.228
300.23
300.23
300.225
300.209
300.177
300.133
300.097
300.111
300.127
300.164
300.197
300.213
300.22
300.222
300.223
300.225
300.226
300.226
300.226
300.226
300.227
300.227
300.224
300.215
300.19
300.148
300.104
300.125
300.127
300.125
300.122
300.121
300.122
300.123
300.125
300.126
300.126
300.122
300.116
300.111
300.106
300.103
300.1
300.097
300.095
300.093
300.09
300.129
300.13
300.129
300.129
300.129
300.129
300.131
300.133
300.137
300.139
300.136
300.127
300.118
300.111
300.106
300.103
300.1
300.098
300.095
300.093
300.129
300.13
300.13
300.13
300.131
300.131
300.133
300.137
300.141
300.146
300.147
300.138
300.127
300.116
300.108
300.103
300.1
300.097
300.095
300.093
300.129
300.129
300.13
300.13
300.131
300.133
300.137
300.142
300.146
300.151
300.155
300.153
300.141
300.129
300.116
300.106
300.1
300.096
300.094
300.092
300.127
300.127
300.128
300.129
300.132
300.138
300.144
300.15
300.155
300.159
300.163
300.165
300.162
300.151
300.135
300.117
300.104
300.096
300.093
300.091
300.124
300.124
300.126
300.13
300.139
300.149
300.158
300.164
300.168
300.171
300.175
300.178
300.181
300.179
300.165
300.142
300.119
300.102
300.094
300.09
300.121
300.122
300.128
300.14
300.155
300.169
300.177
300.18
300.182
300.185
300.188
300.192
300.196
300.199
300.194
300.177
300.147
300.117
300.099
300.09
300.119
300.123
300.137
300.159
300.18
300.192
300.195
300.194
300.194
300.195
300.199
300.203
300.208
300.211
300.211
300.202
300.179
300.145
300.111
300.092
300.12
300.131
300.16
300.189
300.204
300.207
300.206
300.204
300.204
300.205
300.207
300.21
300.213
300.217
300.219
300.217
300.203
300.174
300.132
300.097
300.127
300.157
300.193
300.211
300.217
300.218
300.219
300.22
300.222
300.223
300.223
300.222
300.222
300.222
300.223
300.223
300.218
300.199
300.156
300.106
300.121
300.125
300.127
300.125
300.122
300.122
300.123
300.124
300.124
300.124
300.121
300.116
300.111
300.107
300.103
300.1
300.097
300.095
300.092
300.089
300.127
300.129
300.13
300.13
300.129
300.13
300.13
300.132
300.134
300.135
300.132
300.125
300.118
300.112
300.107
300.104
300.101
300.098
300.096
300.093
300.129
300.13
300.131
300.131
300.131
300.131
300.132
300.134
300.137
300.14
300.139
300.133
300.123
300.115
300.109
300.104
300.101
300.098
300.096
300.094
300.129
300.13
300.13
300.131
300.131
300.132
300.134
300.136
300.139
300.142
300.145
300.142
300.133
300.123
300.113
300.106
300.101
300.097
300.095
300.093
300.127
300.128
300.129
300.13
300.132
300.134
300.137
300.14
300.143
300.146
300.15
300.152
300.148
300.138
300.127
300.114
300.105
300.099
300.095
300.092
300.124
300.126
300.129
300.133
300.137
300.142
300.145
300.147
300.15
300.153
300.157
300.161
300.164
300.16
300.15
300.134
300.118
300.105
300.097
300.092
300.124
300.128
300.135
300.144
300.153
300.158
300.16
300.16
300.161
300.163
300.166
300.171
300.177
300.181
300.178
300.164
300.143
300.121
300.105
300.094
300.129
300.137
300.152
300.167
300.177
300.179
300.177
300.174
300.173
300.175
300.177
300.181
300.187
300.193
300.197
300.192
300.176
300.15
300.121
300.099
300.144
300.16
300.183
300.197
300.199
300.195
300.191
300.19
300.19
300.191
300.193
300.195
300.198
300.203
300.208
300.209
300.203
300.183
300.149
300.111
300.164
300.193
300.211
300.215
300.216
300.216
300.218
300.219
300.222
300.223
300.223
300.221
300.22
300.22
300.22
300.221
300.22
300.211
300.182
300.131
300.119
300.122
300.125
300.126
300.124
300.122
300.122
300.122
300.122
300.121
300.118
300.114
300.11
300.106
300.102
300.099
300.097
300.095
300.093
300.089
300.127
300.129
300.13
300.13
300.129
300.129
300.129
300.13
300.131
300.131
300.128
300.122
300.116
300.111
300.107
300.104
300.101
300.099
300.097
300.094
300.129
300.13
300.131
300.131
300.131
300.131
300.131
300.132
300.134
300.135
300.134
300.128
300.121
300.114
300.109
300.104
300.101
300.099
300.097
300.094
300.129
300.13
300.131
300.131
300.131
300.132
300.132
300.133
300.135
300.137
300.139
300.135
300.127
300.119
300.112
300.106
300.102
300.099
300.096
300.094
300.127
300.129
300.13
300.131
300.132
300.133
300.134
300.135
300.137
300.14
300.143
300.143
300.138
300.13
300.121
300.113
300.106
300.102
300.098
300.095
300.129
300.13
300.133
300.135
300.136
300.137
300.138
300.14
300.142
300.144
300.147
300.151
300.152
300.148
300.14
300.13
300.119
300.111
300.104
300.098
300.138
300.14
300.144
300.148
300.15
300.15
300.149
300.148
300.149
300.152
300.155
300.159
300.163
300.167
300.165
300.157
300.144
300.13
300.117
300.105
300.157
300.159
300.167
300.172
300.172
300.168
300.163
300.162
300.163
300.164
300.166
300.169
300.174
300.18
300.185
300.185
300.177
300.16
300.14
300.118
300.18
300.189
300.197
300.196
300.191
300.185
300.183
300.184
300.186
300.187
300.187
300.187
300.19
300.193
300.199
300.203
300.203
300.195
300.172
300.139
300.197
300.211
300.215
300.215
300.215
300.216
300.218
300.222
300.227
300.228
300.226
300.223
300.221
300.22
300.219
300.22
300.22
300.218
300.204
300.166
300.119
300.121
300.122
300.124
300.125
300.123
300.121
300.121
300.12
300.119
300.116
300.112
300.108
300.104
300.101
300.099
300.098
300.096
300.094
300.09
300.128
300.129
300.129
300.129
300.128
300.127
300.127
300.128
300.128
300.128
300.124
300.119
300.114
300.11
300.107
300.104
300.102
300.1
300.098
300.096
300.13
300.131
300.131
300.131
300.13
300.129
300.129
300.13
300.131
300.131
300.129
300.124
300.118
300.113
300.108
300.105
300.102
300.1
300.098
300.096
300.13
300.131
300.131
300.131
300.131
300.131
300.131
300.132
300.133
300.134
300.133
300.129
300.123
300.116
300.111
300.107
300.104
300.101
300.1
300.098
300.133
300.132
300.132
300.132
300.132
300.132
300.132
300.134
300.135
300.137
300.137
300.136
300.131
300.125
300.118
300.113
300.109
300.106
300.104
300.102
300.143
300.139
300.137
300.136
300.135
300.135
300.136
300.137
300.139
300.141
300.142
300.143
300.143
300.14
300.133
300.128
300.122
300.118
300.114
300.111
300.163
300.155
300.153
300.15
300.147
300.144
300.143
300.145
300.148
300.149
300.15
300.152
300.154
300.157
300.157
300.152
300.146
300.14
300.133
300.125
300.187
300.18
300.177
300.172
300.165
300.159
300.157
300.16
300.164
300.164
300.163
300.164
300.167
300.171
300.176
300.179
300.177
300.171
300.16
300.146
300.205
300.204
300.199
300.191
300.183
300.18
300.181
300.186
300.192
300.192
300.189
300.187
300.186
300.188
300.192
300.197
300.202
300.202
300.193
300.172
300.213
300.217
300.216
300.215
300.215
300.218
300.223
300.23
300.238
300.238
300.234
300.23
300.225
300.222
300.22
300.219
300.22
300.22
300.216
300.194
300.121
300.122
300.122
300.122
300.123
300.123
300.121
300.12
300.118
300.116
300.113
300.109
300.105
300.103
300.101
300.1
300.098
300.097
300.095
300.092
300.129
300.129
300.13
300.129
300.127
300.126
300.125
300.126
300.126
300.124
300.121
300.116
300.112
300.109
300.106
300.104
300.103
300.101
300.1
300.099
300.131
300.131
300.131
300.131
300.129
300.128
300.128
300.129
300.13
300.129
300.125
300.121
300.116
300.112
300.108
300.106
300.104
300.102
300.102
300.102
300.135
300.133
300.132
300.132
300.131
300.13
300.13
300.133
300.135
300.133
300.13
300.125
300.12
300.115
300.111
300.108
300.106
300.105
300.105
300.106
300.145
300.138
300.134
300.133
300.132
300.131
300.132
300.136
300.139
300.138
300.135
300.131
300.127
300.121
300.117
300.113
300.112
300.112
300.113
300.115
300.163
300.149
300.142
300.137
300.135
300.135
300.136
300.142
300.147
300.145
300.141
300.139
300.137
300.134
300.13
300.127
300.126
300.126
300.127
300.13
300.186
300.169
300.158
300.15
300.144
300.142
300.144
300.153
300.159
300.157
300.151
300.148
300.148
300.15
300.151
300.149
300.149
300.149
300.149
300.15
300.206
300.192
300.179
300.168
300.159
300.156
300.16
300.171
300.18
300.177
300.168
300.163
300.163
300.165
300.17
300.174
300.177
300.178
300.177
300.173
300.216
300.207
300.195
300.185
300.18
300.18
300.187
300.199
300.211
300.209
300.198
300.191
300.187
300.186
300.189
300.193
300.199
300.203
300.204
300.195
300.22
300.218
300.216
300.216
300.218
300.223
300.232
300.244
300.256
300.256
300.247
300.239
300.232
300.226
300.222
300.22
300.219
300.22
300.22
300.21
300.123
300.123
300.123
300.122
300.121
300.121
300.121
300.119
300.117
300.113
300.11
300.106
300.104
300.102
300.101
300.1
300.1
300.099
300.097
300.094
300.132
300.131
300.13
300.129
300.127
300.125
300.125
300.127
300.128
300.125
300.12
300.115
300.111
300.109
300.107
300.106
300.105
300.104
300.104
300.105
300.137
300.133
300.132
300.131
300.129
300.128
300.13
300.136
300.139
300.136
300.126
300.119
300.115
300.111
300.109
300.107
300.106
300.106
300.108
300.111
300.145
300.137
300.134
300.132
300.131
300.13
300.134
300.146
300.151
300.146
300.133
300.124
300.118
300.114
300.111
300.109
300.109
300.11
300.113
300.119
300.159
300.144
300.137
300.134
300.132
300.132
300.139
300.156
300.166
300.156
300.14
300.13
300.124
300.12
300.116
300.115
300.115
300.118
300.123
300.132
300.18
300.158
300.145
300.138
300.136
300.136
300.145
300.167
300.181
300.169
300.149
300.137
300.133
300.13
300.128
300.127
300.128
300.133
300.14
300.15
300.202
300.177
300.16
300.149
300.143
300.144
300.155
300.179
300.198
300.187
300.161
300.149
300.144
300.144
300.146
300.147
300.15
300.155
300.163
300.171
300.215
300.195
300.177
300.163
300.157
300.16
300.173
300.197
300.219
300.21
300.183
300.167
300.161
300.161
300.164
300.17
300.175
300.181
300.188
300.193
300.22
300.206
300.191
300.183
300.181
300.187
300.202
300.224
300.245
300.24
300.216
300.199
300.19
300.186
300.186
300.189
300.195
300.202
300.208
300.209
300.222
300.219
300.218
300.218
300.223
300.232
300.246
300.263
300.282
300.28
300.265
300.25
300.239
300.23
300.224
300.22
300.219
300.219
300.22
300.217
300.126
300.125
300.124
300.122
300.121
300.12
300.119
300.126
300.125
300.118
300.112
300.106
300.104
300.103
300.103
300.102
300.101
300.101
300.1
300.098
300.137
300.133
300.132
300.13
300.128
300.126
300.127
300.145
300.162
300.157
300.135
300.118
300.112
300.11
300.109
300.108
300.108
300.108
300.109
300.112
300.144
300.137
300.134
300.132
300.13
300.129
300.136
300.168
300.205
300.197
300.15
300.125
300.116
300.112
300.11
300.11
300.11
300.111
300.115
300.122
300.155
300.142
300.136
300.133
300.132
300.133
300.146
300.189
300.237
300.226
300.161
300.13
300.119
300.115
300.113
300.112
300.113
300.116
300.122
300.132
300.171
300.15
300.14
300.135
300.134
300.136
300.156
300.206
300.257
300.244
300.17
300.136
300.124
300.119
300.117
300.117
300.119
300.124
300.133
300.147
300.192
300.164
300.147
300.14
300.137
300.142
300.167
300.219
300.271
300.256
300.18
300.144
300.132
300.128
300.127
300.127
300.131
300.138
300.15
300.166
300.21
300.18
300.16
300.148
300.145
300.153
300.179
300.231
300.28
300.266
300.193
300.156
300.143
300.141
300.142
300.145
300.15
300.159
300.172
300.186
300.218
300.194
300.174
300.162
300.16
300.171
300.197
300.243
300.288
300.278
300.212
300.176
300.162
300.158
300.159
300.164
300.172
300.182
300.193
300.203
300.221
300.204
300.19
300.184
300.186
300.199
300.224
300.261
300.299
300.292
300.242
300.211
300.193
300.185
300.183
300.185
300.191
300.199
300.209
300.215
300.223
300.22
300.219
300.222
300.23
300.244
300.263
300.288
300.316
300.314
300.285
300.263
300.246
300.233
300.225
300.219
300.217
300.217
300.219
300.22
300.128
300.126
300.124
300.122
300.12
300.118
300.117
300.125
300.208
300.229
300.198
300.116
300.106
300.104
300.104
300.103
300.103
300.103
300.102
300.1
300.142
300.137
300.134
300.131
300.128
300.126
300.128
300.162
300.332
300.481
300.284
300.142
300.117
300.112
300.111
300.111
300.111
300.112
300.115
300.119
300.151
300.141
300.137
300.134
300.131
300.13
300.139
300.205
300.39
300.514
300.278
300.15
300.122
300.115
300.113
300.113
300.114
300.117
300.122
300.131
300.163
300.146
300.139
300.135
300.133
300.135
300.151
300.237
300.411
300.495
300.265
300.153
300.125
300.117
300.115
300.115
300.117
300.122
300.13
300.143
300.18
300.155
300.143
300.137
300.135
300.139
300.166
300.257
300.412
300.462
300.254
300.156
300.129
300.121
300.119
300.119
300.123
300.129
300.141
300.159
300.199
300.168
300.15
300.142
300.139
300.147
300.181
300.271
300.402
300.427
300.247
300.162
300.135
300.128
300.127
300.128
300.133
300.142
300.157
300.177
300.213
300.182
300.161
300.149
300.148
300.159
300.198
300.28
300.387
300.398
300.245
300.171
300.145
300.139
300.139
300.143
300.149
300.16
300.176
300.194
300.22
300.194
300.173
300.163
300.164
300.18
300.219
300.288
300.373
300.378
300.252
300.188
300.163
300.155
300.155
300.16
300.168
300.18
300.194
300.209
300.222
300.204
300.19
300.186
300.192
300.211
300.245
300.299
300.361
300.363
300.273
300.222
300.196
300.183
300.179
300.18
300.186
300.195
300.207
300.217
300.225
300.222
300.222
300.227
300.238
300.256
300.282
300.316
300.356
300.356
300.308
300.274
300.251
300.234
300.223
300.216
300.213
300.214
300.217
300.22
300.127
300.126
300.124
300.121
300.119
300.116
300.113
300.118
300.229
301.945
301.249
300.136
300.106
300.104
300.104
300.104
300.103
300.103
300.102
300.099
300.146
300.139
300.135
300.131
300.128
300.124
300.125
300.157
300.481
301.399
300.679
300.168
300.119
300.113
300.112
300.112
300.113
300.114
300.116
300.12
300.157
300.146
300.14
300.135
300.131
300.129
300.136
300.197
300.514
301.053
300.463
300.17
300.125
300.116
300.115
300.116
300.118
300.121
300.127
300.136
300.169
300.151
300.142
300.137
300.134
300.133
300.146
300.226
300.495
300.818
300.361
300.168
300.128
300.119
300.118
300.119
300.121
300.126
300.135
300.149
300.186
300.159
300.146
300.14
300.137
300.138
300.156
300.244
300.462
300.654
300.307
300.168
300.132
300.123
300.121
300.123
300.126
300.133
300.145
300.165
300.203
300.171
300.153
300.144
300.141
300.145
300.169
300.256
300.427
300.539
300.278
300.169
300.137
300.129
300.128
300.13
300.135
300.144
300.16
300.182
300.216
300.185
300.163
300.152
300.149
300.157
300.187
300.266
300.398
300.461
300.263
300.175
300.146
300.138
300.138
300.142
300.148
300.16
300.178
300.199
300.222
300.195
300.175
300.164
300.164
300.177
300.21
300.278
300.378
300.415
300.263
300.189
300.161
300.153
300.152
300.157
300.165
300.177
300.194
300.211
300.224
300.205
300.191
300.187
300.192
300.209
300.24
300.292
300.363
300.386
300.279
300.221
300.193
300.18
300.175
300.176
300.182
300.192
300.206
300.218
300.226
300.223
300.223
300.228
300.238
300.256
300.28
300.314
300.356
300.374
300.315
300.275
300.249
300.232
300.22
300.212
300.209
300.21
300.214
300.219
300.121
300.122
300.121
300.118
300.116
300.113
300.11
300.112
300.198
301.249
300.952
300.122
300.102
300.101
300.101
300.102
300.101
300.101
300.1
300.095
300.141
300.136
300.132
300.128
300.124
300.121
300.12
300.135
300.284
300.679
300.4
300.14
300.113
300.11
300.109
300.11
300.11
300.111
300.112
300.114
300.158
300.147
300.139
300.134
300.129
300.125
300.126
300.15
300.278
300.463
300.267
300.142
300.118
300.114
300.113
300.114
300.116
300.119
300.123
300.132
300.172
300.155
300.145
300.139
300.133
300.13
300.133
300.161
300.265
300.361
300.222
300.142
300.122
300.117
300.117
300.118
300.121
300.126
300.134
300.148
300.188
300.163
300.15
300.143
300.137
300.135
300.14
300.17
300.254
300.307
300.204
300.145
300.126
300.122
300.122
300.124
300.128
300.134
300.145
300.164
300.206
300.175
300.157
300.147
300.142
300.141
300.149
300.18
300.247
300.278
300.196
300.149
300.132
300.128
300.128
300.131
300.136
300.145
300.159
300.183
300.219
300.188
300.166
300.155
300.15
300.151
300.161
300.193
300.245
300.263
300.197
300.157
300.141
300.137
300.138
300.141
300.148
300.159
300.177
300.2
300.224
300.199
300.177
300.166
300.163
300.168
300.183
300.212
300.252
300.263
300.208
300.172
300.156
300.151
300.151
300.155
300.163
300.175
300.194
300.213
300.225
300.207
300.193
300.187
300.189
300.198
300.216
300.242
300.273
300.279
300.234
300.203
300.185
300.177
300.174
300.175
300.18
300.19
300.206
300.219
300.226
300.223
300.223
300.226
300.234
300.247
300.265
300.285
300.308
300.315
300.283
300.259
300.241
300.227
300.217
300.21
300.207
300.208
300.213
300.219
300.113
300.116
300.116
300.114
300.112
300.109
300.106
300.106
300.116
300.136
300.122
300.102
300.099
300.098
300.098
300.098
300.098
300.097
300.095
300.09
300.128
300.127
300.125
300.122
300.119
300.116
300.115
300.118
300.142
300.168
300.14
300.114
300.107
300.105
300.105
300.105
300.105
300.105
300.105
300.104
300.146
300.138
300.133
300.128
300.124
300.121
300.119
300.125
300.15
300.17
300.142
300.119
300.111
300.109
300.108
300.109
300.11
300.112
300.115
300.121
300.169
300.153
300.142
300.135
300.129
300.125
300.124
300.13
300.153
300.168
300.142
300.123
300.115
300.113
300.112
300.113
300.115
300.119
300.127
300.14
300.188
300.165
300.152
300.143
300.136
300.131
300.13
300.136
300.156
300.168
300.145
300.128
300.12
300.118
300.118
300.119
300.123
300.129
300.14
300.161
300.208
300.178
300.161
300.151
300.143
300.139
300.137
300.144
300.162
300.169
300.149
300.134
300.128
300.126
300.127
300.129
300.134
300.143
300.157
300.181
300.221
300.192
300.171
300.159
300.152
300.148
300.149
300.156
300.171
300.175
300.157
300.143
300.138
300.137
300.138
300.142
300.148
300.159
300.176
300.2
300.227
300.203
300.181
300.169
300.164
300.163
300.167
300.176
300.188
300.189
300.172
300.159
300.153
300.151
300.152
300.156
300.163
300.176
300.195
300.214
300.227
300.21
300.195
300.187
300.187
300.191
300.199
300.211
300.222
300.221
300.203
300.188
300.18
300.175
300.174
300.175
300.181
300.191
300.207
300.22
300.226
300.222
300.221
300.223
300.23
300.239
300.25
300.263
300.274
300.275
300.259
300.244
300.232
300.222
300.214
300.209
300.206
300.208
300.213
300.219
300.107
300.111
300.111
300.11
300.108
300.105
300.104
300.104
300.106
300.106
300.102
300.099
300.097
300.096
300.095
300.095
300.094
300.094
300.091
300.086
300.116
300.118
300.118
300.116
300.114
300.112
300.111
300.112
300.117
300.119
300.113
300.107
300.104
300.102
300.101
300.1
300.1
300.099
300.099
300.096
300.131
300.127
300.123
300.121
300.118
300.116
300.115
300.116
300.122
300.125
300.118
300.111
300.107
300.105
300.103
300.103
300.103
300.104
300.107
300.111
300.155
300.141
300.133
300.127
300.123
300.12
300.118
300.119
300.125
300.128
300.122
300.115
300.111
300.108
300.107
300.107
300.108
300.111
300.118
300.13
300.185
300.162
300.148
300.138
300.131
300.127
300.124
300.124
300.129
300.132
300.126
300.12
300.116
300.114
300.113
300.113
300.116
300.122
300.133
300.154
300.207
300.181
300.164
300.152
300.143
300.137
300.133
300.132
300.135
300.137
300.132
300.128
300.125
300.123
300.123
300.125
300.129
300.138
300.153
300.177
300.223
300.196
300.177
300.163
300.154
300.148
300.144
300.143
300.145
300.146
300.141
300.138
300.136
300.137
300.139
300.142
300.148
300.158
300.175
300.198
300.229
300.208
300.187
300.174
300.167
300.163
300.161
300.162
300.163
300.161
300.156
300.153
300.152
300.153
300.155
300.16
300.167
300.178
300.195
300.213
300.228
300.213
300.198
300.19
300.186
300.187
300.19
300.193
300.196
300.193
300.185
300.18
300.177
300.175
300.176
300.178
300.184
300.194
300.208
300.22
300.226
300.222
300.22
300.221
300.225
300.232
300.239
300.246
300.251
300.249
300.241
300.232
300.224
300.217
300.211
300.208
300.206
300.209
300.214
300.22
300.105
300.106
300.107
300.106
300.104
300.103
300.102
300.103
300.104
300.104
300.101
300.098
300.096
300.094
300.093
300.092
300.091
300.09
300.088
300.084
300.108
300.111
300.112
300.111
300.11
300.109
300.109
300.11
300.112
300.113
300.11
300.105
300.102
300.099
300.097
300.096
300.095
300.094
300.093
300.09
300.116
300.116
300.115
300.114
300.113
300.112
300.111
300.112
300.115
300.116
300.114
300.109
300.105
300.101
300.099
300.098
300.097
300.097
300.098
300.1
300.137
300.129
300.123
300.119
300.116
300.115
300.114
300.115
300.117
300.119
300.117
300.113
300.108
300.104
300.102
300.101
300.101
300.102
300.107
300.116
300.171
300.151
300.138
300.13
300.125
300.121
300.12
300.119
300.121
300.123
300.122
300.118
300.114
300.11
300.108
300.107
300.109
300.113
300.121
300.139
300.203
300.179
300.16
300.148
300.14
300.134
300.13
300.128
300.128
300.129
300.128
300.126
300.123
300.121
300.12
300.12
300.123
300.13
300.142
300.166
300.222
300.199
300.181
300.167
300.157
300.15
300.144
300.141
300.139
300.138
300.137
300.137
300.137
300.138
300.139
300.14
300.145
300.153
300.168
300.189
300.23
300.211
300.193
300.18
300.171
300.165
300.161
300.158
300.155
300.153
300.151
300.151
300.153
300.155
300.159
300.164
300.169
300.178
300.192
300.207
300.23
300.217
300.203
300.193
300.188
300.186
300.186
300.185
300.183
300.18
300.177
300.175
300.175
300.176
300.178
300.182
300.189
300.197
300.208
300.217
300.227
300.222
300.22
300.22
300.222
300.226
300.23
300.233
300.234
300.232
300.227
300.222
300.217
300.213
300.209
300.207
300.207
300.21
300.215
300.219
300.102
300.103
300.103
300.102
300.101
300.101
300.101
300.103
300.104
300.104
300.101
300.098
300.095
300.093
300.091
300.09
300.089
300.088
300.086
300.083
300.104
300.106
300.107
300.107
300.107
300.106
300.107
300.109
300.111
300.112
300.109
300.105
300.101
300.097
300.095
300.093
300.092
300.09
300.089
300.086
300.106
300.108
300.109
300.109
300.108
300.108
300.109
300.11
300.113
300.115
300.113
300.108
300.103
300.099
300.096
300.094
300.092
300.091
300.09
300.09
300.119
300.116
300.113
300.112
300.111
300.111
300.111
300.113
300.115
300.118
300.117
300.112
300.107
300.102
300.098
300.096
300.094
300.094
300.095
300.099
300.148
300.135
300.127
300.121
300.118
300.117
300.116
300.117
300.119
300.121
300.122
300.118
300.113
300.108
300.104
300.102
300.101
300.101
300.105
300.116
300.189
300.165
300.15
300.14
300.133
300.13
300.128
300.127
300.127
300.128
300.128
300.127
300.123
300.12
300.117
300.115
300.115
300.116
300.123
300.141
300.215
300.194
300.178
300.165
300.157
300.151
300.146
300.142
300.139
300.138
300.138
300.138
300.139
300.139
300.138
300.138
300.138
300.141
300.149
300.169
300.227
300.211
300.197
300.185
300.176
300.17
300.164
300.159
300.155
300.152
300.151
300.152
300.155
300.159
300.163
300.166
300.168
300.172
300.179
300.191
300.23
300.219
300.208
300.199
300.192
300.189
300.186
300.183
300.179
300.175
300.174
300.174
300.176
300.178
300.182
300.187
300.192
300.198
300.202
300.206
300.227
300.223
300.22
300.219
300.22
300.222
300.224
300.225
300.223
300.22
300.217
300.214
300.211
300.209
300.208
300.208
300.209
300.211
300.214
300.213
300.1
300.1
300.1
300.099
300.099
300.1
300.1
300.102
300.103
300.104
300.102
300.098
300.095
300.092
300.09
300.088
300.087
300.086
300.084
300.082
300.102
300.103
300.104
300.104
300.104
300.104
300.106
300.108
300.111
300.112
300.11
300.105
300.1
300.096
300.093
300.091
300.089
300.088
300.086
300.083
300.101
300.103
300.104
300.104
300.105
300.106
300.107
300.11
300.113
300.116
300.114
300.109
300.103
300.098
300.094
300.091
300.088
300.087
300.085
300.084
300.104
300.106
300.106
300.106
300.107
300.108
300.109
300.112
300.115
300.119
300.118
300.113
300.107
300.101
300.096
300.092
300.089
300.087
300.086
300.086
300.122
300.117
300.114
300.113
300.113
300.113
300.115
300.117
300.119
300.123
300.124
300.119
300.113
300.107
300.102
300.097
300.093
300.091
300.09
300.093
300.158
300.142
300.134
300.13
300.128
300.127
300.127
300.127
300.128
300.13
300.131
300.129
300.125
300.12
300.115
300.11
300.105
300.101
300.101
300.109
300.196
300.177
300.164
300.157
300.152
300.149
300.147
300.145
300.143
300.142
300.141
300.142
300.142
300.14
300.138
300.134
300.128
300.122
300.121
300.135
300.217
300.202
300.192
300.185
300.179
300.174
300.17
300.164
300.16
300.157
300.155
300.156
300.16
300.164
300.166
300.165
300.161
300.155
300.152
300.161
300.225
300.217
300.209
300.203
300.197
300.193
300.189
300.185
300.18
300.176
300.175
300.175
300.178
300.182
300.187
300.191
300.193
300.191
300.185
300.182
300.224
300.223
300.221
300.22
300.219
300.22
300.22
300.219
300.216
300.212
300.21
300.209
300.208
300.207
300.208
300.209
300.21
300.211
300.207
300.197
300.098
300.097
300.097
300.097
300.098
300.098
300.1
300.101
300.103
300.103
300.101
300.098
300.094
300.091
300.089
300.087
300.086
300.084
300.083
300.081
300.099
300.1
300.101
300.101
300.102
300.103
300.105
300.108
300.111
300.113
300.11
300.105
300.1
300.095
300.092
300.089
300.087
300.086
300.084
300.082
300.099
300.1
300.101
300.101
300.102
300.104
300.106
300.11
300.114
300.118
300.116
300.11
300.103
300.097
300.092
300.088
300.086
300.084
300.083
300.081
300.098
300.1
300.101
300.102
300.104
300.106
300.109
300.113
300.117
300.121
300.121
300.115
300.108
300.101
300.094
300.089
300.085
300.083
300.081
300.079
300.103
300.104
300.105
300.106
300.109
300.112
300.115
300.119
300.123
300.126
300.128
300.123
300.116
300.109
300.101
300.093
300.087
300.083
300.081
300.08
300.124
300.119
300.118
300.119
300.122
300.126
300.128
300.131
300.133
300.135
300.136
300.134
300.129
300.123
300.115
300.105
300.095
300.088
300.084
300.084
300.162
300.147
300.143
300.144
300.146
300.149
300.15
300.15
300.149
300.148
300.148
300.148
300.148
300.145
300.138
300.128
300.114
300.102
300.094
300.096
300.193
300.179
300.176
300.177
300.177
300.177
300.175
300.172
300.168
300.165
300.163
300.163
300.167
300.169
300.168
300.161
300.147
300.13
300.115
300.118
300.209
300.203
300.203
300.203
300.202
300.199
300.195
300.191
300.186
300.182
300.18
300.181
300.184
300.189
300.192
300.193
300.187
300.172
300.15
300.141
300.215
300.218
300.22
300.22
300.22
300.219
300.219
300.217
300.213
300.209
300.207
300.206
300.206
300.207
300.209
300.21
300.21
300.204
300.186
300.162
300.095
300.095
300.095
300.095
300.096
300.097
300.099
300.101
300.103
300.103
300.101
300.097
300.094
300.09
300.088
300.086
300.084
300.083
300.082
300.08
300.097
300.098
300.098
300.099
300.1
300.101
300.104
300.108
300.112
300.114
300.111
300.105
300.099
300.094
300.09
300.088
300.086
300.084
300.083
300.081
300.096
300.097
300.098
300.099
300.1
300.102
300.106
300.111
300.117
300.121
300.119
300.112
300.104
300.097
300.091
300.087
300.084
300.082
300.081
300.079
300.095
300.096
300.097
300.099
300.101
300.105
300.11
300.116
300.122
300.126
300.126
300.119
300.111
300.102
300.094
300.087
300.083
300.08
300.078
300.077
300.095
300.096
300.099
300.102
300.106
300.112
300.118
300.124
300.129
300.133
300.134
300.129
300.122
300.113
300.101
300.091
300.083
300.079
300.076
300.075
300.101
300.102
300.105
300.111
300.118
300.126
300.133
300.138
300.142
300.144
300.145
300.143
300.138
300.13
300.116
300.101
300.088
300.08
300.075
300.073
300.122
300.117
300.121
300.13
300.14
300.149
300.155
300.159
300.16
300.16
300.159
300.159
300.158
300.153
300.141
300.122
300.102
300.086
300.077
300.075
300.154
300.145
300.15
300.16
300.171
300.178
300.181
300.182
300.18
300.177
300.175
300.176
300.178
300.178
300.172
300.155
300.13
300.103
300.085
300.082
300.177
300.174
300.183
300.195
300.202
300.203
300.202
300.199
300.195
300.192
300.19
300.191
300.194
300.197
300.198
300.191
300.172
300.139
300.106
300.096
300.19
300.199
300.211
300.218
300.22
300.22
300.219
300.217
300.214
300.21
300.208
300.208
300.209
300.21
300.211
300.211
300.204
300.182
300.141
300.112
300.093
300.093
300.092
300.093
300.094
300.095
300.097
300.1
300.102
300.102
300.1
300.095
300.091
300.088
300.086
300.084
300.083
300.082
300.08
300.079
300.095
300.095
300.096
300.097
300.098
300.1
300.104
300.109
300.115
300.116
300.112
300.105
300.099
300.093
300.089
300.086
300.084
300.083
300.081
300.079
300.094
300.095
300.096
300.097
300.098
300.102
300.108
300.115
300.122
300.127
300.123
300.115
300.107
300.098
300.09
300.085
300.083
300.081
300.079
300.078
300.093
300.094
300.095
300.096
300.1
300.105
300.113
300.122
300.13
300.135
300.134
300.127
300.118
300.107
300.095
300.086
300.081
300.078
300.077
300.075
300.092
300.093
300.095
300.098
300.104
300.113
300.123
300.133
300.141
300.145
300.145
300.14
300.133
300.121
300.105
300.09
300.081
300.076
300.074
300.073
300.092
300.094
300.097
300.104
300.114
300.127
300.14
300.15
300.157
300.16
300.159
300.157
300.153
300.142
300.123
300.101
300.084
300.075
300.072
300.07
300.097
300.099
300.105
300.117
300.133
300.149
300.163
300.172
300.176
300.178
300.177
300.176
300.175
300.168
300.149
300.121
300.094
300.077
300.071
300.068
300.113
300.111
300.121
300.14
300.16
300.177
300.188
300.193
300.194
300.194
300.194
300.195
300.195
300.192
300.179
300.152
300.115
300.085
300.071
300.068
300.133
300.132
300.149
300.172
300.193
300.204
300.208
300.209
300.207
300.206
300.206
300.207
300.208
300.208
300.202
300.185
300.15
300.106
300.077
300.07
300.148
300.156
300.182
300.204
300.216
300.22
300.22
300.219
300.217
300.214
300.213
300.213
300.214
300.215
300.214
300.207
300.186
300.141
300.094
300.074
300.092
300.09
300.089
300.089
300.09
300.092
300.094
300.098
300.1
300.099
300.095
300.09
300.086
300.084
300.083
300.082
300.081
300.08
300.079
300.078
300.093
300.093
300.093
300.094
300.096
300.099
300.105
300.112
300.119
300.12
300.114
300.104
300.096
300.09
300.086
300.083
300.082
300.081
300.079
300.078
300.093
300.093
300.094
300.094
300.096
300.102
300.111
300.122
300.131
300.136
300.132
300.121
300.111
300.1
300.09
300.084
300.081
300.079
300.078
300.076
300.092
300.092
300.093
300.094
300.098
300.106
300.119
300.132
300.143
300.149
300.148
300.14
300.13
300.116
300.099
300.086
300.079
300.077
300.075
300.074
300.09
300.091
300.092
300.095
300.102
300.115
300.132
300.147
300.159
300.165
300.164
300.161
300.154
300.139
300.116
300.093
300.08
300.075
300.073
300.071
300.089
300.09
300.092
300.098
300.111
300.13
300.15
300.166
300.177
300.182
300.183
300.181
300.177
300.166
300.141
300.109
300.084
300.073
300.07
300.069
300.088
300.09
300.094
300.105
300.125
300.15
300.171
300.186
300.194
300.199
300.2
300.2
300.198
300.189
300.169
300.135
300.096
300.075
300.068
300.066
300.091
300.092
300.099
300.118
300.146
300.173
300.193
300.203
300.209
300.211
300.213
300.214
300.213
300.207
300.191
300.161
300.118
300.082
300.068
300.064
300.097
300.097
300.111
300.139
300.172
300.195
300.209
300.215
300.217
300.218
300.219
300.22
300.22
300.217
300.206
300.182
300.141
300.096
300.07
300.063
300.104
300.106
300.131
300.166
300.194
300.21
300.217
300.22
300.22
300.219
300.219
300.219
300.22
300.219
300.213
300.197
300.162
300.112
300.074
300.062
)
;

boundaryField
{
    floor
    {
        type            fixedValue;
        value           nonuniform List<scalar> 
400
(
300
300
300
300
300
300
300
300
300
300
300
300
300
300
300
300
300
300
300
300
300
300
300
300
300
300
300
300
300
300
300
300
300
300
300
300
300
300
300
300
300
300
300
300
300
300
300
300
300
300
300
300
300
300
300
300
300
300
300
300
300
300
300
300
300
300
300
300
300
300
300
300
300
300
300
300
300
300
300
300
300
300
300
300
300
300
300
300
300
300
300
300
300
300
300
300
300
300
300
300
300
300
300
300
300
300
300
300
300
300
300
300
300
300
300
300
300
300
300
300
300
300
300
300
300
300
300
300
300
300
300
300
300
300
300
300
300
300
300
300
300
300
300
300
300
300
300
300
300
300
300
300
300
300
300
300
300
300
300
300
300
300
300
300
300
300
300
300
300
300
300
300
300
300
300
300
300
300
300
300
300
300
300
300
300
300
300
300
300
600
600
300
300
300
300
300
300
300
300
300
300
300
300
300
300
300
300
300
300
600
600
300
300
300
300
300
300
300
300
300
300
300
300
300
300
300
300
300
300
300
300
300
300
300
300
300
300
300
300
300
300
300
300
300
300
300
300
300
300
300
300
300
300
300
300
300
300
300
300
300
300
300
300
300
300
300
300
300
300
300
300
300
300
300
300
300
300
300
300
300
300
300
300
300
300
300
300
300
300
300
300
300
300
300
300
300
300
300
300
300
300
300
300
300
300
300
300
300
300
300
300
300
300
300
300
300
300
300
300
300
300
300
300
300
300
300
300
300
300
300
300
300
300
300
300
300
300
300
300
300
300
300
300
300
300
300
300
300
300
300
300
300
300
300
300
300
300
300
300
300
300
300
300
300
300
300
300
300
300
300
300
300
300
300
300
300
300
300
300
300
300
300
300
300
300
300
300
300
300
300
300
300
300
300
300
300
300
300
300
300
)
;
    }
    ceiling
    {
        type            fixedValue;
        value           uniform 300;
    }
    fixedWalls
    {
        type            zeroGradient;
    }
}


// ************************************************************************* //
