/*--------------------------------*- C++ -*----------------------------------*\
| =========                 |                                                 |
| \\      /  F ield         | OpenFOAM: The Open Source CFD Toolbox           |
|  \\    /   O peration     | Version:  1.7.1                                 |
|   \\  /    A nd           | Web:      www.OpenFOAM.com                      |
|    \\/     M anipulation  |                                                 |
\*---------------------------------------------------------------------------*/
FoamFile
{
    version     2.0;
    format      ascii;
    class       volScalarField;
    location    "600";
    object      alphat;
}
// * * * * * * * * * * * * * * * * * * * * * * * * * * * * * * * * * * * * * //

dimensions      [1 -1 -1 0 0 0 0];

internalField   nonuniform List<scalar> 
4000
(
0.000236041
0.000242026
0.000244736
0.000247865
0.0002542
0.0002596
0.000262732
0.00026338
0.000261667
0.000259094
0.000258271
0.00026308
0.000265249
0.000264344
0.00026251
0.000260267
0.000257358
0.000253168
0.000247239
0.000239412
0.000259294
0.000268752
0.000276372
0.000283598
0.00028714
0.000289419
0.000292484
0.000294487
0.00029554
0.000297159
0.000301398
0.000306898
0.000303106
0.000294525
0.000285533
0.000278191
0.000271934
0.000267679
0.000260881
0.000254382
0.000304107
0.000306898
0.000307792
0.000308651
0.000309229
0.000312223
0.000315916
0.000319477
0.00032551
0.000333529
0.000343046
0.000348924
0.00033965
0.00032218
0.00030469
0.0002922
0.000283655
0.000286658
0.000286287
0.000285807
0.000382509
0.000372934
0.000364753
0.000356044
0.000346505
0.000339502
0.000324953
0.000335368
0.000350781
0.000367742
0.00038279
0.000389637
0.000375083
0.000346823
0.000318929
0.000313482
0.000320031
0.000327612
0.000337753
0.00034765
0.000465881
0.000451343
0.000430152
0.000412467
0.00039772
0.000385054
0.000373328
0.000377293
0.000395895
0.000418436
0.000434923
0.000442889
0.000427305
0.000398741
0.000374132
0.000364853
0.000371047
0.000385584
0.000410626
0.000442819
0.000491629
0.000491683
0.000486644
0.000476496
0.000469667
0.000471713
0.000483533
0.000497262
0.000508962
0.000515536
0.000518248
0.000523218
0.000516844
0.000500031
0.000480712
0.000463851
0.000455907
0.000460727
0.000470202
0.00047761
0.000508735
0.000519762
0.000529533
0.000541136
0.000555214
0.000571397
0.00058754
0.000600873
0.000608548
0.000607639
0.000604172
0.000608418
0.000606868
0.000595959
0.000578613
0.000558461
0.000538891
0.000522686
0.00051126
0.000500166
0.000523073
0.000546372
0.0005713
0.000596742
0.000622124
0.000646244
0.000667329
0.00068308
0.000690407
0.000687039
0.000683209
0.000689289
0.000687727
0.000676113
0.000656687
0.000631972
0.000604179
0.000575307
0.00054681
0.000518479
0.000539065
0.000574352
0.000611381
0.00064685
0.000680793
0.000712171
0.000739257
0.000759324
0.000768939
0.000766548
0.000765133
0.000773111
0.000769172
0.000752967
0.000727577
0.00069594
0.000660173
0.000621639
0.000580116
0.0005367
0.000559135
0.000607708
0.000655378
0.000698149
0.000737584
0.000773375
0.000804536
0.000829351
0.000845575
0.000852008
0.000858677
0.000860483
0.000848612
0.000826372
0.000796141
0.000759561
0.000717803
0.000671519
0.000618876
0.000560064
0.000242026
0.000259196
0.000267853
0.000273205
0.00027855
0.000287014
0.000294528
0.00030047
0.000304575
0.000307459
0.000310531
0.000316098
0.000315043
0.000308925
0.000301248
0.000293068
0.00028443
0.000275717
0.000265201
0.000251144
0.000268752
0.000416931
0.000516199
0.000620961
0.000707156
0.00075233
0.000787449
0.000822114
0.000849321
0.00085128
0.00082676
0.000788236
0.000761963
0.000733658
0.00070378
0.000670032
0.00063857
0.000574983
0.000447759
0.00026793
0.000306898
0.000424886
0.000512656
0.000608528
0.000708787
0.000811348
0.000874116
0.000906498
0.000942022
0.0009405
0.000895379
0.000827386
0.000781366
0.000750996
0.000732573
0.000717665
0.000642201
0.000530645
0.000421028
0.000291042
0.000372934
0.000484398
0.000535108
0.000577406
0.000622641
0.000674489
0.000735337
0.000820688
0.000845595
0.000850314
0.000827988
0.000785869
0.000740002
0.000695705
0.000658157
0.000600536
0.000545832
0.000495681
0.000444586
0.000347167
0.000451343
0.000614297
0.000641324
0.000639903
0.000636315
0.000637775
0.000646893
0.00067407
0.0007178
0.000758768
0.000777991
0.000772038
0.000726717
0.000657348
0.000597381
0.000567025
0.00055874
0.000560521
0.000556103
0.000439953
0.000491683
0.000704874
0.00076729
0.000765786
0.000749135
0.000737741
0.000735541
0.00075044
0.000770401
0.000792691
0.000815373
0.000832449
0.000800638
0.000743756
0.000696836
0.000668856
0.000665596
0.0006721
0.000644061
0.000480202
0.000519763
0.000757386
0.00085496
0.000914413
0.000958767
0.000993907
0.00102583
0.00104038
0.00103159
0.00100371
0.000986551
0.00099859
0.000991787
0.00095775
0.000913137
0.000864891
0.000816222
0.000766349
0.000695629
0.000507542
0.000546373
0.000795387
0.000916925
0.00101994
0.00111865
0.00120306
0.00126379
0.00129238
0.00127723
0.00122646
0.00119449
0.00121293
0.00121739
0.00118114
0.00111453
0.00102847
0.000932998
0.000837888
0.000736205
0.000533698
0.000574352
0.000797405
0.000918633
0.00102356
0.00112591
0.00122074
0.00129882
0.00134611
0.00134778
0.00130717
0.00128655
0.00131959
0.00131655
0.00126562
0.00118056
0.00107845
0.000972498
0.000868949
0.000757898
0.0005661
0.000607708
0.000665211
0.000723032
0.000776569
0.000826977
0.000873485
0.000914682
0.000948323
0.000971741
0.000983692
0.000993715
0.000990185
0.000971481
0.00094044
0.000899753
0.000851562
0.000797602
0.000739045
0.000674656
0.000606285
0.000244737
0.000267853
0.000280758
0.000289211
0.000296023
0.0003043
0.000314378
0.000325149
0.000334785
0.000343269
0.000350468
0.000356632
0.00035289
0.000342964
0.000331133
0.0003186
0.000305642
0.00029353
0.000279044
0.000259429
0.000276372
0.000516199
0.000624138
0.000733179
0.00084837
0.000960814
0.00105106
0.00112475
0.00118919
0.00122292
0.00120949
0.00115143
0.00109504
0.00103577
0.00097557
0.000912283
0.000841535
0.000700532
0.00050803
0.000273822
0.000307792
0.000512657
0.000635631
0.000755106
0.000886793
0.00103155
0.0011577
0.00124503
0.00133639
0.0013774
0.00133619
0.001228
0.00113205
0.00106039
0.00100616
0.000954805
0.000815072
0.000637522
0.000471351
0.00029178
0.000364753
0.000535108
0.00063136
0.000708329
0.000784735
0.000867505
0.000959719
0.00109288
0.00120659
0.00126796
0.00124825
0.00115452
0.00104757
0.00094835
0.000858209
0.000749906
0.000654102
0.000565122
0.00047488
0.000341361
0.000430152
0.000641324
0.000724652
0.000762896
0.000788693
0.000816374
0.000854526
0.00092735
0.00104688
0.00114455
0.00118159
0.00112556
0.00100642
0.00086981
0.000755065
0.000685052
0.000648111
0.000621601
0.000578588
0.000425811
0.000486644
0.00076729
0.000879997
0.000913837
0.000921815
0.000926941
0.000940032
0.000971689
0.00104052
0.00112884
0.00119739
0.0011765
0.00105521
0.00091801
0.00082375
0.000777451
0.000760846
0.000749688
0.000690931
0.000478863
0.000529534
0.00085496
0.00102662
0.00112192
0.0011744
0.00121515
0.00126109
0.00131511
0.00134562
0.00136333
0.00138282
0.00136699
0.00127787
0.00116801
0.00107317
0.000998584
0.000942455
0.000874115
0.000758716
0.000515909
0.0005713
0.000916925
0.00113002
0.00130754
0.00146778
0.00160465
0.0017101
0.00177298
0.00178013
0.00174699
0.00172097
0.00169499
0.00163984
0.00154199
0.00141555
0.00127292
0.00112534
0.000978519
0.000815658
0.000555981
0.000611381
0.000918633
0.00115588
0.00138173
0.00159835
0.00179345
0.00195305
0.00205629
0.00209315
0.00210478
0.00213331
0.00208308
0.00201251
0.00188572
0.00170721
0.00149516
0.00127267
0.00105888
0.000849752
0.000600678
0.000655378
0.000723032
0.000789404
0.000851413
0.000910147
0.00096478
0.00101386
0.00105487
0.00108502
0.00110274
0.00111623
0.00110667
0.00108105
0.00104227
0.000993101
0.00093589
0.000872733
0.000805057
0.000732023
0.000654865
0.000247866
0.000273205
0.000289211
0.000300198
0.000309791
0.000319808
0.000331327
0.000344411
0.000360328
0.000374988
0.000385869
0.000391199
0.000384462
0.000371026
0.00035565
0.000339368
0.000323499
0.000307975
0.000289504
0.00026369
0.000283598
0.000620963
0.00073318
0.000828613
0.000940034
0.00107433
0.00122077
0.00135791
0.00146288
0.00153371
0.00153985
0.00146994
0.00138185
0.00128885
0.00119729
0.00110421
0.000981325
0.000791785
0.000565422
0.000277579
0.000308651
0.000608528
0.000755106
0.000884324
0.00102903
0.00119577
0.00137233
0.00153643
0.00168679
0.00177805
0.00175357
0.00161642
0.00146732
0.00134487
0.0012444
0.00114894
0.000971813
0.000744262
0.000526614
0.000290124
0.000356044
0.000577407
0.000708329
0.000811334
0.000910841
0.0010183
0.00115398
0.00134944
0.00155986
0.00170054
0.0016947
0.00154025
0.00135422
0.00118576
0.00103823
0.000881821
0.000745126
0.000618195
0.000491771
0.000331921
0.000412467
0.000639903
0.000762897
0.000838022
0.000895114
0.000952067
0.00102718
0.00116627
0.00139497
0.00160128
0.00165837
0.00150529
0.00127833
0.0010568
0.000877244
0.000762181
0.000693708
0.000636084
0.000560898
0.000400969
0.000476496
0.000765786
0.000913837
0.000991079
0.00103617
0.00107494
0.00112697
0.00121651
0.00138085
0.00157466
0.00168081
0.00154869
0.0013025
0.00106908
0.000916044
0.000838112
0.000795743
0.000755958
0.000677444
0.000468545
0.000541136
0.000914414
0.00112192
0.00124517
0.00133335
0.00141189
0.00149895
0.00160332
0.00170048
0.0017964
0.00185491
0.00174568
0.00153791
0.00133318
0.00117958
0.00107032
0.000993491
0.000916259
0.000781649
0.000519829
0.000596742
0.00101994
0.00130754
0.00155139
0.00175882
0.00194247
0.00209926
0.00221756
0.002264
0.00224509
0.00220374
0.00212338
0.00201414
0.00186001
0.00166686
0.00146636
0.00127447
0.00108029
0.000870524
0.000576001
0.00064685
0.00102356
0.00138173
0.0017601
0.00211914
0.00241654
0.00263984
0.00278215
0.00280154
0.00272413
0.00266439
0.00267424
0.0026646
0.00252906
0.00228716
0.00196845
0.00160574
0.00123835
0.000916743
0.000633076
0.000698149
0.00077657
0.000851413
0.000921308
0.000987373
0.00104917
0.00110569
0.00115437
0.00119251
0.0012177
0.00123565
0.00121829
0.00118416
0.00113688
0.00107934
0.00101373
0.000942273
0.000866157
0.000784749
0.00069805
0.000254201
0.000278551
0.000296023
0.000309791
0.000321385
0.000334034
0.000349398
0.000364856
0.000386686
0.000408618
0.000421923
0.000423888
0.000413483
0.000396047
0.00037693
0.00035686
0.000338291
0.000319393
0.000296592
0.000264896
0.00028714
0.000707158
0.000848371
0.000940034
0.00104299
0.00117933
0.00135526
0.00155973
0.00171987
0.00181989
0.00183493
0.00175525
0.00164256
0.00151841
0.00139622
0.00127238
0.00110381
0.0008843
0.000639433
0.000281361
0.00030923
0.000708788
0.000886793
0.00102904
0.00117948
0.00135915
0.00157909
0.00181721
0.00202432
0.0021495
0.00213093
0.00197945
0.00179567
0.00162476
0.00147832
0.00133859
0.00113914
0.000885298
0.000615274
0.000287451
0.000346505
0.000622641
0.000784736
0.000910841
0.00102963
0.00116547
0.00136333
0.00163444
0.00192465
0.00212134
0.00211814
0.00191921
0.00166467
0.00143195
0.00123447
0.00104288
0.000856992
0.000689002
0.000520545
0.000320377
0.00039772
0.000636315
0.000788693
0.000895114
0.000981869
0.00107112
0.00119702
0.00143138
0.00177636
0.00206949
0.00212009
0.00187264
0.00154331
0.00124232
0.00100077
0.000834844
0.000730993
0.000640965
0.000537752
0.000377577
0.000469667
0.000749135
0.000921816
0.00103617
0.00112047
0.00120112
0.0013085
0.00148578
0.00177502
0.00207742
0.00217712
0.00190509
0.00152932
0.00120422
0.000987073
0.000869809
0.000796757
0.000729127
0.000631506
0.000442449
0.000555215
0.000958767
0.0011744
0.00133335
0.00146614
0.00159323
0.00173445
0.00190706
0.00209027
0.00227798
0.00234024
0.00208704
0.00175187
0.00146838
0.00126174
0.00111124
0.00100257
0.000902547
0.000776208
0.000520778
0.000622124
0.00111865
0.00146778
0.00175882
0.00200794
0.00222209
0.00240192
0.00254454
0.00262668
0.00264176
0.00258204
0.00242646
0.00225727
0.00206902
0.00184235
0.00160403
0.0013743
0.00115524
0.000917994
0.000594094
0.000680793
0.00112591
0.00159835
0.00211915
0.00257945
0.00290591
0.00308561
0.00316709
0.00313469
0.00302286
0.00293423
0.00294556
0.0029613
0.00289589
0.00271574
0.00238151
0.00192292
0.0014092
0.000976789
0.000662725
0.000737584
0.000826977
0.000910147
0.000987373
0.00106002
0.00112911
0.00119451
0.00125293
0.0013012
0.00133621
0.00136039
0.0013318
0.0012869
0.00122946
0.00116184
0.00108719
0.00100774
0.000923658
0.000833957
0.000737134
0.0002596
0.000287015
0.0003043
0.000319808
0.000334034
0.000347799
0.000368827
0.000390163
0.000417586
0.000447732
0.000461095
0.000457397
0.000442102
0.000419675
0.000395903
0.000371591
0.000350298
0.000328167
0.000301243
0.000264033
0.00028942
0.000752332
0.000960816
0.00107433
0.00117933
0.00131644
0.00150913
0.00175387
0.00196348
0.00206044
0.00206217
0.00199097
0.00187595
0.001735
0.00158512
0.00142878
0.00122264
0.000987578
0.000730665
0.000286003
0.000312223
0.000811349
0.00103156
0.00119577
0.00135915
0.00155741
0.00181126
0.00209721
0.00232151
0.00241817
0.00237969
0.00225918
0.00209091
0.00190952
0.00172947
0.00154555
0.00132457
0.0010585
0.000748822
0.000286659
0.000339502
0.000674489
0.000867505
0.0010183
0.00116547
0.00135226
0.00162179
0.00195104
0.00227051
0.0024532
0.00242245
0.00223486
0.00196835
0.0017067
0.00147658
0.00126439
0.00103242
0.000807179
0.000581183
0.000307891
0.000385054
0.000637775
0.000816374
0.000952068
0.00107112
0.00120502
0.00140733
0.00175353
0.00217544
0.00248538
0.00249143
0.00220458
0.00181583
0.00146127
0.00116869
0.000942411
0.000792264
0.000663987
0.000529045
0.000354528
0.000471713
0.000737741
0.000926941
0.00107494
0.00120112
0.00133368
0.00151541
0.00180302
0.00220998
0.00257875
0.0026201
0.00223755
0.00175231
0.00134896
0.00106586
0.000900007
0.000792018
0.000697475
0.00058586
0.000414884
0.000571397
0.000993907
0.00121515
0.00141189
0.00159323
0.00177146
0.00197019
0.00221599
0.00250787
0.00279629
0.00281201
0.00239712
0.00192867
0.00157348
0.00132014
0.00112985
0.000986327
0.000863839
0.000741096
0.000522674
0.000646245
0.00120306
0.00160465
0.00194247
0.00222209
0.00245025
0.00264178
0.00280172
0.00292404
0.00300079
0.00290184
0.00263024
0.00238455
0.00216549
0.00192741
0.00167711
0.00142338
0.00118144
0.000951312
0.000610876
0.000712171
0.00122074
0.00179345
0.00241654
0.00290591
0.00318001
0.00334645
0.00340678
0.00335261
0.00323688
0.00311769
0.00308661
0.00309915
0.00305887
0.00289495
0.00260387
0.00214208
0.00154146
0.00102666
0.000689468
0.000773375
0.000873485
0.000964781
0.00104917
0.00112911
0.0012079
0.00128295
0.00135295
0.00141502
0.00146547
0.00149826
0.0014524
0.00139182
0.00132144
0.00124268
0.00115734
0.00106886
0.000977219
0.000879458
0.000772443
0.000262733
0.000294529
0.000314378
0.000331327
0.000349399
0.000368827
0.00039056
0.000417414
0.000451346
0.000490968
0.000502241
0.000492176
0.00047159
0.000441731
0.00041185
0.000383217
0.000359229
0.000334405
0.000304038
0.000261808
0.000292484
0.000787452
0.00105106
0.00122077
0.00135526
0.00150913
0.00171636
0.00197689
0.00217628
0.00219957
0.00214968
0.00213342
0.00206432
0.00193007
0.00175936
0.00157098
0.00133468
0.00109318
0.000826972
0.000289997
0.000315916
0.000874118
0.00115771
0.00137234
0.00157909
0.00181126
0.00208352
0.00236431
0.00253076
0.00250734
0.00240154
0.00238319
0.00230518
0.00216439
0.00198241
0.00177322
0.00152717
0.00124353
0.000897319
0.000290152
0.000324953
0.000735337
0.00095972
0.00115398
0.00136333
0.00162179
0.0019308
0.00226109
0.0025205
0.00260263
0.00249182
0.00238216
0.00220308
0.00198647
0.00176049
0.00153179
0.00128853
0.00101358
0.000704136
0.00029514
0.000373328
0.000646893
0.000854526
0.00102718
0.00119702
0.00140733
0.00171764
0.00212828
0.00252197
0.00275257
0.00265296
0.00240462
0.00206849
0.0017327
0.00142314
0.00114524
0.00091487
0.000731526
0.000549355
0.000332613
0.000483534
0.000735541
0.000940032
0.00112697
0.00130851
0.00151541
0.00179566
0.00219
0.00264031
0.00296646
0.00288036
0.00249005
0.00199308
0.00154868
0.00120241
0.000965115
0.000809084
0.000682045
0.000553422
0.000393643
0.000587541
0.00102583
0.00126109
0.00149895
0.00173445
0.00197019
0.00223643
0.00256768
0.00296045
0.00326941
0.00316772
0.00268838
0.00212184
0.00167966
0.0013731
0.00114269
0.000963141
0.000817435
0.000698599
0.000526234
0.000667329
0.00126379
0.0017101
0.00209926
0.00240192
0.00264178
0.00284734
0.00303903
0.00324069
0.00340646
0.00324051
0.00283367
0.00246408
0.00219141
0.00194421
0.00169202
0.00143015
0.00117171
0.000962232
0.000625848
0.000739257
0.00129882
0.00195305
0.00263984
0.00308561
0.00334645
0.00350189
0.00354817
0.00351684
0.00348017
0.00334479
0.00320299
0.00314781
0.00311757
0.00297765
0.00269509
0.00228359
0.00162205
0.0010627
0.000712712
0.000804537
0.000914683
0.00101386
0.00110569
0.00119451
0.00128295
0.00137033
0.00145616
0.00153908
0.00161512
0.00166014
0.0015874
0.00150303
0.00141458
0.00132193
0.00122496
0.00112622
0.00102638
0.000920544
0.000803597
0.00026338
0.000300471
0.000325149
0.000344412
0.000364857
0.000390163
0.000417414
0.000448415
0.000483692
0.000523852
0.000537722
0.000523086
0.000499086
0.000459325
0.000422751
0.000389962
0.000363815
0.000337159
0.000304454
0.000258622
0.000294487
0.000822117
0.00112475
0.00135792
0.00155974
0.00175387
0.00197689
0.00220507
0.00231049
0.00219399
0.00201279
0.0021256
0.00215426
0.00206263
0.00189511
0.0016815
0.00142703
0.00118348
0.000906199
0.000290579
0.000319478
0.000906501
0.00124503
0.00153643
0.00181721
0.00209721
0.00236431
0.00255903
0.00260411
0.00249764
0.00227337
0.00230743
0.00235479
0.00231184
0.00217672
0.00197221
0.00171907
0.00141674
0.00102818
0.000294441
0.000335368
0.000820689
0.00109288
0.00134944
0.00163444
0.00195104
0.00226109
0.00251138
0.00267461
0.00282492
0.00261211
0.002383
0.00226076
0.00215705
0.00200948
0.0017916
0.00153664
0.00125522
0.000883789
0.000286606
0.000377293
0.00067407
0.00092735
0.00116627
0.00143138
0.00175353
0.00212828
0.0024856
0.00281712
0.00321978
0.00302267
0.00252763
0.00218506
0.00196744
0.00172641
0.00144294
0.00115259
0.000866948
0.00060702
0.000312897
0.000497262
0.00075044
0.000971689
0.00121651
0.00148578
0.00180302
0.00219
0.00261113
0.00303785
0.00356789
0.00341129
0.00270595
0.00217081
0.00179463
0.00143389
0.00111521
0.000872736
0.000695001
0.000538283
0.000382648
0.000600873
0.00104038
0.00131512
0.00160332
0.00190706
0.00221599
0.00256768
0.00298666
0.00341389
0.00385592
0.00370258
0.00296765
0.00231689
0.0018263
0.00144923
0.00116786
0.000945908
0.000774622
0.000659641
0.000530275
0.00068308
0.00129238
0.00177298
0.00221756
0.00254454
0.00280172
0.00303903
0.00331637
0.0036703
0.00399997
0.00382083
0.00317685
0.00258434
0.00218787
0.00190865
0.00165586
0.00139601
0.00113533
0.00094731
0.00063775
0.000759324
0.00134611
0.00205629
0.00278215
0.00316709
0.00340678
0.00354817
0.00362621
0.00374494
0.00397276
0.00387666
0.00346634
0.00317748
0.00307225
0.00295765
0.0026982
0.00231426
0.00165674
0.00107485
0.000730693
0.000829351
0.000948324
0.00105487
0.00115437
0.00125293
0.00135295
0.00145616
0.00156458
0.00168018
0.00179884
0.00186007
0.00174519
0.00162333
0.00150819
0.00139748
0.00128707
0.00117732
0.00106877
0.000955052
0.000829044
0.000261667
0.000304575
0.000334785
0.000360329
0.000386686
0.000417587
0.000451347
0.000483692
0.000506485
0.000544104
0.000548991
0.000538725
0.000512324
0.000469753
0.000425876
0.000389294
0.000362054
0.000334578
0.000301116
0.000255413
0.000295541
0.000849324
0.00118919
0.00146289
0.00171987
0.00196348
0.00217628
0.00231049
0.00228807
0.00229429
0.00214497
0.00196204
0.00208847
0.00206619
0.00193042
0.00173449
0.00148408
0.00124145
0.00095291
0.000286405
0.000325511
0.000942025
0.00133639
0.00168679
0.00202433
0.00232151
0.00253076
0.00260411
0.0026114
0.00307278
0.00291311
0.00224525
0.00218329
0.00225129
0.00223413
0.00207965
0.00183991
0.00152943
0.00110573
0.000293998
0.000350781
0.000845597
0.0012066
0.00155987
0.00192465
0.00227051
0.0025205
0.00267461
0.00301554
0.00383823
0.00371384
0.00267358
0.00215431
0.00209306
0.00210821
0.00196176
0.00170728
0.00139071
0.000974729
0.000288919
0.000395894
0.0007178
0.00104688
0.00139497
0.00177636
0.00217544
0.00252197
0.00281712
0.00348513
0.00454173
0.00445607
0.00316106
0.00223563
0.00196522
0.00189081
0.00168215
0.00139815
0.00108773
0.00072973
0.000290749
0.000508963
0.000770401
0.00104052
0.00138085
0.00177502
0.00220998
0.00264031
0.00303785
0.00387795
0.00507833
0.00504384
0.0035769
0.00235529
0.00190373
0.00165439
0.00133074
0.00101083
0.000738711
0.000532351
0.00038502
0.000608548
0.00103159
0.00134562
0.00170048
0.00209027
0.00250787
0.00296045
0.00341389
0.0041869
0.00537028
0.00537707
0.00387658
0.00253995
0.0019483
0.00155288
0.00121041
0.000935965
0.000736845
0.000627126
0.000532235
0.000690407
0.00127723
0.00178013
0.002264
0.00262668
0.00292404
0.00324069
0.00367031
0.00437669
0.00541368
0.00542307
0.0040845
0.00282208
0.0021828
0.00182711
0.00157027
0.00132336
0.00107631
0.000901133
0.000642273
0.000768939
0.00134778
0.00209315
0.00280154
0.00313469
0.00335261
0.00351684
0.00374495
0.00425397
0.00501011
0.00498865
0.00412615
0.00332227
0.00296372
0.00280653
0.00259481
0.0022443
0.00163256
0.00103982
0.000739739
0.000845576
0.000971742
0.00108502
0.00119251
0.00130121
0.00141502
0.00153908
0.00168018
0.00184574
0.00202681
0.00210086
0.00193226
0.00175406
0.00159958
0.00146418
0.00133823
0.00121711
0.00110001
0.000979152
0.000845857
0.000259095
0.000307459
0.000343269
0.000374988
0.000408619
0.000447732
0.000490968
0.000523853
0.000544104
0.000548841
0.000543272
0.000538626
0.000510494
0.000463842
0.000420205
0.000383458
0.000353546
0.000325952
0.00029553
0.000253322
0.000297159
0.000851283
0.00122292
0.00153371
0.0018199
0.00206044
0.00219958
0.002194
0.00229429
0.00148648
0.00133624
0.00195236
0.00184734
0.00189837
0.00182487
0.00166594
0.00147196
0.00124775
0.000944987
0.000278695
0.000333529
0.000940503
0.0013774
0.00177805
0.0021495
0.00241817
0.00250734
0.00249764
0.00307278
0.00232087
0.00208361
0.00261376
0.00191161
0.00198596
0.00212698
0.0020452
0.00183501
0.00153438
0.00110517
0.000289006
0.000367741
0.000850316
0.00126796
0.00170054
0.00212134
0.0024532
0.00260263
0.00282492
0.00383823
0.00316143
0.00285194
0.00331743
0.00210693
0.00186289
0.0020365
0.00198264
0.00174982
0.00142379
0.000985973
0.000287605
0.000418436
0.000758769
0.00114455
0.00160128
0.00206949
0.00248538
0.00275257
0.00321978
0.00454173
0.0040262
0.00364894
0.00399959
0.0024146
0.00178203
0.0018353
0.00172144
0.00144564
0.00111724
0.000744088
0.000294694
0.000515536
0.00079269
0.00112884
0.00157466
0.00207742
0.00257875
0.00296646
0.00356789
0.00507833
0.00485894
0.0044306
0.00458187
0.00270454
0.00177
0.00165846
0.00142592
0.0011017
0.000787585
0.000535619
0.000389304
0.000607639
0.00100371
0.00136333
0.0017964
0.00227798
0.00279629
0.00326941
0.00385593
0.00537029
0.00553088
0.00509185
0.00499417
0.00294628
0.00188989
0.00158589
0.00124623
0.000932368
0.000703544
0.000600566
0.000528911
0.00068704
0.00122646
0.00174699
0.00224509
0.00264176
0.00300079
0.00340646
0.00399998
0.00541368
0.00592695
0.00552014
0.00519144
0.00317477
0.00210912
0.00169398
0.00144275
0.00122338
0.00100768
0.000836189
0.000637426
0.000766548
0.00130717
0.00210478
0.00272413
0.00302286
0.00323688
0.00348017
0.00397277
0.00501012
0.00581601
0.00552859
0.0049532
0.00360175
0.00284877
0.00256577
0.00239274
0.00208727
0.00157298
0.000976298
0.000736179
0.000852009
0.000983693
0.00110274
0.00121771
0.00133621
0.00146547
0.00161512
0.00179884
0.00202682
0.00224913
0.0022885
0.0021292
0.00188558
0.00168006
0.00151369
0.00137038
0.001238
0.00111435
0.000988039
0.00084933
0.000258271
0.000310531
0.000350469
0.00038587
0.000421923
0.000461095
0.000502241
0.000537722
0.000548991
0.000543272
0.000505668
0.000490754
0.00046605
0.000433939
0.000398935
0.000368973
0.000343731
0.000319361
0.000291169
0.000249653
0.000301398
0.000826763
0.00120949
0.00153986
0.00183493
0.00206217
0.00214968
0.00201279
0.00214497
0.00133623
0.000998884
0.00149211
0.00144524
0.00157428
0.00157353
0.00146244
0.00131513
0.00113403
0.000862684
0.000268866
0.000343046
0.000895381
0.00133619
0.00175357
0.00213093
0.00237969
0.00240154
0.00227337
0.00291312
0.00208361
0.00148712
0.00222005
0.00153824
0.00172841
0.00193874
0.00188399
0.00169883
0.0014239
0.0010239
0.000280329
0.00038279
0.000827989
0.00124825
0.0016947
0.00211814
0.00242245
0.00249181
0.00261211
0.00371385
0.00285194
0.00197441
0.00299982
0.00176373
0.00164395
0.00192345
0.00189285
0.00167003
0.00135193
0.000929424
0.000283803
0.000434923
0.000777991
0.00118158
0.00165837
0.00212009
0.00249143
0.00265296
0.00302267
0.00445608
0.00364893
0.00248145
0.00373952
0.00206076
0.00153406
0.0017319
0.00165328
0.00138647
0.00106242
0.000699725
0.000301454
0.000518248
0.000815373
0.00119738
0.00168081
0.00217711
0.0026201
0.00288036
0.00341129
0.00504386
0.0044306
0.00300277
0.00434521
0.00232928
0.00147226
0.0015227
0.00134251
0.00104863
0.000758187
0.000527108
0.000393599
0.000604172
0.000986551
0.00138282
0.00185491
0.00234024
0.00281201
0.00316772
0.00370258
0.00537709
0.00509184
0.0035022
0.00474668
0.00258954
0.00156797
0.00143431
0.00116827
0.000900238
0.000692043
0.000591015
0.00052474
0.000683209
0.00119449
0.00172097
0.00220374
0.00258204
0.00290184
0.00324051
0.00382084
0.00542309
0.00552013
0.00393695
0.00486432
0.00281434
0.00178544
0.00150141
0.00132001
0.00114329
0.0009636
0.00080045
0.000631712
0.000765133
0.00128656
0.00213331
0.00266439
0.00293424
0.00311769
0.0033448
0.00387667
0.00498866
0.00552859
0.00426772
0.00457219
0.00329499
0.00255566
0.00236354
0.00226643
0.00198875
0.00152585
0.000951995
0.000730835
0.000858678
0.000993716
0.00111624
0.00123565
0.00136039
0.00149827
0.00166015
0.00186007
0.00210086
0.0022885
0.00206716
0.00213445
0.00190602
0.0016924
0.00152036
0.00137393
0.00123897
0.00111481
0.000987516
0.00084756
0.000263079
0.000316098
0.000356632
0.000391199
0.000423888
0.000457397
0.000492176
0.000523086
0.000538725
0.000538626
0.000490755
0.000395029
0.000375278
0.000376291
0.000362393
0.000345183
0.000327296
0.000307427
0.000282273
0.00024322
0.000306898
0.000788238
0.00115143
0.00146994
0.00175525
0.00199097
0.00213342
0.0021256
0.00196204
0.00195236
0.00149212
0.00105253
0.001182
0.00127582
0.00127667
0.00121744
0.00112325
0.000984666
0.000756359
0.00025869
0.000348924
0.000827387
0.001228
0.00161642
0.00197945
0.00225917
0.00238318
0.00230743
0.00224525
0.00261376
0.00222005
0.00144879
0.00147555
0.00170928
0.00178045
0.00169391
0.00152434
0.00127815
0.000919995
0.000271839
0.000389637
0.000785869
0.00115452
0.00154025
0.00191921
0.00223486
0.00238216
0.00238299
0.00267359
0.00331744
0.00299982
0.00194209
0.00155516
0.0017452
0.00188058
0.00177057
0.00154664
0.00124973
0.00086024
0.000278045
0.000442889
0.000772037
0.00112556
0.00150529
0.00187264
0.00220458
0.00240462
0.00252763
0.00316106
0.00399959
0.00373952
0.00245895
0.00159461
0.00160177
0.00171047
0.00154954
0.00129001
0.00099204
0.000659219
0.000300668
0.000523218
0.000832448
0.0011765
0.00154869
0.00190509
0.00223755
0.00249005
0.00270595
0.00357691
0.00458188
0.00434521
0.00289903
0.00161232
0.00143425
0.00142022
0.00120326
0.000950586
0.00070968
0.000518615
0.000402243
0.000608418
0.00099859
0.00136699
0.00174568
0.00208704
0.00239712
0.00268838
0.00296766
0.00387659
0.00499418
0.00474668
0.00328125
0.0017666
0.00141305
0.00123738
0.00102055
0.000831839
0.00068609
0.000608453
0.000529717
0.00068929
0.00121293
0.00169499
0.00212338
0.00242646
0.00263024
0.00283367
0.00317686
0.00408452
0.00519145
0.00486432
0.00357664
0.00208265
0.00162043
0.00143442
0.001297
0.00114261
0.000966669
0.000806383
0.000636388
0.000773111
0.00131959
0.00208308
0.00267424
0.00294557
0.00308661
0.003203
0.00346635
0.00412616
0.00495321
0.00457219
0.00378324
0.00287596
0.00255878
0.00251562
0.00240424
0.00207527
0.00150357
0.000956075
0.000735971
0.000860484
0.000990187
0.00110667
0.0012183
0.0013318
0.0014524
0.0015874
0.00174519
0.00193227
0.0021292
0.00213446
0.00197227
0.00178074
0.00161745
0.00147906
0.00135213
0.00122921
0.00111
0.000986533
0.000850547
0.000265249
0.000315043
0.00035289
0.000384462
0.000413483
0.000442102
0.00047159
0.000499086
0.000512324
0.000510494
0.000466052
0.000375279
0.000338213
0.000330801
0.000327588
0.000319007
0.000307282
0.000291465
0.000269344
0.000234201
0.000303106
0.000761963
0.00109504
0.00138185
0.00164256
0.00187595
0.00206432
0.00215426
0.00208846
0.00184734
0.00144524
0.00118201
0.00111684
0.00112249
0.00110967
0.00107771
0.00101457
0.000897713
0.000692164
0.00025116
0.00033965
0.000781365
0.00113205
0.00146731
0.00179567
0.00209091
0.00230518
0.00235478
0.00218329
0.00191161
0.00153824
0.00147555
0.00161204
0.00170352
0.00167607
0.00157499
0.00141651
0.00119147
0.000862058
0.00026595
0.000375083
0.000740002
0.00104756
0.00135422
0.00166467
0.00196835
0.00220308
0.00226076
0.00215431
0.00210693
0.00176374
0.00155516
0.00168099
0.00184947
0.00181819
0.00166683
0.00145229
0.00118046
0.000821666
0.00027225
0.000427306
0.000726717
0.00100642
0.00127833
0.00154331
0.00181583
0.00206849
0.00218506
0.00223563
0.00241461
0.00206077
0.00159461
0.00155967
0.00170805
0.00162768
0.0014276
0.00118546
0.000918345
0.000621126
0.000295923
0.000516844
0.000800639
0.00105521
0.0013025
0.00152932
0.00175231
0.00199308
0.0021708
0.0023553
0.00270454
0.00232928
0.00161232
0.00140048
0.00142337
0.00126197
0.00105341
0.000847673
0.000661414
0.00051277
0.000406093
0.000606868
0.000991787
0.00127787
0.00153791
0.00175187
0.00192867
0.00212184
0.00231689
0.00253996
0.00294629
0.00258955
0.00176661
0.00140349
0.00125239
0.00106253
0.000912055
0.000781167
0.000685913
0.000636627
0.000535025
0.000687727
0.00121739
0.00163984
0.00201414
0.00225727
0.00238455
0.00246408
0.00258434
0.00282209
0.00317479
0.00281435
0.00208266
0.00169662
0.00153361
0.00142852
0.00131153
0.00116793
0.000989946
0.000836264
0.000638934
0.000769173
0.00131655
0.00201251
0.0026646
0.0029613
0.00309916
0.00314781
0.00317748
0.00332228
0.00360176
0.00329499
0.00287596
0.0026592
0.00269159
0.00270057
0.00252121
0.00216059
0.00150073
0.000978386
0.000734188
0.000848613
0.000971482
0.00108105
0.00118416
0.0012869
0.00139182
0.00150303
0.00162333
0.00175406
0.00188558
0.00190602
0.00178074
0.00165124
0.00153314
0.00142208
0.00131121
0.00120003
0.0010881
0.000970868
0.000841253
0.000264344
0.000308925
0.000342964
0.000371026
0.000396047
0.000419675
0.000441731
0.000459326
0.000469754
0.000463843
0.000433939
0.000376293
0.000330802
0.000313407
0.00030845
0.00030399
0.000295941
0.000282598
0.000262072
0.000229755
0.000294525
0.000733657
0.00103577
0.00128885
0.00151841
0.001735
0.00193007
0.00206263
0.00206619
0.00189838
0.00157428
0.00127582
0.00112249
0.00112585
0.00113312
0.00110346
0.00103286
0.000906837
0.00069253
0.000250532
0.00032218
0.000750995
0.00106038
0.00134487
0.00162475
0.00190951
0.00216439
0.00231184
0.00225129
0.00198596
0.00172841
0.00170928
0.00170351
0.001691
0.0016439
0.00154853
0.0013977
0.00118042
0.000859366
0.000264066
0.000346823
0.000695704
0.000948349
0.00118576
0.00143195
0.0017067
0.00198647
0.00215705
0.00209306
0.00186289
0.00164395
0.0017452
0.00184947
0.00184019
0.00174292
0.00158644
0.00137794
0.00111627
0.00077827
0.000272094
0.000398741
0.000657347
0.000869809
0.0010568
0.00124232
0.00146127
0.0017327
0.00196744
0.00196522
0.00178203
0.00153406
0.00160177
0.00170805
0.00165078
0.0014892
0.0012825
0.00105304
0.000815118
0.000568299
0.000299821
0.000500032
0.000743756
0.00091801
0.00106908
0.00120422
0.00134896
0.00154868
0.00179463
0.00190373
0.00177
0.00147227
0.00143425
0.00142337
0.00127315
0.00108395
0.00090493
0.000749436
0.000620381
0.000512899
0.000406881
0.000595959
0.000957751
0.00116801
0.00133318
0.00146838
0.00157348
0.00167966
0.0018263
0.0019483
0.00188989
0.00156797
0.00141305
0.00125239
0.00107231
0.000943755
0.000842263
0.000755341
0.000697618
0.000660882
0.000534968
0.000676113
0.00118114
0.001542
0.00186001
0.00206902
0.00216549
0.00219141
0.00218787
0.0021828
0.00210912
0.00178544
0.00162043
0.00153361
0.00148034
0.00141036
0.00130774
0.00116524
0.00100088
0.00085515
0.000634543
0.000752967
0.00126562
0.00188572
0.00252906
0.0028959
0.00305888
0.00311758
0.00307226
0.00296372
0.00284877
0.00255566
0.00255878
0.00269159
0.00280544
0.0027439
0.00251017
0.00208482
0.00145882
0.000985899
0.000723444
0.000826373
0.000940442
0.00104227
0.00113688
0.00122946
0.00132145
0.00141458
0.00150819
0.00159959
0.00168006
0.0016924
0.00161746
0.00153314
0.00144536
0.00135258
0.00125449
0.00115405
0.00105079
0.000941738
0.000821224
0.00026251
0.000301248
0.000331133
0.00035565
0.00037693
0.000395903
0.00041185
0.000422751
0.000425876
0.000420205
0.000398936
0.000362394
0.000327589
0.00030845
0.000303694
0.000298952
0.000291402
0.000278753
0.000259313
0.000229974
0.000285533
0.000703779
0.000975569
0.00119729
0.00139622
0.00158512
0.00175936
0.00189511
0.00193042
0.00182488
0.00157353
0.00127667
0.00110967
0.00113312
0.00116156
0.00114205
0.00106607
0.000930332
0.000707279
0.000253225
0.00030469
0.000732572
0.00100616
0.0012444
0.00147831
0.00172947
0.00198241
0.00217672
0.00223413
0.00212698
0.00193874
0.00178045
0.00167606
0.0016439
0.00160866
0.0015236
0.00137282
0.00114312
0.000813652
0.000264651
0.000318929
0.000658156
0.000858208
0.00103823
0.00123446
0.00147658
0.00176049
0.00200948
0.00210821
0.0020365
0.00192345
0.00188058
0.00181819
0.00174292
0.00163661
0.00147581
0.00125225
0.000973152
0.000666424
0.000282766
0.000374133
0.00059738
0.000755065
0.000877242
0.00100077
0.00116869
0.00142314
0.00172641
0.00189081
0.0018353
0.0017319
0.00171047
0.00162768
0.0014892
0.00131082
0.00110325
0.000890858
0.000701618
0.000525232
0.000318696
0.000480713
0.000696836
0.00082375
0.000916044
0.000987072
0.00106586
0.00120241
0.00143389
0.00165439
0.00165846
0.0015227
0.00142022
0.00126197
0.00108395
0.000916711
0.000780864
0.000681396
0.000604413
0.000525577
0.00041135
0.000578614
0.000913137
0.00107317
0.00117958
0.00126174
0.00132014
0.0013731
0.00144923
0.00155288
0.00158589
0.00143431
0.00123738
0.00106253
0.000943755
0.000863633
0.000804203
0.000759363
0.000725585
0.0006818
0.000531728
0.000656687
0.00111453
0.00141555
0.00166686
0.00184235
0.00192742
0.00194421
0.00190865
0.00182711
0.00169398
0.00150141
0.00143442
0.00142852
0.00141036
0.00136185
0.00127424
0.00114201
0.000997092
0.000852256
0.000624025
0.000727578
0.00118057
0.00170721
0.00228716
0.00271574
0.00289495
0.00297765
0.00295765
0.00280653
0.00256577
0.00236354
0.00251562
0.00270058
0.0027439
0.00262225
0.00237374
0.00191848
0.00138042
0.000966608
0.000705199
0.000796142
0.000899754
0.000993103
0.00107934
0.00116184
0.00124269
0.00132193
0.00139748
0.00146419
0.00151369
0.00152036
0.00147906
0.00142208
0.00135258
0.00127288
0.00118676
0.0010968
0.00100285
0.000902999
0.000793333
0.000260267
0.000293068
0.0003186
0.000339368
0.00035686
0.000371591
0.000383217
0.000389962
0.000389294
0.000383458
0.000368973
0.000345183
0.000319007
0.00030399
0.000298952
0.00029391
0.000288229
0.00027752
0.000259632
0.000232782
0.000278191
0.000670031
0.000912282
0.00110421
0.00127238
0.00142878
0.00157098
0.0016815
0.00173449
0.00166594
0.00146244
0.00121743
0.00107771
0.00110346
0.00114205
0.001127
0.00103083
0.000877902
0.000657881
0.000254658
0.0002922
0.000717664
0.000954804
0.00114894
0.00133859
0.00154555
0.00177322
0.00197221
0.00207965
0.0020452
0.00188399
0.00169391
0.00157499
0.00154853
0.0015236
0.00143076
0.00124179
0.000984037
0.00067748
0.00026851
0.000313482
0.000600536
0.000749905
0.000881821
0.00104288
0.00126439
0.00153179
0.0017916
0.00196176
0.00198264
0.00189285
0.00177057
0.00166683
0.00158644
0.00147581
0.00128933
0.00104127
0.000791244
0.000561481
0.000300989
0.000364853
0.000567025
0.000685051
0.00076218
0.000834843
0.000942411
0.00114524
0.00144294
0.00168215
0.00172144
0.00165329
0.00154954
0.0014276
0.0012825
0.00110325
0.000913047
0.000751025
0.000625762
0.000510255
0.000345502
0.000463852
0.000668857
0.000777451
0.000838111
0.000869808
0.000900006
0.000965114
0.00111521
0.00133074
0.00142592
0.00134252
0.00120326
0.00105341
0.000904931
0.000780864
0.000701242
0.00065658
0.000619042
0.000559566
0.000429038
0.000558462
0.000864892
0.000998585
0.00107032
0.00111124
0.00112985
0.00114269
0.00116786
0.00121041
0.00124623
0.00116827
0.00102055
0.000912056
0.000842263
0.000804203
0.000789652
0.000781056
0.000756173
0.000695311
0.000528635
0.000631972
0.00102847
0.00127292
0.00146636
0.00160403
0.00167711
0.00169202
0.00165586
0.00157027
0.00144275
0.00132001
0.001297
0.00131153
0.00130774
0.00127424
0.00120158
0.00109606
0.00097345
0.000832729
0.000609674
0.000695941
0.00107845
0.00149516
0.00196845
0.00238152
0.00260388
0.00269509
0.00269821
0.00259482
0.00239274
0.00226644
0.00240424
0.00252121
0.00251017
0.00237374
0.00208417
0.00169124
0.00127154
0.000929861
0.000681601
0.000759562
0.000851563
0.000935891
0.00101373
0.00108719
0.00115735
0.00122496
0.00128707
0.00133823
0.00137038
0.00137393
0.00135213
0.00131121
0.00125449
0.00118676
0.00111195
0.00103195
0.000947582
0.000857541
0.000759727
0.000257358
0.00028443
0.000305642
0.000323499
0.000338291
0.000350298
0.000359229
0.000363815
0.000362054
0.000353546
0.000343731
0.000327296
0.000307282
0.000295942
0.000291402
0.000288229
0.00028437
0.000275753
0.000260369
0.000236289
0.000271934
0.000638569
0.000841534
0.000981325
0.00110381
0.00122264
0.00133468
0.00142703
0.00148408
0.00147196
0.00131512
0.00112325
0.00101457
0.00103286
0.00106606
0.00103083
0.00091148
0.000750421
0.000552526
0.000254246
0.000283655
0.0006422
0.000815072
0.000971813
0.00113914
0.00132457
0.00152717
0.00171907
0.00183991
0.00183501
0.00169883
0.00152434
0.00141651
0.0013977
0.00137282
0.00124179
0.00101972
0.000772655
0.000541752
0.000282175
0.000320031
0.000545832
0.000654101
0.000745125
0.000856991
0.00103242
0.00128853
0.00153664
0.00170728
0.00174983
0.00167003
0.00154664
0.00145229
0.00137794
0.00125225
0.00104127
0.000820995
0.000644875
0.000506356
0.00032809
0.000371048
0.00055874
0.000648111
0.000693708
0.000730993
0.000792263
0.00091487
0.00115259
0.00139815
0.00144564
0.00138647
0.00129001
0.00118546
0.00105304
0.000890858
0.000751025
0.000655607
0.000596643
0.000531637
0.000380781
0.000455908
0.000665596
0.000760847
0.000795743
0.000796757
0.000792017
0.000809083
0.000872735
0.00101083
0.0011017
0.00104863
0.000950587
0.000847673
0.000749436
0.000681396
0.00065658
0.000657782
0.000653303
0.000606027
0.000455879
0.000538892
0.000816223
0.000942455
0.000993491
0.00100257
0.000986327
0.00096314
0.000945907
0.000935965
0.000932368
0.000900238
0.000831839
0.000781167
0.000755341
0.000759363
0.000781056
0.000792356
0.000772677
0.000703546
0.000527489
0.000604179
0.000932999
0.00112534
0.00127447
0.0013743
0.00142338
0.00143015
0.00139601
0.00132336
0.00122338
0.00114329
0.00114261
0.00116793
0.00116524
0.00114201
0.00109606
0.0010261
0.00093186
0.000804351
0.000593334
0.000660174
0.000972499
0.00127267
0.00160574
0.00192292
0.00214208
0.00228359
0.00231427
0.00224431
0.00208727
0.00198876
0.00207527
0.00216059
0.00208482
0.00191847
0.00169124
0.00141823
0.00113974
0.000883175
0.000654228
0.000717804
0.000797603
0.000872734
0.000942274
0.00100774
0.00106886
0.00112622
0.00117732
0.00121711
0.001238
0.00123897
0.00122921
0.00120003
0.00115405
0.0010968
0.00103195
0.000961668
0.000887189
0.000807324
0.000721716
0.000253168
0.000275716
0.00029353
0.000307975
0.000319393
0.000328167
0.000334405
0.000337159
0.000334578
0.000325952
0.000319361
0.000307427
0.000291465
0.000282598
0.000278753
0.00027752
0.000275753
0.000269763
0.000257926
0.000238287
0.000267679
0.000574983
0.000700533
0.000791786
0.000884301
0.00098758
0.00109318
0.00118349
0.00124145
0.00124775
0.00113402
0.000984664
0.000897712
0.000906836
0.000930331
0.000877902
0.000750421
0.000601048
0.000448717
0.000259396
0.000286658
0.000530645
0.000637521
0.000744262
0.000885299
0.0010585
0.00124353
0.00141675
0.00152943
0.00153438
0.0014239
0.00127815
0.00119147
0.00118042
0.00114312
0.000984038
0.000772655
0.000594231
0.00046258
0.000304517
0.000327612
0.000495681
0.000565121
0.000618195
0.000689002
0.00080718
0.00101358
0.00125522
0.00139071
0.00142379
0.00135193
0.00124973
0.00118046
0.00111627
0.000973152
0.000791244
0.000644875
0.000561163
0.000503584
0.000363303
0.000385584
0.000560522
0.000621602
0.000636084
0.000640965
0.000663987
0.000731526
0.000866949
0.00108774
0.00111724
0.00106242
0.000992041
0.000918345
0.000815118
0.000701618
0.000625762
0.000596643
0.000597438
0.000573819
0.000426232
0.000460728
0.000672101
0.000749689
0.000755958
0.000729126
0.000697474
0.000682044
0.000695001
0.000738711
0.000787586
0.000758187
0.000709681
0.000661414
0.000620381
0.000604412
0.000619042
0.000653303
0.000670869
0.00063656
0.00047754
0.000522687
0.000766349
0.000874115
0.00091626
0.000902547
0.000863838
0.000817434
0.000774621
0.000736844
0.000703544
0.000692043
0.00068609
0.000685913
0.000697618
0.000725584
0.000756172
0.000772677
0.000764447
0.000706092
0.00052734
0.000575307
0.000837889
0.00097852
0.00108029
0.00115524
0.00118144
0.00117171
0.00113533
0.00107631
0.00100768
0.000963599
0.000966669
0.000989946
0.00100088
0.000997092
0.000973449
0.00093186
0.00087137
0.000774169
0.000575736
0.00062164
0.00086895
0.00105888
0.00123835
0.0014092
0.00154146
0.00162205
0.00165674
0.00163256
0.00157297
0.00152585
0.00150357
0.00150073
0.00145882
0.00138042
0.00127154
0.00113974
0.000992843
0.000828942
0.000623894
0.00067152
0.000739046
0.000805059
0.000866158
0.00092366
0.000977221
0.00102638
0.00106878
0.00110001
0.00111435
0.00111481
0.00111
0.0010881
0.00105079
0.00100285
0.000947582
0.000887189
0.000822921
0.000753418
0.000679725
0.000247239
0.000265201
0.000279044
0.000289504
0.000296592
0.000301242
0.000304038
0.000304454
0.000301116
0.00029553
0.000291169
0.000282273
0.000269344
0.000262072
0.000259313
0.000259632
0.000260369
0.000257926
0.000251397
0.000239858
0.000260881
0.000447759
0.00050803
0.000565423
0.000639434
0.000730666
0.000826973
0.000906201
0.00095291
0.000944986
0.000862683
0.000756358
0.000692163
0.000692528
0.000707278
0.000657881
0.000552526
0.000448717
0.000367648
0.000273886
0.000286287
0.000421028
0.00047135
0.000526614
0.000615274
0.000748823
0.00089732
0.00102818
0.00110573
0.00110517
0.0010239
0.000919995
0.000862057
0.000859365
0.000813652
0.00067748
0.000541752
0.00046258
0.000423471
0.000335259
0.000337754
0.000444586
0.00047488
0.000491771
0.000520545
0.000581183
0.000704137
0.000883791
0.000974731
0.000985975
0.000929425
0.00086024
0.000821665
0.00077827
0.000666424
0.000561481
0.000506355
0.000503583
0.000514454
0.000409482
0.000410627
0.000556104
0.000578589
0.000560899
0.000537752
0.000529045
0.000549355
0.00060702
0.000729731
0.000744088
0.000699726
0.000659219
0.000621126
0.000568299
0.000525232
0.000510255
0.000531637
0.000573819
0.000580377
0.000457664
0.000470203
0.000644062
0.000690932
0.000677445
0.000631506
0.00058586
0.000553422
0.000538283
0.000532351
0.000535619
0.000527108
0.000518615
0.00051277
0.000512899
0.000525576
0.000559566
0.000606027
0.00063656
0.000628568
0.000493782
0.000511261
0.00069563
0.000758716
0.000781649
0.000776208
0.000741096
0.000698599
0.000659641
0.000627126
0.000600566
0.000591015
0.000608453
0.000636627
0.000660882
0.0006818
0.000695311
0.000703546
0.000706092
0.000677551
0.000525554
0.00054681
0.000736205
0.000815659
0.000870524
0.000917994
0.000951312
0.000962232
0.00094731
0.000901133
0.000836189
0.00080045
0.000806383
0.000836264
0.00085515
0.000852256
0.000832729
0.000804351
0.000774169
0.000723031
0.000556559
0.000580117
0.000757899
0.000849752
0.000916743
0.000976789
0.00102666
0.00106271
0.00107485
0.00103982
0.000976298
0.000951995
0.000956075
0.000978386
0.000985899
0.000966608
0.000929861
0.000883175
0.000828942
0.000753823
0.000590176
0.000618876
0.000674656
0.000732024
0.000784751
0.000833958
0.000879459
0.000920546
0.000955054
0.000979154
0.00098804
0.000987517
0.000986534
0.000970869
0.000941739
0.000903
0.000857542
0.000807324
0.000753418
0.000694273
0.000631701
0.000239411
0.000251144
0.000259429
0.00026369
0.000264896
0.000264033
0.000261808
0.000258622
0.000255413
0.000253322
0.000249653
0.00024322
0.000234201
0.000229755
0.000229974
0.000232782
0.000236289
0.000238287
0.000239858
0.000244367
0.000254381
0.00026793
0.000273822
0.000277578
0.000281361
0.000286003
0.000289997
0.000290578
0.000286404
0.000278695
0.000268866
0.00025869
0.00025116
0.000250532
0.000253225
0.000254658
0.000254246
0.000259396
0.000273886
0.000293723
0.000285807
0.000291042
0.00029178
0.000290124
0.00028745
0.000286659
0.000290152
0.000294441
0.000293998
0.000289006
0.000280329
0.000271839
0.00026595
0.000264065
0.000264651
0.00026851
0.000282175
0.000304517
0.000335259
0.000377146
0.00034765
0.000347167
0.000341361
0.000331921
0.000320377
0.000307891
0.00029514
0.000286606
0.000288919
0.000287606
0.000283803
0.000278045
0.00027225
0.000272094
0.000282766
0.000300988
0.00032809
0.000363302
0.000409482
0.000438386
0.00044282
0.000439954
0.000425812
0.00040097
0.000377577
0.000354528
0.000332613
0.000312897
0.000290749
0.000294695
0.000301455
0.000300668
0.000295923
0.00029982
0.000318696
0.000345502
0.000380781
0.000426232
0.000457664
0.000473732
0.00047761
0.000480203
0.000478863
0.000468545
0.000442449
0.000414884
0.000393644
0.000382648
0.000385021
0.000389305
0.0003936
0.000402244
0.000406093
0.000406881
0.00041135
0.000429038
0.000455879
0.00047754
0.000493782
0.000498039
0.000500167
0.000507543
0.000515909
0.00051983
0.000520778
0.000522674
0.000526234
0.000530276
0.000532235
0.000528912
0.000524741
0.000529717
0.000535025
0.000534969
0.000531728
0.000528635
0.000527489
0.00052734
0.000525554
0.000516982
0.00051848
0.000533699
0.000555981
0.000576002
0.000594095
0.000610877
0.000625849
0.000637751
0.000642274
0.000637426
0.000631713
0.000636389
0.000638935
0.000634543
0.000624026
0.000609675
0.000593334
0.000575736
0.000556559
0.000534647
0.000536701
0.000566101
0.000600679
0.000633077
0.000662725
0.000689469
0.000712713
0.000730694
0.00073974
0.000736179
0.000730836
0.000735971
0.000734189
0.000723445
0.000705199
0.000681601
0.000654228
0.000623894
0.000590176
0.000554174
0.000560064
0.000606286
0.000654866
0.000698051
0.000737135
0.000772444
0.000803598
0.000829045
0.000845858
0.000849331
0.000847561
0.000850548
0.000841254
0.000821225
0.000793333
0.000759727
0.000721717
0.000679725
0.000631701
0.000578977
)
;

boundaryField
{
    floor
    {
        type            alphatWallFunction;
        Prt             0.85;
        value           nonuniform List<scalar> 
400
(
2.75222e-05
2.85223e-05
2.89738e-05
2.94683e-05
3.04961e-05
3.14169e-05
3.19541e-05
3.20467e-05
3.16808e-05
3.1079e-05
3.07537e-05
3.15108e-05
3.20825e-05
3.20484e-05
3.18097e-05
3.14744e-05
3.10117e-05
3.03187e-05
2.93468e-05
2.80788e-05
2.85223e-05
3.1432e-05
3.2904e-05
3.38178e-05
3.46917e-05
3.6107e-05
3.73282e-05
3.82183e-05
3.86676e-05
3.87591e-05
3.88895e-05
3.98573e-05
4.01386e-05
3.9349e-05
3.81919e-05
3.68916e-05
3.54968e-05
3.40409e-05
3.2323e-05
3.0015e-05
2.89738e-05
3.29039e-05
3.51109e-05
3.65571e-05
3.771e-05
3.90539e-05
4.06901e-05
4.22925e-05
4.35334e-05
4.43953e-05
4.5047e-05
4.61345e-05
4.61476e-05
4.48377e-05
4.30633e-05
4.10846e-05
3.89744e-05
3.69923e-05
3.46251e-05
3.13873e-05
2.94682e-05
3.38178e-05
3.65571e-05
3.84467e-05
4.0074e-05
4.17076e-05
4.35566e-05
4.55375e-05
4.76691e-05
4.93868e-05
5.04966e-05
5.14585e-05
5.11142e-05
4.93295e-05
4.70466e-05
4.45072e-05
4.19276e-05
3.94085e-05
3.63955e-05
3.21304e-05
3.0496e-05
3.46916e-05
3.77099e-05
4.0074e-05
4.20496e-05
4.41414e-05
4.661e-05
4.89941e-05
5.19938e-05
5.46958e-05
5.60699e-05
5.65054e-05
5.56602e-05
5.3316e-05
5.04991e-05
4.74094e-05
4.44042e-05
4.13533e-05
3.76411e-05
3.24009e-05
3.14169e-05
3.61069e-05
3.90538e-05
4.17075e-05
4.41413e-05
4.64984e-05
4.98665e-05
5.32049e-05
5.71066e-05
6.08892e-05
6.21684e-05
6.17005e-05
6.01416e-05
5.70693e-05
5.35796e-05
4.98794e-05
4.64469e-05
4.28878e-05
3.85053e-05
3.2343e-05
3.19541e-05
3.73281e-05
4.069e-05
4.35565e-05
4.661e-05
4.98665e-05
5.34872e-05
5.77558e-05
6.27393e-05
6.77553e-05
6.85968e-05
6.70922e-05
6.47339e-05
6.0574e-05
5.61947e-05
5.18468e-05
4.80133e-05
4.40278e-05
3.90775e-05
3.20603e-05
3.20466e-05
3.82182e-05
4.22924e-05
4.55374e-05
4.8994e-05
5.32048e-05
5.77558e-05
6.28201e-05
6.81541e-05
7.32932e-05
7.41633e-05
7.19421e-05
6.89622e-05
6.33991e-05
5.80285e-05
5.305e-05
4.88923e-05
4.46066e-05
3.92599e-05
3.16093e-05
3.16807e-05
3.86675e-05
4.35333e-05
4.7669e-05
5.19937e-05
5.71065e-05
6.27392e-05
6.81541e-05
7.17786e-05
7.68192e-05
7.62399e-05
7.45962e-05
7.11547e-05
6.50463e-05
5.8611e-05
5.30857e-05
4.87323e-05
4.42965e-05
3.87905e-05
3.11052e-05
3.10789e-05
3.8759e-05
4.43952e-05
4.93867e-05
5.46957e-05
6.08891e-05
6.77553e-05
7.32931e-05
7.68191e-05
3.40912e-05
3.30888e-05
7.49849e-05
7.11065e-05
6.42068e-05
5.76723e-05
5.20807e-05
4.74045e-05
4.29371e-05
3.77952e-05
3.07017e-05
3.07537e-05
3.88895e-05
4.5047e-05
5.04966e-05
5.60698e-05
6.21684e-05
6.85968e-05
7.41633e-05
7.62398e-05
3.30888e-05
3.04214e-05
6.87685e-05
6.46536e-05
5.95947e-05
5.42253e-05
4.95882e-05
4.55736e-05
4.15727e-05
3.68654e-05
3.0039e-05
3.15108e-05
3.98573e-05
4.61345e-05
5.14585e-05
5.65054e-05
6.17005e-05
6.70922e-05
7.19422e-05
7.45962e-05
7.49849e-05
6.87684e-05
5.40044e-05
5.0561e-05
5.0713e-05
4.84149e-05
4.56284e-05
4.26746e-05
3.93535e-05
3.51676e-05
2.88482e-05
3.20825e-05
4.01386e-05
4.61476e-05
5.11142e-05
5.56602e-05
6.01416e-05
6.47339e-05
6.89622e-05
7.11547e-05
7.11064e-05
6.46534e-05
5.05609e-05
4.44021e-05
4.32731e-05
4.27189e-05
4.12057e-05
3.91691e-05
3.64768e-05
3.27858e-05
2.71173e-05
3.20484e-05
3.9349e-05
4.48377e-05
4.93295e-05
5.3316e-05
5.70693e-05
6.0574e-05
6.33991e-05
6.50463e-05
6.42068e-05
5.95947e-05
5.07129e-05
4.3273e-05
4.03669e-05
3.9474e-05
3.86509e-05
3.72519e-05
3.49884e-05
3.15695e-05
2.62919e-05
3.18098e-05
3.8192e-05
4.30633e-05
4.70466e-05
5.04991e-05
5.35796e-05
5.61947e-05
5.80285e-05
5.86109e-05
5.76723e-05
5.42252e-05
4.84148e-05
4.27189e-05
3.94739e-05
3.8724e-05
3.79636e-05
3.66914e-05
3.45459e-05
3.12583e-05
2.63845e-05
3.14745e-05
3.68916e-05
4.10846e-05
4.45072e-05
4.74094e-05
4.98794e-05
5.18468e-05
5.30499e-05
5.30857e-05
5.20807e-05
4.95881e-05
4.56284e-05
4.12057e-05
3.86509e-05
3.79636e-05
3.72116e-05
3.62603e-05
3.44367e-05
3.14187e-05
2.69159e-05
3.10117e-05
3.54968e-05
3.89744e-05
4.19276e-05
4.44042e-05
4.64469e-05
4.80133e-05
4.88923e-05
4.87323e-05
4.74044e-05
4.55736e-05
4.26746e-05
3.91691e-05
3.72519e-05
3.66914e-05
3.62603e-05
3.56006e-05
3.41219e-05
3.15319e-05
2.74978e-05
3.03187e-05
3.4041e-05
3.69923e-05
3.94085e-05
4.13533e-05
4.28878e-05
4.40278e-05
4.46066e-05
4.42965e-05
4.2937e-05
4.15727e-05
3.93535e-05
3.64768e-05
3.49884e-05
3.45459e-05
3.44367e-05
3.41219e-05
3.30809e-05
3.10987e-05
2.78358e-05
2.93468e-05
3.23231e-05
3.46251e-05
3.63956e-05
3.76411e-05
3.85053e-05
3.90776e-05
3.92599e-05
3.87905e-05
3.77952e-05
3.68654e-05
3.51676e-05
3.27858e-05
3.15695e-05
3.12583e-05
3.14187e-05
3.15319e-05
3.10987e-05
3.00487e-05
2.82196e-05
2.80789e-05
3.00151e-05
3.13873e-05
3.21304e-05
3.24009e-05
3.2343e-05
3.20603e-05
3.16093e-05
3.11052e-05
3.07016e-05
3.0039e-05
2.88482e-05
2.71173e-05
2.62919e-05
2.63845e-05
2.69159e-05
2.74978e-05
2.78358e-05
2.82196e-05
2.9215e-05
)
;
    }
    ceiling
    {
        type            alphatWallFunction;
        Prt             0.85;
        value           nonuniform List<scalar> 
400
(
7.99346e-05
8.73025e-05
9.43999e-05
0.000100669
0.000106382
0.000111525
0.00011598
0.000119519
0.000121827
0.000122726
0.000123643
0.000123859
0.00012214
0.000118918
0.000114534
0.00010922
0.000103133
9.63426e-05
8.85316e-05
7.96445e-05
8.73025e-05
9.59411e-05
0.000104464
0.000112231
0.000119457
0.000126062
0.000131875
0.000136602
0.000139881
0.000141547
0.000142919
0.000142372
0.000139702
0.000135274
0.000129461
0.000122554
0.000114781
0.000106283
9.68259e-05
8.65971e-05
9.43998e-05
0.000104464
0.000114161
0.000123079
0.000131419
0.000139099
0.000145942
0.000151626
0.00015579
0.000158232
0.000160068
0.000158685
0.000155076
0.000149621
0.000142689
0.000134587
0.000125586
0.000115861
0.000105239
9.38236e-05
0.000100669
0.000112231
0.000123079
0.000133048
0.000142355
0.000150967
0.000158764
0.000165432
0.000170634
0.000174064
0.00017649
0.000174048
0.0001693
0.000162737
0.000154717
0.000145522
0.000135433
0.000124591
0.000112856
0.000100154
0.000106382
0.000119457
0.000131419
0.000142355
0.000152513
0.000162066
0.000171002
0.000178923
0.000185432
0.000190141
0.000193388
0.000189456
0.000183293
0.000175399
0.000166069
0.000155703
0.000144579
0.000132695
0.000119868
0.000105803
0.000111525
0.000126062
0.000139099
0.000150967
0.000162066
0.000172856
0.000183025
0.000192438
0.00020074
0.000207464
0.000211853
0.000205645
0.000197416
0.000187827
0.000177052
0.000165303
0.000153009
0.000140153
0.000126275
0.000110844
0.00011598
0.000131875
0.000145942
0.000158764
0.000171002
0.000183025
0.000194782
0.00020625
0.000217266
0.000227307
0.000233336
0.000223638
0.000212282
0.000200311
0.000187718
0.000174458
0.000160832
0.000146927
0.000132002
0.000115247
0.000119519
0.000136601
0.000151626
0.000165432
0.000178923
0.000192438
0.00020625
0.000220653
0.000235888
0.000251389
0.000259607
0.000244537
0.000228298
0.000212818
0.000197839
0.000182813
0.000167747
0.000152721
0.000136774
0.000118814
0.000121827
0.000139881
0.00015579
0.000170634
0.000185432
0.00020074
0.000217266
0.000235888
0.000257503
0.000280922
0.000290927
0.000269143
0.000245636
0.000225016
0.000206778
0.000189685
0.000173113
0.000156974
0.000140094
0.000121159
0.000122726
0.000141547
0.000158232
0.000174064
0.000190141
0.000207464
0.000227307
0.000251389
0.000280922
0.000309782
0.000315464
0.000294898
0.000262996
0.000235746
0.000213429
0.000194012
0.000175917
0.000158916
0.000141308
0.00012162
0.000123643
0.000142919
0.000160068
0.000176489
0.000193387
0.000211853
0.000233336
0.000259607
0.000290927
0.000315464
0.000286434
0.000296138
0.000266113
0.000237668
0.000214491
0.000194576
0.000176084
0.000158991
0.000141233
0.00012136
0.000123859
0.000142372
0.000158685
0.000174048
0.000189456
0.000205645
0.000223638
0.000244537
0.000269143
0.000294898
0.000296138
0.000274894
0.000249454
0.000227573
0.000208833
0.000191516
0.000174673
0.000158246
0.000141025
0.000121748
0.000122139
0.000139701
0.000155076
0.0001693
0.000183293
0.000197416
0.000212281
0.000228298
0.000245636
0.000262995
0.000266113
0.000249454
0.0002321
0.000216135
0.000200989
0.000185826
0.000170586
0.000155143
0.000138783
0.000120411
0.000118918
0.000135274
0.000149621
0.000162737
0.000175399
0.000187826
0.000200311
0.000212817
0.000225016
0.000235745
0.000237668
0.000227572
0.000216135
0.000204132
0.000191412
0.000177979
0.000164194
0.000149933
0.000134688
0.000117574
0.000114534
0.000129461
0.000142689
0.000154717
0.000166069
0.000177052
0.000187717
0.000197838
0.000206777
0.000213429
0.000214491
0.000208833
0.000200989
0.000191411
0.000180464
0.00016864
0.00015627
0.000143254
0.000129249
0.00011362
0.00010922
0.000122553
0.000134586
0.000145522
0.000155703
0.000165303
0.000174458
0.000182813
0.000189684
0.000194012
0.000194576
0.000191516
0.000185826
0.000177979
0.000168639
0.000158339
0.000147294
0.000135552
0.000122859
0.000108841
0.000103133
0.000114781
0.000125586
0.000135432
0.000144579
0.000153009
0.000160832
0.000167747
0.000173113
0.000175917
0.000176083
0.000174673
0.000170586
0.000164194
0.00015627
0.000147294
0.000137532
0.000127102
0.000115765
0.000103397
9.63425e-05
0.000106283
0.000115861
0.000124591
0.000132695
0.000140153
0.000146927
0.000152721
0.000156974
0.000158916
0.000158991
0.000158245
0.000155143
0.000149932
0.000143254
0.000135552
0.000127102
0.000118028
0.000108073
9.73084e-05
8.85315e-05
9.68258e-05
0.000105239
0.000112856
0.000119868
0.000126275
0.000132001
0.000136773
0.000140094
0.000141308
0.000141233
0.000141025
0.000138783
0.000134687
0.000129249
0.000122859
0.000115765
0.000108073
9.94965e-05
9.02201e-05
7.96444e-05
8.6597e-05
9.38235e-05
0.000100154
0.000105803
0.000110844
0.000115247
0.000118814
0.000121159
0.00012162
0.00012136
0.000121748
0.000120411
0.000117573
0.00011362
0.000108841
0.000103397
9.73084e-05
9.02201e-05
8.22455e-05
)
;
    }
    fixedWalls
    {
        type            alphatWallFunction;
        Prt             0.85;
        value           nonuniform List<scalar> 
800
(
2.75045e-05
3.19049e-05
4.0293e-05
5.3943e-05
6.57694e-05
6.95944e-05
7.21779e-05
7.43734e-05
7.68169e-05
7.98706e-05
2.85041e-05
3.32386e-05
4.04944e-05
5.19292e-05
6.38609e-05
6.96882e-05
7.39621e-05
7.80066e-05
8.22403e-05
8.72334e-05
2.89552e-05
3.42692e-05
4.0363e-05
5.02653e-05
6.05457e-05
6.8944e-05
7.55078e-05
8.18032e-05
8.78152e-05
9.43256e-05
2.9449e-05
3.53163e-05
4.01529e-05
4.85386e-05
5.75265e-05
6.74911e-05
7.72571e-05
8.55943e-05
9.30679e-05
0.00010059
3.04755e-05
3.59028e-05
3.9861e-05
4.6678e-05
5.49658e-05
6.63513e-05
7.9305e-05
8.93116e-05
9.80289e-05
0.000106299
3.13952e-05
3.63177e-05
3.99897e-05
4.52481e-05
5.27154e-05
6.64684e-05
8.1619e-05
9.28045e-05
0.000102571
0.000111438
3.19317e-05
3.68265e-05
4.06166e-05
4.25592e-05
5.05449e-05
6.80311e-05
8.39088e-05
9.58399e-05
0.000106466
0.00011589
3.2024e-05
3.7085e-05
4.10594e-05
4.36477e-05
5.07454e-05
6.99419e-05
8.57941e-05
9.81045e-05
0.00010934
0.000119425
3.16583e-05
3.70781e-05
4.17986e-05
4.59122e-05
5.33677e-05
7.15443e-05
8.68721e-05
9.91496e-05
0.000110706
0.000121732
3.10569e-05
3.70359e-05
4.27356e-05
4.83535e-05
5.67428e-05
7.24295e-05
8.67158e-05
9.86377e-05
0.000110323
0.000122629
3.07318e-05
3.7444e-05
4.40332e-05
5.06617e-05
5.93862e-05
7.29208e-05
8.62842e-05
9.81211e-05
0.000110117
0.000123545
3.1488e-05
3.83627e-05
4.5133e-05
5.201e-05
6.09475e-05
7.38778e-05
8.69977e-05
9.90295e-05
0.000111261
0.00012376
3.20591e-05
3.80863e-05
4.40877e-05
5.01929e-05
5.89887e-05
7.31336e-05
8.68121e-05
9.87964e-05
0.000110683
0.000122042
3.20248e-05
3.69148e-05
4.15832e-05
4.60479e-05
5.47952e-05
7.06722e-05
8.51776e-05
9.70596e-05
0.000108307
0.000118823
3.17864e-05
3.55638e-05
3.88687e-05
4.16387e-05
5.09331e-05
6.77232e-05
8.25501e-05
9.41569e-05
0.000104576
0.000114443
3.14514e-05
3.44011e-05
3.68357e-05
4.06234e-05
4.9322e-05
6.51665e-05
7.94946e-05
9.04679e-05
9.99173e-05
0.000109133
3.09892e-05
3.33763e-05
3.54935e-05
4.20033e-05
5.03382e-05
6.38842e-05
7.65283e-05
8.63178e-05
9.46341e-05
0.00010305
3.02971e-05
3.26775e-05
3.63593e-05
4.35417e-05
5.28455e-05
6.45677e-05
7.40604e-05
8.19888e-05
8.89112e-05
9.62657e-05
2.9326e-05
3.17099e-05
3.66098e-05
4.55813e-05
5.70224e-05
6.59713e-05
7.22746e-05
7.76656e-05
8.26803e-05
8.84606e-05
2.80585e-05
3.0925e-05
3.68357e-05
4.7889e-05
6.18488e-05
6.70525e-05
7.04878e-05
7.32798e-05
7.60456e-05
7.95803e-05
2.80585e-05
3.09251e-05
3.68357e-05
4.78889e-05
6.18487e-05
6.70524e-05
7.04877e-05
7.32797e-05
7.60455e-05
7.95802e-05
2.99936e-05
3.29772e-05
3.75475e-05
4.7681e-05
6.16702e-05
6.74995e-05
7.16425e-05
7.56089e-05
8.05158e-05
8.65275e-05
3.1365e-05
3.3868e-05
3.75146e-05
4.64856e-05
5.97385e-05
6.73723e-05
7.29948e-05
7.90363e-05
8.57229e-05
9.37485e-05
3.21076e-05
3.44468e-05
3.70753e-05
4.46503e-05
5.58307e-05
6.58746e-05
7.36196e-05
8.20375e-05
9.05249e-05
0.000100074
3.23779e-05
3.5062e-05
3.64508e-05
4.24616e-05
5.18268e-05
6.1957e-05
7.37298e-05
8.46809e-05
9.48443e-05
0.000105719
3.23199e-05
3.58434e-05
3.60705e-05
4.01517e-05
4.78684e-05
5.75492e-05
7.38973e-05
8.70672e-05
9.86794e-05
0.000110756
3.20372e-05
3.65406e-05
3.64743e-05
3.7826e-05
4.40941e-05
5.39982e-05
7.42437e-05
8.91462e-05
0.000101963
0.000115154
3.15863e-05
3.66784e-05
3.71793e-05
3.60904e-05
4.06588e-05
5.19323e-05
7.46274e-05
9.07535e-05
0.000104469
0.000118719
3.10823e-05
3.60103e-05
3.7147e-05
3.62782e-05
3.68275e-05
5.19002e-05
7.47213e-05
9.13058e-05
0.000105694
0.000121061
3.06789e-05
3.47159e-05
3.63064e-05
3.60028e-05
3.68772e-05
5.22436e-05
7.40729e-05
9.05077e-05
0.000105111
0.000121522
3.00166e-05
3.30226e-05
3.47862e-05
3.52449e-05
3.77427e-05
5.27358e-05
7.34699e-05
8.97036e-05
0.000104357
0.000121261
2.88263e-05
3.12167e-05
3.32919e-05
3.42433e-05
3.75829e-05
5.41095e-05
7.43221e-05
9.0453e-05
0.000105116
0.000121648
2.70962e-05
2.97988e-05
3.23013e-05
3.33579e-05
3.69419e-05
5.48758e-05
7.51856e-05
9.08734e-05
0.00010489
0.000120312
2.62712e-05
2.97229e-05
3.20595e-05
3.3452e-05
3.78262e-05
5.51972e-05
7.52531e-05
9.02687e-05
0.000103371
0.000117477
2.63639e-05
3.02512e-05
3.22832e-05
3.52428e-05
4.10652e-05
5.6273e-05
7.48846e-05
8.87779e-05
0.000100773
0.000113527
2.68949e-05
3.05173e-05
3.30598e-05
3.83433e-05
4.56879e-05
5.93688e-05
7.45421e-05
8.67269e-05
9.73912e-05
0.000108752
2.74758e-05
3.06146e-05
3.54968e-05
4.29903e-05
5.18238e-05
6.34347e-05
7.44361e-05
8.43565e-05
9.34298e-05
0.000103313
2.78127e-05
3.18088e-05
3.94621e-05
4.90815e-05
5.8821e-05
6.67587e-05
7.44122e-05
8.17492e-05
8.89773e-05
9.72296e-05
2.81949e-05
3.45202e-05
4.49967e-05
5.62329e-05
6.3528e-05
6.91449e-05
7.40596e-05
7.88162e-05
8.39281e-05
9.01473e-05
2.91883e-05
3.83629e-05
5.15452e-05
6.03938e-05
6.5832e-05
6.96167e-05
7.25846e-05
7.536e-05
7.83863e-05
8.21792e-05
2.75045e-05
3.19049e-05
4.0293e-05
5.3943e-05
6.57694e-05
6.95944e-05
7.21779e-05
7.43734e-05
7.68169e-05
7.98706e-05
2.85041e-05
3.32386e-05
4.04944e-05
5.19292e-05
6.38609e-05
6.96882e-05
7.39621e-05
7.80066e-05
8.22403e-05
8.72334e-05
2.89552e-05
3.42692e-05
4.0363e-05
5.02653e-05
6.05457e-05
6.8944e-05
7.55078e-05
8.18032e-05
8.78151e-05
9.43256e-05
2.94489e-05
3.53163e-05
4.01529e-05
4.85386e-05
5.75265e-05
6.74911e-05
7.7257e-05
8.55942e-05
9.30679e-05
0.00010059
3.04755e-05
3.59027e-05
3.9861e-05
4.66779e-05
5.49658e-05
6.63513e-05
7.9305e-05
8.93116e-05
9.80289e-05
0.000106299
3.13952e-05
3.63177e-05
3.99897e-05
4.52481e-05
5.27154e-05
6.64684e-05
8.1619e-05
9.28045e-05
0.000102571
0.000111438
3.19317e-05
3.68265e-05
4.06165e-05
4.25591e-05
5.05449e-05
6.80311e-05
8.39088e-05
9.58399e-05
0.000106466
0.00011589
3.20239e-05
3.7085e-05
4.10594e-05
4.36477e-05
5.07454e-05
6.99419e-05
8.57941e-05
9.81045e-05
0.00010934
0.000119425
3.16582e-05
3.7078e-05
4.17986e-05
4.59122e-05
5.33678e-05
7.15443e-05
8.68721e-05
9.91496e-05
0.000110706
0.000121731
3.10568e-05
3.70359e-05
4.27356e-05
4.83536e-05
5.67429e-05
7.24295e-05
8.67158e-05
9.86377e-05
0.000110323
0.000122629
3.07318e-05
3.7444e-05
4.40333e-05
5.06617e-05
5.93862e-05
7.29208e-05
8.62842e-05
9.8121e-05
0.000110117
0.000123545
3.14881e-05
3.83628e-05
4.5133e-05
5.20101e-05
6.09475e-05
7.38778e-05
8.69976e-05
9.90295e-05
0.000111261
0.00012376
3.20591e-05
3.80863e-05
4.40877e-05
5.01928e-05
5.89886e-05
7.31335e-05
8.68121e-05
9.87963e-05
0.000110683
0.000122042
3.20248e-05
3.69148e-05
4.15832e-05
4.60479e-05
5.47951e-05
7.06722e-05
8.51776e-05
9.70595e-05
0.000108307
0.000118823
3.17864e-05
3.55638e-05
3.88687e-05
4.16387e-05
5.0933e-05
6.77231e-05
8.25501e-05
9.41568e-05
0.000104576
0.000114443
3.14514e-05
3.44011e-05
3.68357e-05
4.06233e-05
4.93219e-05
6.51664e-05
7.94945e-05
9.04678e-05
9.99172e-05
0.000109133
3.09892e-05
3.33763e-05
3.54935e-05
4.20033e-05
5.03381e-05
6.38841e-05
7.65282e-05
8.63177e-05
9.4634e-05
0.00010305
3.02971e-05
3.26775e-05
3.63593e-05
4.35417e-05
5.28454e-05
6.45676e-05
7.40603e-05
8.19887e-05
8.89111e-05
9.62656e-05
2.9326e-05
3.171e-05
3.66098e-05
4.55813e-05
5.70222e-05
6.59712e-05
7.22745e-05
7.76656e-05
8.26802e-05
8.84605e-05
2.80585e-05
3.09251e-05
3.68357e-05
4.78889e-05
6.18487e-05
6.70524e-05
7.04877e-05
7.32797e-05
7.60455e-05
7.95802e-05
2.80585e-05
3.0925e-05
3.68357e-05
4.7889e-05
6.18488e-05
6.70525e-05
7.04878e-05
7.32798e-05
7.60456e-05
7.95803e-05
2.99936e-05
3.29772e-05
3.75475e-05
4.76811e-05
6.16703e-05
6.74996e-05
7.16426e-05
7.5609e-05
8.05159e-05
8.65276e-05
3.13649e-05
3.3868e-05
3.75146e-05
4.64856e-05
5.97386e-05
6.73723e-05
7.29949e-05
7.90364e-05
8.5723e-05
9.37486e-05
3.21075e-05
3.44468e-05
3.70753e-05
4.46503e-05
5.58307e-05
6.58746e-05
7.36196e-05
8.20376e-05
9.0525e-05
0.000100074
3.23778e-05
3.50619e-05
3.64508e-05
4.24615e-05
5.18268e-05
6.1957e-05
7.37299e-05
8.4681e-05
9.48444e-05
0.000105719
3.23198e-05
3.58434e-05
3.60705e-05
4.01517e-05
4.78684e-05
5.75492e-05
7.38974e-05
8.70672e-05
9.86795e-05
0.000110756
3.20372e-05
3.65406e-05
3.64742e-05
3.7826e-05
4.4094e-05
5.39982e-05
7.42437e-05
8.91463e-05
0.000101963
0.000115154
3.15863e-05
3.66784e-05
3.71793e-05
3.60904e-05
4.06587e-05
5.19324e-05
7.46275e-05
9.07536e-05
0.000104469
0.000118719
3.10823e-05
3.60103e-05
3.7147e-05
3.62782e-05
3.68274e-05
5.19003e-05
7.47213e-05
9.13059e-05
0.000105694
0.000121061
3.06789e-05
3.47158e-05
3.63064e-05
3.60028e-05
3.68772e-05
5.22436e-05
7.4073e-05
9.05078e-05
0.000105111
0.000121522
3.00166e-05
3.30226e-05
3.47862e-05
3.52449e-05
3.77427e-05
5.27359e-05
7.34699e-05
8.97036e-05
0.000104357
0.000121261
2.88263e-05
3.12167e-05
3.32919e-05
3.42433e-05
3.75829e-05
5.41096e-05
7.43222e-05
9.04531e-05
0.000105116
0.000121648
2.70961e-05
2.97987e-05
3.23013e-05
3.33579e-05
3.69419e-05
5.48759e-05
7.51857e-05
9.08735e-05
0.00010489
0.000120312
2.62712e-05
2.97229e-05
3.20595e-05
3.3452e-05
3.78262e-05
5.51972e-05
7.52531e-05
9.02688e-05
0.000103371
0.000117477
2.63639e-05
3.02511e-05
3.22832e-05
3.52428e-05
4.10651e-05
5.6273e-05
7.48846e-05
8.87779e-05
0.000100773
0.000113527
2.68949e-05
3.05173e-05
3.30598e-05
3.83433e-05
4.56878e-05
5.93688e-05
7.45421e-05
8.67269e-05
9.73912e-05
0.000108752
2.74758e-05
3.06146e-05
3.54968e-05
4.29903e-05
5.18238e-05
6.34347e-05
7.44361e-05
8.43565e-05
9.34298e-05
0.000103313
2.78127e-05
3.18088e-05
3.9462e-05
4.90814e-05
5.8821e-05
6.67587e-05
7.44122e-05
8.17492e-05
8.89773e-05
9.72296e-05
2.81949e-05
3.45202e-05
4.49967e-05
5.62329e-05
6.3528e-05
6.91449e-05
7.40596e-05
7.88162e-05
8.39281e-05
9.01473e-05
2.91883e-05
3.83629e-05
5.15452e-05
6.03938e-05
6.5832e-05
6.96167e-05
7.25846e-05
7.536e-05
7.83863e-05
8.21792e-05
)
;
    }
}


// ************************************************************************* //
