/*--------------------------------*- C++ -*----------------------------------*\
| =========                 |                                                 |
| \\      /  F ield         | OpenFOAM: The Open Source CFD Toolbox           |
|  \\    /   O peration     | Version:  1.7.1                                 |
|   \\  /    A nd           | Web:      www.OpenFOAM.com                      |
|    \\/     M anipulation  |                                                 |
\*---------------------------------------------------------------------------*/
FoamFile
{
    version     2.0;
    format      ascii;
    class       volScalarField;
    location    "600";
    object      mut;
}
// * * * * * * * * * * * * * * * * * * * * * * * * * * * * * * * * * * * * * //

dimensions      [1 -1 -1 0 0 0 0];

internalField   nonuniform List<scalar> 
4000
(
0.000236041
0.000242026
0.000244736
0.000247865
0.0002542
0.0002596
0.000262732
0.00026338
0.000261667
0.000259094
0.000258271
0.00026308
0.000265249
0.000264344
0.00026251
0.000260267
0.000257358
0.000253168
0.000247239
0.000239412
0.000259294
0.000268752
0.000276372
0.000283598
0.00028714
0.000289419
0.000292484
0.000294487
0.00029554
0.000297159
0.000301398
0.000306898
0.000303106
0.000294525
0.000285533
0.000278191
0.000271934
0.000267679
0.000260881
0.000254382
0.000304107
0.000306898
0.000307792
0.000308651
0.000309229
0.000312223
0.000315916
0.000319477
0.00032551
0.000333529
0.000343046
0.000348924
0.00033965
0.00032218
0.00030469
0.0002922
0.000283655
0.000286658
0.000286287
0.000285807
0.000382509
0.000372934
0.000364753
0.000356044
0.000346505
0.000339502
0.000324953
0.000335368
0.000350781
0.000367742
0.00038279
0.000389637
0.000375083
0.000346823
0.000318929
0.000313482
0.000320031
0.000327612
0.000337753
0.00034765
0.000465881
0.000451343
0.000430152
0.000412467
0.00039772
0.000385054
0.000373328
0.000377293
0.000395895
0.000418436
0.000434923
0.000442889
0.000427305
0.000398741
0.000374132
0.000364853
0.000371047
0.000385584
0.000410626
0.000442819
0.000491629
0.000491683
0.000486644
0.000476496
0.000469667
0.000471713
0.000483533
0.000497262
0.000508962
0.000515536
0.000518248
0.000523218
0.000516844
0.000500031
0.000480712
0.000463851
0.000455907
0.000460727
0.000470202
0.00047761
0.000508735
0.000519762
0.000529533
0.000541136
0.000555214
0.000571397
0.00058754
0.000600873
0.000608548
0.000607639
0.000604172
0.000608418
0.000606868
0.000595959
0.000578613
0.000558461
0.000538891
0.000522686
0.00051126
0.000500166
0.000523073
0.000546372
0.0005713
0.000596742
0.000622124
0.000646244
0.000667329
0.00068308
0.000690407
0.000687039
0.000683209
0.000689289
0.000687727
0.000676113
0.000656687
0.000631972
0.000604179
0.000575307
0.00054681
0.000518479
0.000539065
0.000574352
0.000611381
0.00064685
0.000680793
0.000712171
0.000739257
0.000759324
0.000768939
0.000766548
0.000765133
0.000773111
0.000769172
0.000752967
0.000727577
0.00069594
0.000660173
0.000621639
0.000580116
0.0005367
0.000559135
0.000607708
0.000655378
0.000698149
0.000737584
0.000773375
0.000804536
0.000829351
0.000845575
0.000852008
0.000858677
0.000860483
0.000848612
0.000826372
0.000796141
0.000759561
0.000717803
0.000671519
0.000618876
0.000560064
0.000242026
0.000259196
0.000267853
0.000273205
0.00027855
0.000287014
0.000294528
0.00030047
0.000304575
0.000307459
0.000310531
0.000316098
0.000315043
0.000308925
0.000301248
0.000293068
0.00028443
0.000275717
0.000265201
0.000251144
0.000268752
0.000416931
0.000516199
0.000620961
0.000707156
0.00075233
0.000787449
0.000822114
0.000849321
0.00085128
0.00082676
0.000788236
0.000761963
0.000733658
0.00070378
0.000670032
0.00063857
0.000574983
0.000447759
0.00026793
0.000306898
0.000424886
0.000512656
0.000608528
0.000708787
0.000811348
0.000874116
0.000906498
0.000942022
0.0009405
0.000895379
0.000827386
0.000781366
0.000750996
0.000732573
0.000717665
0.000642201
0.000530645
0.000421028
0.000291042
0.000372934
0.000484398
0.000535108
0.000577406
0.000622641
0.000674489
0.000735337
0.000820688
0.000845595
0.000850314
0.000827988
0.000785869
0.000740002
0.000695705
0.000658157
0.000600536
0.000545832
0.000495681
0.000444586
0.000347167
0.000451343
0.000614297
0.000641324
0.000639903
0.000636315
0.000637775
0.000646893
0.00067407
0.0007178
0.000758768
0.000777991
0.000772038
0.000726717
0.000657348
0.000597381
0.000567025
0.00055874
0.000560521
0.000556103
0.000439953
0.000491683
0.000704874
0.00076729
0.000765786
0.000749135
0.000737741
0.000735541
0.00075044
0.000770401
0.000792691
0.000815373
0.000832449
0.000800638
0.000743756
0.000696836
0.000668856
0.000665596
0.0006721
0.000644061
0.000480202
0.000519763
0.000757386
0.00085496
0.000914413
0.000958767
0.000993907
0.00102583
0.00104038
0.00103159
0.00100371
0.000986551
0.00099859
0.000991787
0.00095775
0.000913137
0.000864891
0.000816222
0.000766349
0.000695629
0.000507542
0.000546373
0.000795387
0.000916925
0.00101994
0.00111865
0.00120306
0.00126379
0.00129238
0.00127723
0.00122646
0.00119449
0.00121293
0.00121739
0.00118114
0.00111453
0.00102847
0.000932998
0.000837888
0.000736205
0.000533698
0.000574352
0.000797405
0.000918633
0.00102356
0.00112591
0.00122074
0.00129882
0.00134611
0.00134778
0.00130717
0.00128655
0.00131959
0.00131655
0.00126562
0.00118056
0.00107845
0.000972498
0.000868949
0.000757898
0.0005661
0.000607708
0.000665211
0.000723032
0.000776569
0.000826977
0.000873485
0.000914682
0.000948323
0.000971741
0.000983692
0.000993715
0.000990185
0.000971481
0.00094044
0.000899753
0.000851562
0.000797602
0.000739045
0.000674656
0.000606285
0.000244737
0.000267853
0.000280758
0.000289211
0.000296023
0.0003043
0.000314378
0.000325149
0.000334785
0.000343269
0.000350468
0.000356632
0.00035289
0.000342964
0.000331133
0.0003186
0.000305642
0.00029353
0.000279044
0.000259429
0.000276372
0.000516199
0.000624138
0.000733179
0.00084837
0.000960814
0.00105106
0.00112475
0.00118919
0.00122292
0.00120949
0.00115143
0.00109504
0.00103577
0.00097557
0.000912283
0.000841535
0.000700532
0.00050803
0.000273822
0.000307792
0.000512657
0.000635631
0.000755106
0.000886793
0.00103155
0.0011577
0.00124503
0.00133639
0.0013774
0.00133619
0.001228
0.00113205
0.00106039
0.00100616
0.000954805
0.000815072
0.000637522
0.000471351
0.00029178
0.000364753
0.000535108
0.00063136
0.000708329
0.000784735
0.000867505
0.000959719
0.00109288
0.00120659
0.00126796
0.00124825
0.00115452
0.00104757
0.00094835
0.000858209
0.000749906
0.000654102
0.000565122
0.00047488
0.000341361
0.000430152
0.000641324
0.000724652
0.000762896
0.000788693
0.000816374
0.000854526
0.00092735
0.00104688
0.00114455
0.00118159
0.00112556
0.00100642
0.00086981
0.000755065
0.000685052
0.000648111
0.000621601
0.000578588
0.000425811
0.000486644
0.00076729
0.000879997
0.000913837
0.000921815
0.000926941
0.000940032
0.000971689
0.00104052
0.00112884
0.00119739
0.0011765
0.00105521
0.00091801
0.00082375
0.000777451
0.000760846
0.000749688
0.000690931
0.000478863
0.000529534
0.00085496
0.00102662
0.00112192
0.0011744
0.00121515
0.00126109
0.00131511
0.00134562
0.00136333
0.00138282
0.00136699
0.00127787
0.00116801
0.00107317
0.000998584
0.000942455
0.000874115
0.000758716
0.000515909
0.0005713
0.000916925
0.00113002
0.00130754
0.00146778
0.00160465
0.0017101
0.00177298
0.00178013
0.00174699
0.00172097
0.00169499
0.00163984
0.00154199
0.00141555
0.00127292
0.00112534
0.000978519
0.000815658
0.000555981
0.000611381
0.000918633
0.00115588
0.00138173
0.00159835
0.00179345
0.00195305
0.00205629
0.00209315
0.00210478
0.00213331
0.00208308
0.00201251
0.00188572
0.00170721
0.00149516
0.00127267
0.00105888
0.000849752
0.000600678
0.000655378
0.000723032
0.000789404
0.000851413
0.000910147
0.00096478
0.00101386
0.00105487
0.00108502
0.00110274
0.00111623
0.00110667
0.00108105
0.00104227
0.000993101
0.00093589
0.000872733
0.000805057
0.000732023
0.000654865
0.000247866
0.000273205
0.000289211
0.000300198
0.000309791
0.000319808
0.000331327
0.000344411
0.000360328
0.000374988
0.000385869
0.000391199
0.000384462
0.000371026
0.00035565
0.000339368
0.000323499
0.000307975
0.000289504
0.00026369
0.000283598
0.000620963
0.00073318
0.000828613
0.000940034
0.00107433
0.00122077
0.00135791
0.00146288
0.00153371
0.00153985
0.00146994
0.00138185
0.00128885
0.00119729
0.00110421
0.000981325
0.000791785
0.000565422
0.000277579
0.000308651
0.000608528
0.000755106
0.000884324
0.00102903
0.00119577
0.00137233
0.00153643
0.00168679
0.00177805
0.00175357
0.00161642
0.00146732
0.00134487
0.0012444
0.00114894
0.000971813
0.000744262
0.000526614
0.000290124
0.000356044
0.000577407
0.000708329
0.000811334
0.000910841
0.0010183
0.00115398
0.00134944
0.00155986
0.00170054
0.0016947
0.00154025
0.00135422
0.00118576
0.00103823
0.000881821
0.000745126
0.000618195
0.000491771
0.000331921
0.000412467
0.000639903
0.000762897
0.000838022
0.000895114
0.000952067
0.00102718
0.00116627
0.00139497
0.00160128
0.00165837
0.00150529
0.00127833
0.0010568
0.000877244
0.000762181
0.000693708
0.000636084
0.000560898
0.000400969
0.000476496
0.000765786
0.000913837
0.000991079
0.00103617
0.00107494
0.00112697
0.00121651
0.00138085
0.00157466
0.00168081
0.00154869
0.0013025
0.00106908
0.000916044
0.000838112
0.000795743
0.000755958
0.000677444
0.000468545
0.000541136
0.000914414
0.00112192
0.00124517
0.00133335
0.00141189
0.00149895
0.00160332
0.00170048
0.0017964
0.00185491
0.00174568
0.00153791
0.00133318
0.00117958
0.00107032
0.000993491
0.000916259
0.000781649
0.000519829
0.000596742
0.00101994
0.00130754
0.00155139
0.00175882
0.00194247
0.00209926
0.00221756
0.002264
0.00224509
0.00220374
0.00212338
0.00201414
0.00186001
0.00166686
0.00146636
0.00127447
0.00108029
0.000870524
0.000576001
0.00064685
0.00102356
0.00138173
0.0017601
0.00211914
0.00241654
0.00263984
0.00278215
0.00280154
0.00272413
0.00266439
0.00267424
0.0026646
0.00252906
0.00228716
0.00196845
0.00160574
0.00123835
0.000916743
0.000633076
0.000698149
0.00077657
0.000851413
0.000921308
0.000987373
0.00104917
0.00110569
0.00115437
0.00119251
0.0012177
0.00123565
0.00121829
0.00118416
0.00113688
0.00107934
0.00101373
0.000942273
0.000866157
0.000784749
0.00069805
0.000254201
0.000278551
0.000296023
0.000309791
0.000321385
0.000334034
0.000349398
0.000364856
0.000386686
0.000408618
0.000421923
0.000423888
0.000413483
0.000396047
0.00037693
0.00035686
0.000338291
0.000319393
0.000296592
0.000264896
0.00028714
0.000707158
0.000848371
0.000940034
0.00104299
0.00117933
0.00135526
0.00155973
0.00171987
0.00181989
0.00183493
0.00175525
0.00164256
0.00151841
0.00139622
0.00127238
0.00110381
0.0008843
0.000639433
0.000281361
0.00030923
0.000708788
0.000886793
0.00102904
0.00117948
0.00135915
0.00157909
0.00181721
0.00202432
0.0021495
0.00213093
0.00197945
0.00179567
0.00162476
0.00147832
0.00133859
0.00113914
0.000885298
0.000615274
0.000287451
0.000346505
0.000622641
0.000784736
0.000910841
0.00102963
0.00116547
0.00136333
0.00163444
0.00192465
0.00212134
0.00211814
0.00191921
0.00166467
0.00143195
0.00123447
0.00104288
0.000856992
0.000689002
0.000520545
0.000320377
0.00039772
0.000636315
0.000788693
0.000895114
0.000981869
0.00107112
0.00119702
0.00143138
0.00177636
0.00206949
0.00212009
0.00187264
0.00154331
0.00124232
0.00100077
0.000834844
0.000730993
0.000640965
0.000537752
0.000377577
0.000469667
0.000749135
0.000921816
0.00103617
0.00112047
0.00120112
0.0013085
0.00148578
0.00177502
0.00207742
0.00217712
0.00190509
0.00152932
0.00120422
0.000987073
0.000869809
0.000796757
0.000729127
0.000631506
0.000442449
0.000555215
0.000958767
0.0011744
0.00133335
0.00146614
0.00159323
0.00173445
0.00190706
0.00209027
0.00227798
0.00234024
0.00208704
0.00175187
0.00146838
0.00126174
0.00111124
0.00100257
0.000902547
0.000776208
0.000520778
0.000622124
0.00111865
0.00146778
0.00175882
0.00200794
0.00222209
0.00240192
0.00254454
0.00262668
0.00264176
0.00258204
0.00242646
0.00225727
0.00206902
0.00184235
0.00160403
0.0013743
0.00115524
0.000917994
0.000594094
0.000680793
0.00112591
0.00159835
0.00211915
0.00257945
0.00290591
0.00308561
0.00316709
0.00313469
0.00302286
0.00293423
0.00294556
0.0029613
0.00289589
0.00271574
0.00238151
0.00192292
0.0014092
0.000976789
0.000662725
0.000737584
0.000826977
0.000910147
0.000987373
0.00106002
0.00112911
0.00119451
0.00125293
0.0013012
0.00133621
0.00136039
0.0013318
0.0012869
0.00122946
0.00116184
0.00108719
0.00100774
0.000923658
0.000833957
0.000737134
0.0002596
0.000287015
0.0003043
0.000319808
0.000334034
0.000347799
0.000368827
0.000390163
0.000417586
0.000447732
0.000461095
0.000457397
0.000442102
0.000419675
0.000395903
0.000371591
0.000350298
0.000328167
0.000301243
0.000264033
0.00028942
0.000752332
0.000960816
0.00107433
0.00117933
0.00131644
0.00150913
0.00175387
0.00196348
0.00206044
0.00206217
0.00199097
0.00187595
0.001735
0.00158512
0.00142878
0.00122264
0.000987578
0.000730665
0.000286003
0.000312223
0.000811349
0.00103156
0.00119577
0.00135915
0.00155741
0.00181126
0.00209721
0.00232151
0.00241817
0.00237969
0.00225918
0.00209091
0.00190952
0.00172947
0.00154555
0.00132457
0.0010585
0.000748822
0.000286659
0.000339502
0.000674489
0.000867505
0.0010183
0.00116547
0.00135226
0.00162179
0.00195104
0.00227051
0.0024532
0.00242245
0.00223486
0.00196835
0.0017067
0.00147658
0.00126439
0.00103242
0.000807179
0.000581183
0.000307891
0.000385054
0.000637775
0.000816374
0.000952068
0.00107112
0.00120502
0.00140733
0.00175353
0.00217544
0.00248538
0.00249143
0.00220458
0.00181583
0.00146127
0.00116869
0.000942411
0.000792264
0.000663987
0.000529045
0.000354528
0.000471713
0.000737741
0.000926941
0.00107494
0.00120112
0.00133368
0.00151541
0.00180302
0.00220998
0.00257875
0.0026201
0.00223755
0.00175231
0.00134896
0.00106586
0.000900007
0.000792018
0.000697475
0.00058586
0.000414884
0.000571397
0.000993907
0.00121515
0.00141189
0.00159323
0.00177146
0.00197019
0.00221599
0.00250787
0.00279629
0.00281201
0.00239712
0.00192867
0.00157348
0.00132014
0.00112985
0.000986327
0.000863839
0.000741096
0.000522674
0.000646245
0.00120306
0.00160465
0.00194247
0.00222209
0.00245025
0.00264178
0.00280172
0.00292404
0.00300079
0.00290184
0.00263024
0.00238455
0.00216549
0.00192741
0.00167711
0.00142338
0.00118144
0.000951312
0.000610876
0.000712171
0.00122074
0.00179345
0.00241654
0.00290591
0.00318001
0.00334645
0.00340678
0.00335261
0.00323688
0.00311769
0.00308661
0.00309915
0.00305887
0.00289495
0.00260387
0.00214208
0.00154146
0.00102666
0.000689468
0.000773375
0.000873485
0.000964781
0.00104917
0.00112911
0.0012079
0.00128295
0.00135295
0.00141502
0.00146547
0.00149826
0.0014524
0.00139182
0.00132144
0.00124268
0.00115734
0.00106886
0.000977219
0.000879458
0.000772443
0.000262733
0.000294529
0.000314378
0.000331327
0.000349399
0.000368827
0.00039056
0.000417414
0.000451346
0.000490968
0.000502241
0.000492176
0.00047159
0.000441731
0.00041185
0.000383217
0.000359229
0.000334405
0.000304038
0.000261808
0.000292484
0.000787452
0.00105106
0.00122077
0.00135526
0.00150913
0.00171636
0.00197689
0.00217628
0.00219957
0.00214968
0.00213342
0.00206432
0.00193007
0.00175936
0.00157098
0.00133468
0.00109318
0.000826972
0.000289997
0.000315916
0.000874118
0.00115771
0.00137234
0.00157909
0.00181126
0.00208352
0.00236431
0.00253076
0.00250734
0.00240154
0.00238319
0.00230518
0.00216439
0.00198241
0.00177322
0.00152717
0.00124353
0.000897319
0.000290152
0.000324953
0.000735337
0.00095972
0.00115398
0.00136333
0.00162179
0.0019308
0.00226109
0.0025205
0.00260263
0.00249182
0.00238216
0.00220308
0.00198647
0.00176049
0.00153179
0.00128853
0.00101358
0.000704136
0.00029514
0.000373328
0.000646893
0.000854526
0.00102718
0.00119702
0.00140733
0.00171764
0.00212828
0.00252197
0.00275257
0.00265296
0.00240462
0.00206849
0.0017327
0.00142314
0.00114524
0.00091487
0.000731526
0.000549355
0.000332613
0.000483534
0.000735541
0.000940032
0.00112697
0.00130851
0.00151541
0.00179566
0.00219
0.00264031
0.00296646
0.00288036
0.00249005
0.00199308
0.00154868
0.00120241
0.000965115
0.000809084
0.000682045
0.000553422
0.000393643
0.000587541
0.00102583
0.00126109
0.00149895
0.00173445
0.00197019
0.00223643
0.00256768
0.00296045
0.00326941
0.00316772
0.00268838
0.00212184
0.00167966
0.0013731
0.00114269
0.000963141
0.000817435
0.000698599
0.000526234
0.000667329
0.00126379
0.0017101
0.00209926
0.00240192
0.00264178
0.00284734
0.00303903
0.00324069
0.00340646
0.00324051
0.00283367
0.00246408
0.00219141
0.00194421
0.00169202
0.00143015
0.00117171
0.000962232
0.000625848
0.000739257
0.00129882
0.00195305
0.00263984
0.00308561
0.00334645
0.00350189
0.00354817
0.00351684
0.00348017
0.00334479
0.00320299
0.00314781
0.00311757
0.00297765
0.00269509
0.00228359
0.00162205
0.0010627
0.000712712
0.000804537
0.000914683
0.00101386
0.00110569
0.00119451
0.00128295
0.00137033
0.00145616
0.00153908
0.00161512
0.00166014
0.0015874
0.00150303
0.00141458
0.00132193
0.00122496
0.00112622
0.00102638
0.000920544
0.000803597
0.00026338
0.000300471
0.000325149
0.000344412
0.000364857
0.000390163
0.000417414
0.000448415
0.000483692
0.000523852
0.000537722
0.000523086
0.000499086
0.000459325
0.000422751
0.000389962
0.000363815
0.000337159
0.000304454
0.000258622
0.000294487
0.000822117
0.00112475
0.00135792
0.00155974
0.00175387
0.00197689
0.00220507
0.00231049
0.00219399
0.00201279
0.0021256
0.00215426
0.00206263
0.00189511
0.0016815
0.00142703
0.00118348
0.000906199
0.000290579
0.000319478
0.000906501
0.00124503
0.00153643
0.00181721
0.00209721
0.00236431
0.00255903
0.00260411
0.00249764
0.00227337
0.00230743
0.00235479
0.00231184
0.00217672
0.00197221
0.00171907
0.00141674
0.00102818
0.000294441
0.000335368
0.000820689
0.00109288
0.00134944
0.00163444
0.00195104
0.00226109
0.00251138
0.00267461
0.00282492
0.00261211
0.002383
0.00226076
0.00215705
0.00200948
0.0017916
0.00153664
0.00125522
0.000883789
0.000286606
0.000377293
0.00067407
0.00092735
0.00116627
0.00143138
0.00175353
0.00212828
0.0024856
0.00281712
0.00321978
0.00302267
0.00252763
0.00218506
0.00196744
0.00172641
0.00144294
0.00115259
0.000866948
0.00060702
0.000312897
0.000497262
0.00075044
0.000971689
0.00121651
0.00148578
0.00180302
0.00219
0.00261113
0.00303785
0.00356789
0.00341129
0.00270595
0.00217081
0.00179463
0.00143389
0.00111521
0.000872736
0.000695001
0.000538283
0.000382648
0.000600873
0.00104038
0.00131512
0.00160332
0.00190706
0.00221599
0.00256768
0.00298666
0.00341389
0.00385592
0.00370258
0.00296765
0.00231689
0.0018263
0.00144923
0.00116786
0.000945908
0.000774622
0.000659641
0.000530275
0.00068308
0.00129238
0.00177298
0.00221756
0.00254454
0.00280172
0.00303903
0.00331637
0.0036703
0.00399997
0.00382083
0.00317685
0.00258434
0.00218787
0.00190865
0.00165586
0.00139601
0.00113533
0.00094731
0.00063775
0.000759324
0.00134611
0.00205629
0.00278215
0.00316709
0.00340678
0.00354817
0.00362621
0.00374494
0.00397276
0.00387666
0.00346634
0.00317748
0.00307225
0.00295765
0.0026982
0.00231426
0.00165674
0.00107485
0.000730693
0.000829351
0.000948324
0.00105487
0.00115437
0.00125293
0.00135295
0.00145616
0.00156458
0.00168018
0.00179884
0.00186007
0.00174519
0.00162333
0.00150819
0.00139748
0.00128707
0.00117732
0.00106877
0.000955052
0.000829044
0.000261667
0.000304575
0.000334785
0.000360329
0.000386686
0.000417587
0.000451347
0.000483692
0.000506485
0.000544104
0.000548991
0.000538725
0.000512324
0.000469753
0.000425876
0.000389294
0.000362054
0.000334578
0.000301116
0.000255413
0.000295541
0.000849324
0.00118919
0.00146289
0.00171987
0.00196348
0.00217628
0.00231049
0.00228807
0.00229429
0.00214497
0.00196204
0.00208847
0.00206619
0.00193042
0.00173449
0.00148408
0.00124145
0.00095291
0.000286405
0.000325511
0.000942025
0.00133639
0.00168679
0.00202433
0.00232151
0.00253076
0.00260411
0.0026114
0.00307278
0.00291311
0.00224525
0.00218329
0.00225129
0.00223413
0.00207965
0.00183991
0.00152943
0.00110573
0.000293998
0.000350781
0.000845597
0.0012066
0.00155987
0.00192465
0.00227051
0.0025205
0.00267461
0.00301554
0.00383823
0.00371384
0.00267358
0.00215431
0.00209306
0.00210821
0.00196176
0.00170728
0.00139071
0.000974729
0.000288919
0.000395894
0.0007178
0.00104688
0.00139497
0.00177636
0.00217544
0.00252197
0.00281712
0.00348513
0.00454173
0.00445607
0.00316106
0.00223563
0.00196522
0.00189081
0.00168215
0.00139815
0.00108773
0.00072973
0.000290749
0.000508963
0.000770401
0.00104052
0.00138085
0.00177502
0.00220998
0.00264031
0.00303785
0.00387795
0.00507833
0.00504384
0.0035769
0.00235529
0.00190373
0.00165439
0.00133074
0.00101083
0.000738711
0.000532351
0.00038502
0.000608548
0.00103159
0.00134562
0.00170048
0.00209027
0.00250787
0.00296045
0.00341389
0.0041869
0.00537028
0.00537707
0.00387658
0.00253995
0.0019483
0.00155288
0.00121041
0.000935965
0.000736845
0.000627126
0.000532235
0.000690407
0.00127723
0.00178013
0.002264
0.00262668
0.00292404
0.00324069
0.00367031
0.00437669
0.00541368
0.00542307
0.0040845
0.00282208
0.0021828
0.00182711
0.00157027
0.00132336
0.00107631
0.000901133
0.000642273
0.000768939
0.00134778
0.00209315
0.00280154
0.00313469
0.00335261
0.00351684
0.00374495
0.00425397
0.00501011
0.00498865
0.00412615
0.00332227
0.00296372
0.00280653
0.00259481
0.0022443
0.00163256
0.00103982
0.000739739
0.000845576
0.000971742
0.00108502
0.00119251
0.00130121
0.00141502
0.00153908
0.00168018
0.00184574
0.00202681
0.00210086
0.00193226
0.00175406
0.00159958
0.00146418
0.00133823
0.00121711
0.00110001
0.000979152
0.000845857
0.000259095
0.000307459
0.000343269
0.000374988
0.000408619
0.000447732
0.000490968
0.000523853
0.000544104
0.000548841
0.000543272
0.000538626
0.000510494
0.000463842
0.000420205
0.000383458
0.000353546
0.000325952
0.00029553
0.000253322
0.000297159
0.000851283
0.00122292
0.00153371
0.0018199
0.00206044
0.00219958
0.002194
0.00229429
0.00148648
0.00133624
0.00195236
0.00184734
0.00189837
0.00182487
0.00166594
0.00147196
0.00124775
0.000944987
0.000278695
0.000333529
0.000940503
0.0013774
0.00177805
0.0021495
0.00241817
0.00250734
0.00249764
0.00307278
0.00232087
0.00208361
0.00261376
0.00191161
0.00198596
0.00212698
0.0020452
0.00183501
0.00153438
0.00110517
0.000289006
0.000367741
0.000850316
0.00126796
0.00170054
0.00212134
0.0024532
0.00260263
0.00282492
0.00383823
0.00316143
0.00285194
0.00331743
0.00210693
0.00186289
0.0020365
0.00198264
0.00174982
0.00142379
0.000985973
0.000287605
0.000418436
0.000758769
0.00114455
0.00160128
0.00206949
0.00248538
0.00275257
0.00321978
0.00454173
0.0040262
0.00364894
0.00399959
0.0024146
0.00178203
0.0018353
0.00172144
0.00144564
0.00111724
0.000744088
0.000294694
0.000515536
0.00079269
0.00112884
0.00157466
0.00207742
0.00257875
0.00296646
0.00356789
0.00507833
0.00485894
0.0044306
0.00458187
0.00270454
0.00177
0.00165846
0.00142592
0.0011017
0.000787585
0.000535619
0.000389304
0.000607639
0.00100371
0.00136333
0.0017964
0.00227798
0.00279629
0.00326941
0.00385593
0.00537029
0.00553088
0.00509185
0.00499417
0.00294628
0.00188989
0.00158589
0.00124623
0.000932368
0.000703544
0.000600566
0.000528911
0.00068704
0.00122646
0.00174699
0.00224509
0.00264176
0.00300079
0.00340646
0.00399998
0.00541368
0.00592695
0.00552014
0.00519144
0.00317477
0.00210912
0.00169398
0.00144275
0.00122338
0.00100768
0.000836189
0.000637426
0.000766548
0.00130717
0.00210478
0.00272413
0.00302286
0.00323688
0.00348017
0.00397277
0.00501012
0.00581601
0.00552859
0.0049532
0.00360175
0.00284877
0.00256577
0.00239274
0.00208727
0.00157298
0.000976298
0.000736179
0.000852009
0.000983693
0.00110274
0.00121771
0.00133621
0.00146547
0.00161512
0.00179884
0.00202682
0.00224913
0.0022885
0.0021292
0.00188558
0.00168006
0.00151369
0.00137038
0.001238
0.00111435
0.000988039
0.00084933
0.000258271
0.000310531
0.000350469
0.00038587
0.000421923
0.000461095
0.000502241
0.000537722
0.000548991
0.000543272
0.000505668
0.000490754
0.00046605
0.000433939
0.000398935
0.000368973
0.000343731
0.000319361
0.000291169
0.000249653
0.000301398
0.000826763
0.00120949
0.00153986
0.00183493
0.00206217
0.00214968
0.00201279
0.00214497
0.00133623
0.000998884
0.00149211
0.00144524
0.00157428
0.00157353
0.00146244
0.00131513
0.00113403
0.000862684
0.000268866
0.000343046
0.000895381
0.00133619
0.00175357
0.00213093
0.00237969
0.00240154
0.00227337
0.00291312
0.00208361
0.00148712
0.00222005
0.00153824
0.00172841
0.00193874
0.00188399
0.00169883
0.0014239
0.0010239
0.000280329
0.00038279
0.000827989
0.00124825
0.0016947
0.00211814
0.00242245
0.00249181
0.00261211
0.00371385
0.00285194
0.00197441
0.00299982
0.00176373
0.00164395
0.00192345
0.00189285
0.00167003
0.00135193
0.000929424
0.000283803
0.000434923
0.000777991
0.00118158
0.00165837
0.00212009
0.00249143
0.00265296
0.00302267
0.00445608
0.00364893
0.00248145
0.00373952
0.00206076
0.00153406
0.0017319
0.00165328
0.00138647
0.00106242
0.000699725
0.000301454
0.000518248
0.000815373
0.00119738
0.00168081
0.00217711
0.0026201
0.00288036
0.00341129
0.00504386
0.0044306
0.00300277
0.00434521
0.00232928
0.00147226
0.0015227
0.00134251
0.00104863
0.000758187
0.000527108
0.000393599
0.000604172
0.000986551
0.00138282
0.00185491
0.00234024
0.00281201
0.00316772
0.00370258
0.00537709
0.00509184
0.0035022
0.00474668
0.00258954
0.00156797
0.00143431
0.00116827
0.000900238
0.000692043
0.000591015
0.00052474
0.000683209
0.00119449
0.00172097
0.00220374
0.00258204
0.00290184
0.00324051
0.00382084
0.00542309
0.00552013
0.00393695
0.00486432
0.00281434
0.00178544
0.00150141
0.00132001
0.00114329
0.0009636
0.00080045
0.000631712
0.000765133
0.00128656
0.00213331
0.00266439
0.00293424
0.00311769
0.0033448
0.00387667
0.00498866
0.00552859
0.00426772
0.00457219
0.00329499
0.00255566
0.00236354
0.00226643
0.00198875
0.00152585
0.000951995
0.000730835
0.000858678
0.000993716
0.00111624
0.00123565
0.00136039
0.00149827
0.00166015
0.00186007
0.00210086
0.0022885
0.00206716
0.00213445
0.00190602
0.0016924
0.00152036
0.00137393
0.00123897
0.00111481
0.000987516
0.00084756
0.000263079
0.000316098
0.000356632
0.000391199
0.000423888
0.000457397
0.000492176
0.000523086
0.000538725
0.000538626
0.000490755
0.000395029
0.000375278
0.000376291
0.000362393
0.000345183
0.000327296
0.000307427
0.000282273
0.00024322
0.000306898
0.000788238
0.00115143
0.00146994
0.00175525
0.00199097
0.00213342
0.0021256
0.00196204
0.00195236
0.00149212
0.00105253
0.001182
0.00127582
0.00127667
0.00121744
0.00112325
0.000984666
0.000756359
0.00025869
0.000348924
0.000827387
0.001228
0.00161642
0.00197945
0.00225917
0.00238318
0.00230743
0.00224525
0.00261376
0.00222005
0.00144879
0.00147555
0.00170928
0.00178045
0.00169391
0.00152434
0.00127815
0.000919995
0.000271839
0.000389637
0.000785869
0.00115452
0.00154025
0.00191921
0.00223486
0.00238216
0.00238299
0.00267359
0.00331744
0.00299982
0.00194209
0.00155516
0.0017452
0.00188058
0.00177057
0.00154664
0.00124973
0.00086024
0.000278045
0.000442889
0.000772037
0.00112556
0.00150529
0.00187264
0.00220458
0.00240462
0.00252763
0.00316106
0.00399959
0.00373952
0.00245895
0.00159461
0.00160177
0.00171047
0.00154954
0.00129001
0.00099204
0.000659219
0.000300668
0.000523218
0.000832448
0.0011765
0.00154869
0.00190509
0.00223755
0.00249005
0.00270595
0.00357691
0.00458188
0.00434521
0.00289903
0.00161232
0.00143425
0.00142022
0.00120326
0.000950586
0.00070968
0.000518615
0.000402243
0.000608418
0.00099859
0.00136699
0.00174568
0.00208704
0.00239712
0.00268838
0.00296766
0.00387659
0.00499418
0.00474668
0.00328125
0.0017666
0.00141305
0.00123738
0.00102055
0.000831839
0.00068609
0.000608453
0.000529717
0.00068929
0.00121293
0.00169499
0.00212338
0.00242646
0.00263024
0.00283367
0.00317686
0.00408452
0.00519145
0.00486432
0.00357664
0.00208265
0.00162043
0.00143442
0.001297
0.00114261
0.000966669
0.000806383
0.000636388
0.000773111
0.00131959
0.00208308
0.00267424
0.00294557
0.00308661
0.003203
0.00346635
0.00412616
0.00495321
0.00457219
0.00378324
0.00287596
0.00255878
0.00251562
0.00240424
0.00207527
0.00150357
0.000956075
0.000735971
0.000860484
0.000990187
0.00110667
0.0012183
0.0013318
0.0014524
0.0015874
0.00174519
0.00193227
0.0021292
0.00213446
0.00197227
0.00178074
0.00161745
0.00147906
0.00135213
0.00122921
0.00111
0.000986533
0.000850547
0.000265249
0.000315043
0.00035289
0.000384462
0.000413483
0.000442102
0.00047159
0.000499086
0.000512324
0.000510494
0.000466052
0.000375279
0.000338213
0.000330801
0.000327588
0.000319007
0.000307282
0.000291465
0.000269344
0.000234201
0.000303106
0.000761963
0.00109504
0.00138185
0.00164256
0.00187595
0.00206432
0.00215426
0.00208846
0.00184734
0.00144524
0.00118201
0.00111684
0.00112249
0.00110967
0.00107771
0.00101457
0.000897713
0.000692164
0.00025116
0.00033965
0.000781365
0.00113205
0.00146731
0.00179567
0.00209091
0.00230518
0.00235478
0.00218329
0.00191161
0.00153824
0.00147555
0.00161204
0.00170352
0.00167607
0.00157499
0.00141651
0.00119147
0.000862058
0.00026595
0.000375083
0.000740002
0.00104756
0.00135422
0.00166467
0.00196835
0.00220308
0.00226076
0.00215431
0.00210693
0.00176374
0.00155516
0.00168099
0.00184947
0.00181819
0.00166683
0.00145229
0.00118046
0.000821666
0.00027225
0.000427306
0.000726717
0.00100642
0.00127833
0.00154331
0.00181583
0.00206849
0.00218506
0.00223563
0.00241461
0.00206077
0.00159461
0.00155967
0.00170805
0.00162768
0.0014276
0.00118546
0.000918345
0.000621126
0.000295923
0.000516844
0.000800639
0.00105521
0.0013025
0.00152932
0.00175231
0.00199308
0.0021708
0.0023553
0.00270454
0.00232928
0.00161232
0.00140048
0.00142337
0.00126197
0.00105341
0.000847673
0.000661414
0.00051277
0.000406093
0.000606868
0.000991787
0.00127787
0.00153791
0.00175187
0.00192867
0.00212184
0.00231689
0.00253996
0.00294629
0.00258955
0.00176661
0.00140349
0.00125239
0.00106253
0.000912055
0.000781167
0.000685913
0.000636627
0.000535025
0.000687727
0.00121739
0.00163984
0.00201414
0.00225727
0.00238455
0.00246408
0.00258434
0.00282209
0.00317479
0.00281435
0.00208266
0.00169662
0.00153361
0.00142852
0.00131153
0.00116793
0.000989946
0.000836264
0.000638934
0.000769173
0.00131655
0.00201251
0.0026646
0.0029613
0.00309916
0.00314781
0.00317748
0.00332228
0.00360176
0.00329499
0.00287596
0.0026592
0.00269159
0.00270057
0.00252121
0.00216059
0.00150073
0.000978386
0.000734188
0.000848613
0.000971482
0.00108105
0.00118416
0.0012869
0.00139182
0.00150303
0.00162333
0.00175406
0.00188558
0.00190602
0.00178074
0.00165124
0.00153314
0.00142208
0.00131121
0.00120003
0.0010881
0.000970868
0.000841253
0.000264344
0.000308925
0.000342964
0.000371026
0.000396047
0.000419675
0.000441731
0.000459326
0.000469754
0.000463843
0.000433939
0.000376293
0.000330802
0.000313407
0.00030845
0.00030399
0.000295941
0.000282598
0.000262072
0.000229755
0.000294525
0.000733657
0.00103577
0.00128885
0.00151841
0.001735
0.00193007
0.00206263
0.00206619
0.00189838
0.00157428
0.00127582
0.00112249
0.00112585
0.00113312
0.00110346
0.00103286
0.000906837
0.00069253
0.000250532
0.00032218
0.000750995
0.00106038
0.00134487
0.00162475
0.00190951
0.00216439
0.00231184
0.00225129
0.00198596
0.00172841
0.00170928
0.00170351
0.001691
0.0016439
0.00154853
0.0013977
0.00118042
0.000859366
0.000264066
0.000346823
0.000695704
0.000948349
0.00118576
0.00143195
0.0017067
0.00198647
0.00215705
0.00209306
0.00186289
0.00164395
0.0017452
0.00184947
0.00184019
0.00174292
0.00158644
0.00137794
0.00111627
0.00077827
0.000272094
0.000398741
0.000657347
0.000869809
0.0010568
0.00124232
0.00146127
0.0017327
0.00196744
0.00196522
0.00178203
0.00153406
0.00160177
0.00170805
0.00165078
0.0014892
0.0012825
0.00105304
0.000815118
0.000568299
0.000299821
0.000500032
0.000743756
0.00091801
0.00106908
0.00120422
0.00134896
0.00154868
0.00179463
0.00190373
0.00177
0.00147227
0.00143425
0.00142337
0.00127315
0.00108395
0.00090493
0.000749436
0.000620381
0.000512899
0.000406881
0.000595959
0.000957751
0.00116801
0.00133318
0.00146838
0.00157348
0.00167966
0.0018263
0.0019483
0.00188989
0.00156797
0.00141305
0.00125239
0.00107231
0.000943755
0.000842263
0.000755341
0.000697618
0.000660882
0.000534968
0.000676113
0.00118114
0.001542
0.00186001
0.00206902
0.00216549
0.00219141
0.00218787
0.0021828
0.00210912
0.00178544
0.00162043
0.00153361
0.00148034
0.00141036
0.00130774
0.00116524
0.00100088
0.00085515
0.000634543
0.000752967
0.00126562
0.00188572
0.00252906
0.0028959
0.00305888
0.00311758
0.00307226
0.00296372
0.00284877
0.00255566
0.00255878
0.00269159
0.00280544
0.0027439
0.00251017
0.00208482
0.00145882
0.000985899
0.000723444
0.000826373
0.000940442
0.00104227
0.00113688
0.00122946
0.00132145
0.00141458
0.00150819
0.00159959
0.00168006
0.0016924
0.00161746
0.00153314
0.00144536
0.00135258
0.00125449
0.00115405
0.00105079
0.000941738
0.000821224
0.00026251
0.000301248
0.000331133
0.00035565
0.00037693
0.000395903
0.00041185
0.000422751
0.000425876
0.000420205
0.000398936
0.000362394
0.000327589
0.00030845
0.000303694
0.000298952
0.000291402
0.000278753
0.000259313
0.000229974
0.000285533
0.000703779
0.000975569
0.00119729
0.00139622
0.00158512
0.00175936
0.00189511
0.00193042
0.00182488
0.00157353
0.00127667
0.00110967
0.00113312
0.00116156
0.00114205
0.00106607
0.000930332
0.000707279
0.000253225
0.00030469
0.000732572
0.00100616
0.0012444
0.00147831
0.00172947
0.00198241
0.00217672
0.00223413
0.00212698
0.00193874
0.00178045
0.00167606
0.0016439
0.00160866
0.0015236
0.00137282
0.00114312
0.000813652
0.000264651
0.000318929
0.000658156
0.000858208
0.00103823
0.00123446
0.00147658
0.00176049
0.00200948
0.00210821
0.0020365
0.00192345
0.00188058
0.00181819
0.00174292
0.00163661
0.00147581
0.00125225
0.000973152
0.000666424
0.000282766
0.000374133
0.00059738
0.000755065
0.000877242
0.00100077
0.00116869
0.00142314
0.00172641
0.00189081
0.0018353
0.0017319
0.00171047
0.00162768
0.0014892
0.00131082
0.00110325
0.000890858
0.000701618
0.000525232
0.000318696
0.000480713
0.000696836
0.00082375
0.000916044
0.000987072
0.00106586
0.00120241
0.00143389
0.00165439
0.00165846
0.0015227
0.00142022
0.00126197
0.00108395
0.000916711
0.000780864
0.000681396
0.000604413
0.000525577
0.00041135
0.000578614
0.000913137
0.00107317
0.00117958
0.00126174
0.00132014
0.0013731
0.00144923
0.00155288
0.00158589
0.00143431
0.00123738
0.00106253
0.000943755
0.000863633
0.000804203
0.000759363
0.000725585
0.0006818
0.000531728
0.000656687
0.00111453
0.00141555
0.00166686
0.00184235
0.00192742
0.00194421
0.00190865
0.00182711
0.00169398
0.00150141
0.00143442
0.00142852
0.00141036
0.00136185
0.00127424
0.00114201
0.000997092
0.000852256
0.000624025
0.000727578
0.00118057
0.00170721
0.00228716
0.00271574
0.00289495
0.00297765
0.00295765
0.00280653
0.00256577
0.00236354
0.00251562
0.00270058
0.0027439
0.00262225
0.00237374
0.00191848
0.00138042
0.000966608
0.000705199
0.000796142
0.000899754
0.000993103
0.00107934
0.00116184
0.00124269
0.00132193
0.00139748
0.00146419
0.00151369
0.00152036
0.00147906
0.00142208
0.00135258
0.00127288
0.00118676
0.0010968
0.00100285
0.000902999
0.000793333
0.000260267
0.000293068
0.0003186
0.000339368
0.00035686
0.000371591
0.000383217
0.000389962
0.000389294
0.000383458
0.000368973
0.000345183
0.000319007
0.00030399
0.000298952
0.00029391
0.000288229
0.00027752
0.000259632
0.000232782
0.000278191
0.000670031
0.000912282
0.00110421
0.00127238
0.00142878
0.00157098
0.0016815
0.00173449
0.00166594
0.00146244
0.00121743
0.00107771
0.00110346
0.00114205
0.001127
0.00103083
0.000877902
0.000657881
0.000254658
0.0002922
0.000717664
0.000954804
0.00114894
0.00133859
0.00154555
0.00177322
0.00197221
0.00207965
0.0020452
0.00188399
0.00169391
0.00157499
0.00154853
0.0015236
0.00143076
0.00124179
0.000984037
0.00067748
0.00026851
0.000313482
0.000600536
0.000749905
0.000881821
0.00104288
0.00126439
0.00153179
0.0017916
0.00196176
0.00198264
0.00189285
0.00177057
0.00166683
0.00158644
0.00147581
0.00128933
0.00104127
0.000791244
0.000561481
0.000300989
0.000364853
0.000567025
0.000685051
0.00076218
0.000834843
0.000942411
0.00114524
0.00144294
0.00168215
0.00172144
0.00165329
0.00154954
0.0014276
0.0012825
0.00110325
0.000913047
0.000751025
0.000625762
0.000510255
0.000345502
0.000463852
0.000668857
0.000777451
0.000838111
0.000869808
0.000900006
0.000965114
0.00111521
0.00133074
0.00142592
0.00134252
0.00120326
0.00105341
0.000904931
0.000780864
0.000701242
0.00065658
0.000619042
0.000559566
0.000429038
0.000558462
0.000864892
0.000998585
0.00107032
0.00111124
0.00112985
0.00114269
0.00116786
0.00121041
0.00124623
0.00116827
0.00102055
0.000912056
0.000842263
0.000804203
0.000789652
0.000781056
0.000756173
0.000695311
0.000528635
0.000631972
0.00102847
0.00127292
0.00146636
0.00160403
0.00167711
0.00169202
0.00165586
0.00157027
0.00144275
0.00132001
0.001297
0.00131153
0.00130774
0.00127424
0.00120158
0.00109606
0.00097345
0.000832729
0.000609674
0.000695941
0.00107845
0.00149516
0.00196845
0.00238152
0.00260388
0.00269509
0.00269821
0.00259482
0.00239274
0.00226644
0.00240424
0.00252121
0.00251017
0.00237374
0.00208417
0.00169124
0.00127154
0.000929861
0.000681601
0.000759562
0.000851563
0.000935891
0.00101373
0.00108719
0.00115735
0.00122496
0.00128707
0.00133823
0.00137038
0.00137393
0.00135213
0.00131121
0.00125449
0.00118676
0.00111195
0.00103195
0.000947582
0.000857541
0.000759727
0.000257358
0.00028443
0.000305642
0.000323499
0.000338291
0.000350298
0.000359229
0.000363815
0.000362054
0.000353546
0.000343731
0.000327296
0.000307282
0.000295942
0.000291402
0.000288229
0.00028437
0.000275753
0.000260369
0.000236289
0.000271934
0.000638569
0.000841534
0.000981325
0.00110381
0.00122264
0.00133468
0.00142703
0.00148408
0.00147196
0.00131512
0.00112325
0.00101457
0.00103286
0.00106606
0.00103083
0.00091148
0.000750421
0.000552526
0.000254246
0.000283655
0.0006422
0.000815072
0.000971813
0.00113914
0.00132457
0.00152717
0.00171907
0.00183991
0.00183501
0.00169883
0.00152434
0.00141651
0.0013977
0.00137282
0.00124179
0.00101972
0.000772655
0.000541752
0.000282175
0.000320031
0.000545832
0.000654101
0.000745125
0.000856991
0.00103242
0.00128853
0.00153664
0.00170728
0.00174983
0.00167003
0.00154664
0.00145229
0.00137794
0.00125225
0.00104127
0.000820995
0.000644875
0.000506356
0.00032809
0.000371048
0.00055874
0.000648111
0.000693708
0.000730993
0.000792263
0.00091487
0.00115259
0.00139815
0.00144564
0.00138647
0.00129001
0.00118546
0.00105304
0.000890858
0.000751025
0.000655607
0.000596643
0.000531637
0.000380781
0.000455908
0.000665596
0.000760847
0.000795743
0.000796757
0.000792017
0.000809083
0.000872735
0.00101083
0.0011017
0.00104863
0.000950587
0.000847673
0.000749436
0.000681396
0.00065658
0.000657782
0.000653303
0.000606027
0.000455879
0.000538892
0.000816223
0.000942455
0.000993491
0.00100257
0.000986327
0.00096314
0.000945907
0.000935965
0.000932368
0.000900238
0.000831839
0.000781167
0.000755341
0.000759363
0.000781056
0.000792356
0.000772677
0.000703546
0.000527489
0.000604179
0.000932999
0.00112534
0.00127447
0.0013743
0.00142338
0.00143015
0.00139601
0.00132336
0.00122338
0.00114329
0.00114261
0.00116793
0.00116524
0.00114201
0.00109606
0.0010261
0.00093186
0.000804351
0.000593334
0.000660174
0.000972499
0.00127267
0.00160574
0.00192292
0.00214208
0.00228359
0.00231427
0.00224431
0.00208727
0.00198876
0.00207527
0.00216059
0.00208482
0.00191847
0.00169124
0.00141823
0.00113974
0.000883175
0.000654228
0.000717804
0.000797603
0.000872734
0.000942274
0.00100774
0.00106886
0.00112622
0.00117732
0.00121711
0.001238
0.00123897
0.00122921
0.00120003
0.00115405
0.0010968
0.00103195
0.000961668
0.000887189
0.000807324
0.000721716
0.000253168
0.000275716
0.00029353
0.000307975
0.000319393
0.000328167
0.000334405
0.000337159
0.000334578
0.000325952
0.000319361
0.000307427
0.000291465
0.000282598
0.000278753
0.00027752
0.000275753
0.000269763
0.000257926
0.000238287
0.000267679
0.000574983
0.000700533
0.000791786
0.000884301
0.00098758
0.00109318
0.00118349
0.00124145
0.00124775
0.00113402
0.000984664
0.000897712
0.000906836
0.000930331
0.000877902
0.000750421
0.000601048
0.000448717
0.000259396
0.000286658
0.000530645
0.000637521
0.000744262
0.000885299
0.0010585
0.00124353
0.00141675
0.00152943
0.00153438
0.0014239
0.00127815
0.00119147
0.00118042
0.00114312
0.000984038
0.000772655
0.000594231
0.00046258
0.000304517
0.000327612
0.000495681
0.000565121
0.000618195
0.000689002
0.00080718
0.00101358
0.00125522
0.00139071
0.00142379
0.00135193
0.00124973
0.00118046
0.00111627
0.000973152
0.000791244
0.000644875
0.000561163
0.000503584
0.000363303
0.000385584
0.000560522
0.000621602
0.000636084
0.000640965
0.000663987
0.000731526
0.000866949
0.00108774
0.00111724
0.00106242
0.000992041
0.000918345
0.000815118
0.000701618
0.000625762
0.000596643
0.000597438
0.000573819
0.000426232
0.000460728
0.000672101
0.000749689
0.000755958
0.000729126
0.000697474
0.000682044
0.000695001
0.000738711
0.000787586
0.000758187
0.000709681
0.000661414
0.000620381
0.000604412
0.000619042
0.000653303
0.000670869
0.00063656
0.00047754
0.000522687
0.000766349
0.000874115
0.00091626
0.000902547
0.000863838
0.000817434
0.000774621
0.000736844
0.000703544
0.000692043
0.00068609
0.000685913
0.000697618
0.000725584
0.000756172
0.000772677
0.000764447
0.000706092
0.00052734
0.000575307
0.000837889
0.00097852
0.00108029
0.00115524
0.00118144
0.00117171
0.00113533
0.00107631
0.00100768
0.000963599
0.000966669
0.000989946
0.00100088
0.000997092
0.000973449
0.00093186
0.00087137
0.000774169
0.000575736
0.00062164
0.00086895
0.00105888
0.00123835
0.0014092
0.00154146
0.00162205
0.00165674
0.00163256
0.00157297
0.00152585
0.00150357
0.00150073
0.00145882
0.00138042
0.00127154
0.00113974
0.000992843
0.000828942
0.000623894
0.00067152
0.000739046
0.000805059
0.000866158
0.00092366
0.000977221
0.00102638
0.00106878
0.00110001
0.00111435
0.00111481
0.00111
0.0010881
0.00105079
0.00100285
0.000947582
0.000887189
0.000822921
0.000753418
0.000679725
0.000247239
0.000265201
0.000279044
0.000289504
0.000296592
0.000301242
0.000304038
0.000304454
0.000301116
0.00029553
0.000291169
0.000282273
0.000269344
0.000262072
0.000259313
0.000259632
0.000260369
0.000257926
0.000251397
0.000239858
0.000260881
0.000447759
0.00050803
0.000565423
0.000639434
0.000730666
0.000826973
0.000906201
0.00095291
0.000944986
0.000862683
0.000756358
0.000692163
0.000692528
0.000707278
0.000657881
0.000552526
0.000448717
0.000367648
0.000273886
0.000286287
0.000421028
0.00047135
0.000526614
0.000615274
0.000748823
0.00089732
0.00102818
0.00110573
0.00110517
0.0010239
0.000919995
0.000862057
0.000859365
0.000813652
0.00067748
0.000541752
0.00046258
0.000423471
0.000335259
0.000337754
0.000444586
0.00047488
0.000491771
0.000520545
0.000581183
0.000704137
0.000883791
0.000974731
0.000985975
0.000929425
0.00086024
0.000821665
0.00077827
0.000666424
0.000561481
0.000506355
0.000503583
0.000514454
0.000409482
0.000410627
0.000556104
0.000578589
0.000560899
0.000537752
0.000529045
0.000549355
0.00060702
0.000729731
0.000744088
0.000699726
0.000659219
0.000621126
0.000568299
0.000525232
0.000510255
0.000531637
0.000573819
0.000580377
0.000457664
0.000470203
0.000644062
0.000690932
0.000677445
0.000631506
0.00058586
0.000553422
0.000538283
0.000532351
0.000535619
0.000527108
0.000518615
0.00051277
0.000512899
0.000525576
0.000559566
0.000606027
0.00063656
0.000628568
0.000493782
0.000511261
0.00069563
0.000758716
0.000781649
0.000776208
0.000741096
0.000698599
0.000659641
0.000627126
0.000600566
0.000591015
0.000608453
0.000636627
0.000660882
0.0006818
0.000695311
0.000703546
0.000706092
0.000677551
0.000525554
0.00054681
0.000736205
0.000815659
0.000870524
0.000917994
0.000951312
0.000962232
0.00094731
0.000901133
0.000836189
0.00080045
0.000806383
0.000836264
0.00085515
0.000852256
0.000832729
0.000804351
0.000774169
0.000723031
0.000556559
0.000580117
0.000757899
0.000849752
0.000916743
0.000976789
0.00102666
0.00106271
0.00107485
0.00103982
0.000976298
0.000951995
0.000956075
0.000978386
0.000985899
0.000966608
0.000929861
0.000883175
0.000828942
0.000753823
0.000590176
0.000618876
0.000674656
0.000732024
0.000784751
0.000833958
0.000879459
0.000920546
0.000955054
0.000979154
0.00098804
0.000987517
0.000986534
0.000970869
0.000941739
0.000903
0.000857542
0.000807324
0.000753418
0.000694273
0.000631701
0.000239411
0.000251144
0.000259429
0.00026369
0.000264896
0.000264033
0.000261808
0.000258622
0.000255413
0.000253322
0.000249653
0.00024322
0.000234201
0.000229755
0.000229974
0.000232782
0.000236289
0.000238287
0.000239858
0.000244367
0.000254381
0.00026793
0.000273822
0.000277578
0.000281361
0.000286003
0.000289997
0.000290578
0.000286404
0.000278695
0.000268866
0.00025869
0.00025116
0.000250532
0.000253225
0.000254658
0.000254246
0.000259396
0.000273886
0.000293723
0.000285807
0.000291042
0.00029178
0.000290124
0.00028745
0.000286659
0.000290152
0.000294441
0.000293998
0.000289006
0.000280329
0.000271839
0.00026595
0.000264065
0.000264651
0.00026851
0.000282175
0.000304517
0.000335259
0.000377146
0.00034765
0.000347167
0.000341361
0.000331921
0.000320377
0.000307891
0.00029514
0.000286606
0.000288919
0.000287606
0.000283803
0.000278045
0.00027225
0.000272094
0.000282766
0.000300988
0.00032809
0.000363302
0.000409482
0.000438386
0.00044282
0.000439954
0.000425812
0.00040097
0.000377577
0.000354528
0.000332613
0.000312897
0.000290749
0.000294695
0.000301455
0.000300668
0.000295923
0.00029982
0.000318696
0.000345502
0.000380781
0.000426232
0.000457664
0.000473732
0.00047761
0.000480203
0.000478863
0.000468545
0.000442449
0.000414884
0.000393644
0.000382648
0.000385021
0.000389305
0.0003936
0.000402244
0.000406093
0.000406881
0.00041135
0.000429038
0.000455879
0.00047754
0.000493782
0.000498039
0.000500167
0.000507543
0.000515909
0.00051983
0.000520778
0.000522674
0.000526234
0.000530276
0.000532235
0.000528912
0.000524741
0.000529717
0.000535025
0.000534969
0.000531728
0.000528635
0.000527489
0.00052734
0.000525554
0.000516982
0.00051848
0.000533699
0.000555981
0.000576002
0.000594095
0.000610877
0.000625849
0.000637751
0.000642274
0.000637426
0.000631713
0.000636389
0.000638935
0.000634543
0.000624026
0.000609675
0.000593334
0.000575736
0.000556559
0.000534647
0.000536701
0.000566101
0.000600679
0.000633077
0.000662725
0.000689469
0.000712713
0.000730694
0.00073974
0.000736179
0.000730836
0.000735971
0.000734189
0.000723445
0.000705199
0.000681601
0.000654228
0.000623894
0.000590176
0.000554174
0.000560064
0.000606286
0.000654866
0.000698051
0.000737135
0.000772444
0.000803598
0.000829045
0.000845858
0.000849331
0.000847561
0.000850548
0.000841254
0.000821225
0.000793333
0.000759727
0.000721717
0.000679725
0.000631701
0.000578977
)
;

boundaryField
{
    floor
    {
        type            mutkWallFunction;
        Cmu             0.09;
        kappa           0.41;
        E               9.8;
        value           nonuniform List<scalar> 
400
(
2.33939e-05
2.4244e-05
2.46278e-05
2.50481e-05
2.59216e-05
2.67044e-05
2.7161e-05
2.72397e-05
2.69287e-05
2.64171e-05
2.61407e-05
2.67841e-05
2.72701e-05
2.72411e-05
2.70383e-05
2.67533e-05
2.63599e-05
2.57709e-05
2.49448e-05
2.3867e-05
2.42439e-05
2.67172e-05
2.79684e-05
2.87452e-05
2.94879e-05
3.0691e-05
3.1729e-05
3.24856e-05
3.28674e-05
3.29452e-05
3.30561e-05
3.38787e-05
3.41178e-05
3.34467e-05
3.24632e-05
3.13578e-05
3.01723e-05
2.89348e-05
2.74746e-05
2.55128e-05
2.46277e-05
2.79683e-05
2.98443e-05
3.10735e-05
3.20535e-05
3.31958e-05
3.45866e-05
3.59487e-05
3.70034e-05
3.7736e-05
3.829e-05
3.92143e-05
3.92255e-05
3.81121e-05
3.66038e-05
3.49219e-05
3.31282e-05
3.14435e-05
2.94313e-05
2.66792e-05
2.5048e-05
2.87451e-05
3.10735e-05
3.26797e-05
3.40629e-05
3.54514e-05
3.70231e-05
3.87069e-05
4.05188e-05
4.19788e-05
4.29221e-05
4.37397e-05
4.3447e-05
4.19301e-05
3.99896e-05
3.78311e-05
3.56385e-05
3.34972e-05
3.09362e-05
2.73108e-05
2.59216e-05
2.94879e-05
3.20534e-05
3.40629e-05
3.57422e-05
3.75202e-05
3.96185e-05
4.1645e-05
4.41947e-05
4.64914e-05
4.76594e-05
4.80296e-05
4.73112e-05
4.53186e-05
4.29242e-05
4.0298e-05
3.77435e-05
3.51503e-05
3.19949e-05
2.75408e-05
2.67043e-05
3.06909e-05
3.31958e-05
3.54514e-05
3.75201e-05
3.95236e-05
4.23865e-05
4.52241e-05
4.85406e-05
5.17558e-05
5.28432e-05
5.24455e-05
5.11204e-05
4.85089e-05
4.55426e-05
4.23975e-05
3.94799e-05
3.64546e-05
3.27295e-05
2.74916e-05
2.7161e-05
3.17289e-05
3.45865e-05
3.70231e-05
3.96185e-05
4.23865e-05
4.54641e-05
4.90925e-05
5.33284e-05
5.7592e-05
5.83073e-05
5.70283e-05
5.50238e-05
5.14879e-05
4.77655e-05
4.40698e-05
4.08113e-05
3.74236e-05
3.32159e-05
2.72513e-05
2.72396e-05
3.24855e-05
3.59486e-05
3.87068e-05
4.16449e-05
4.52241e-05
4.90924e-05
5.33971e-05
5.7931e-05
6.22992e-05
6.30388e-05
6.11508e-05
5.86178e-05
5.38893e-05
4.93243e-05
4.50925e-05
4.15584e-05
3.79156e-05
3.33709e-05
2.68679e-05
2.69286e-05
3.28674e-05
3.70033e-05
4.05187e-05
4.41946e-05
4.85405e-05
5.33283e-05
5.7931e-05
6.10118e-05
6.52963e-05
6.48039e-05
6.34068e-05
6.04815e-05
5.52893e-05
4.98193e-05
4.51229e-05
4.14224e-05
3.7652e-05
3.29719e-05
2.64394e-05
2.64171e-05
3.29451e-05
3.7736e-05
4.19787e-05
4.64913e-05
5.17558e-05
5.7592e-05
6.22991e-05
6.52963e-05
2.89775e-05
2.81254e-05
6.37372e-05
6.04405e-05
5.45758e-05
4.90214e-05
4.42686e-05
4.02938e-05
3.64965e-05
3.21259e-05
2.60964e-05
2.61407e-05
3.30561e-05
3.82899e-05
4.29221e-05
4.76593e-05
5.28431e-05
5.83072e-05
6.30388e-05
6.48039e-05
2.81254e-05
2.58582e-05
5.84532e-05
5.49556e-05
5.06555e-05
4.60915e-05
4.21499e-05
3.87376e-05
3.53368e-05
3.13356e-05
2.55332e-05
2.67842e-05
3.38787e-05
3.92143e-05
4.37397e-05
4.80296e-05
5.24455e-05
5.70284e-05
6.11508e-05
6.34068e-05
6.37372e-05
5.84531e-05
4.59037e-05
4.29769e-05
4.31061e-05
4.11527e-05
3.87842e-05
3.62734e-05
3.34505e-05
2.98924e-05
2.4521e-05
2.72701e-05
3.41178e-05
3.92255e-05
4.3447e-05
4.73112e-05
5.11204e-05
5.50238e-05
5.86179e-05
6.04815e-05
6.04405e-05
5.49554e-05
4.29768e-05
3.77418e-05
3.67821e-05
3.63111e-05
3.50249e-05
3.32937e-05
3.10053e-05
2.78679e-05
2.30497e-05
2.72411e-05
3.34467e-05
3.81121e-05
4.19301e-05
4.53186e-05
4.85089e-05
5.14879e-05
5.38892e-05
5.52893e-05
5.45758e-05
5.06555e-05
4.3106e-05
3.67821e-05
3.43118e-05
3.35529e-05
3.28533e-05
3.16641e-05
2.97401e-05
2.68341e-05
2.23481e-05
2.70383e-05
3.24632e-05
3.66038e-05
3.99896e-05
4.29242e-05
4.55426e-05
4.77655e-05
4.93242e-05
4.98193e-05
4.90214e-05
4.60915e-05
4.11526e-05
3.63111e-05
3.35528e-05
3.29154e-05
3.22691e-05
3.11877e-05
2.9364e-05
2.65695e-05
2.24268e-05
2.67533e-05
3.13578e-05
3.49219e-05
3.78311e-05
4.0298e-05
4.23975e-05
4.40698e-05
4.50925e-05
4.51228e-05
4.42686e-05
4.21499e-05
3.87841e-05
3.50249e-05
3.28533e-05
3.22691e-05
3.16299e-05
3.08212e-05
2.92712e-05
2.67059e-05
2.28785e-05
2.63599e-05
3.01723e-05
3.31283e-05
3.56385e-05
3.77436e-05
3.94799e-05
4.08113e-05
4.15584e-05
4.14224e-05
4.02938e-05
3.87375e-05
3.62734e-05
3.32937e-05
3.16641e-05
3.11877e-05
3.08212e-05
3.02605e-05
2.90036e-05
2.68021e-05
2.33731e-05
2.57709e-05
2.89348e-05
3.14435e-05
3.34972e-05
3.51503e-05
3.64546e-05
3.74236e-05
3.79156e-05
3.7652e-05
3.64965e-05
3.53368e-05
3.34504e-05
3.10053e-05
2.97401e-05
2.9364e-05
2.92712e-05
2.90036e-05
2.81188e-05
2.64339e-05
2.36605e-05
2.49448e-05
2.74746e-05
2.94314e-05
3.09362e-05
3.1995e-05
3.27295e-05
3.32159e-05
3.33709e-05
3.29719e-05
3.21259e-05
3.13356e-05
2.98924e-05
2.7868e-05
2.68341e-05
2.65695e-05
2.67059e-05
2.68021e-05
2.64339e-05
2.55414e-05
2.39866e-05
2.3867e-05
2.55128e-05
2.66792e-05
2.73108e-05
2.75408e-05
2.74916e-05
2.72513e-05
2.68679e-05
2.64394e-05
2.60964e-05
2.55332e-05
2.4521e-05
2.30497e-05
2.23481e-05
2.24268e-05
2.28785e-05
2.33731e-05
2.36605e-05
2.39866e-05
2.48328e-05
)
;
    }
    ceiling
    {
        type            mutkWallFunction;
        Cmu             0.09;
        kappa           0.41;
        E               9.8;
        value           nonuniform List<scalar> 
400
(
6.79444e-05
7.42072e-05
8.02399e-05
8.55687e-05
9.04246e-05
9.47963e-05
9.85834e-05
0.000101591
0.000103553
0.000104317
0.000105097
0.00010528
0.000103819
0.00010108
9.73541e-05
9.28372e-05
8.76628e-05
8.18912e-05
7.52518e-05
6.76978e-05
7.42071e-05
8.15499e-05
8.87942e-05
9.53968e-05
0.000101538
0.000107153
0.000112094
0.000116111
0.000118899
0.000120315
0.000121481
0.000121016
0.000118746
0.000114983
0.000110042
0.000104171
9.75639e-05
9.03406e-05
8.2302e-05
7.36075e-05
8.02399e-05
8.87942e-05
9.70373e-05
0.000104617
0.000111707
0.000118235
0.00012405
0.000128882
0.000132422
0.000134498
0.000136058
0.000134882
0.000131815
0.000127178
0.000121286
0.000114399
0.000106748
9.84817e-05
8.94529e-05
7.975e-05
8.55687e-05
9.53968e-05
0.000104617
0.000113091
0.000121002
0.000128322
0.000134949
0.000140617
0.000145039
0.000147955
0.000150016
0.000147941
0.000143905
0.000138327
0.00013151
0.000123694
0.000115118
0.000105902
9.59276e-05
8.51308e-05
9.04246e-05
0.000101538
0.000111706
0.000121002
0.000129636
0.000137756
0.000145352
0.000152085
0.000157617
0.00016162
0.000164379
0.000161038
0.000155799
0.000149089
0.000141159
0.000132348
0.000122892
0.000112791
0.000101888
8.99327e-05
9.47962e-05
0.000107153
0.000118234
0.000128322
0.000137756
0.000146927
0.000155571
0.000163572
0.000170629
0.000176344
0.000180075
0.000174798
0.000167804
0.000159653
0.000150494
0.000140508
0.000130058
0.00011913
0.000107334
9.42178e-05
9.85834e-05
0.000112094
0.00012405
0.000134949
0.000145352
0.000155571
0.000165564
0.000175312
0.000184676
0.000193211
0.000198336
0.000190093
0.000180439
0.000170265
0.00015956
0.000148289
0.000136707
0.000124888
0.000112201
9.79599e-05
0.000101591
0.000116111
0.000128882
0.000140617
0.000152085
0.000163572
0.000175312
0.000187555
0.000200505
0.000213681
0.000220666
0.000207857
0.000194054
0.000180895
0.000168163
0.000155391
0.000142585
0.000129813
0.000116258
0.000100992
0.000103553
0.000118899
0.000132422
0.000145039
0.000157617
0.000170629
0.000184676
0.000200504
0.000218877
0.000238784
0.000247288
0.000228772
0.000208791
0.000191264
0.000175761
0.000161232
0.000147146
0.000133428
0.00011908
0.000102985
0.000104317
0.000120315
0.000134497
0.000147955
0.00016162
0.000176344
0.000193211
0.000213681
0.000238784
0.000263315
0.000268145
0.000250664
0.000223546
0.000200384
0.000181415
0.00016491
0.000149529
0.000135079
0.000120112
0.000103377
0.000105097
0.000121481
0.000136058
0.000150016
0.000164379
0.000180075
0.000198336
0.000220666
0.000247288
0.000268145
0.000243469
0.000251717
0.000226196
0.000202018
0.000182317
0.00016539
0.000149671
0.000135143
0.000120048
0.000103156
0.00010528
0.000121016
0.000134882
0.000147941
0.000161038
0.000174798
0.000190092
0.000207856
0.000228771
0.000250663
0.000251717
0.00023366
0.000212036
0.000193437
0.000177508
0.000162788
0.000148472
0.000134509
0.000119872
0.000103486
0.000103819
0.000118746
0.000131815
0.000143905
0.000155799
0.000167803
0.000180439
0.000194053
0.000208791
0.000223546
0.000226196
0.000212036
0.000197285
0.000183715
0.00017084
0.000157952
0.000144998
0.000131872
0.000117966
0.000102349
0.00010108
0.000114983
0.000127178
0.000138326
0.000149089
0.000159652
0.000170264
0.000180895
0.000191264
0.000200384
0.000202018
0.000193437
0.000183715
0.000173512
0.0001627
0.000151282
0.000139565
0.000127443
0.000114484
9.99375e-05
9.7354e-05
0.000110042
0.000121286
0.00013151
0.000141159
0.000150494
0.00015956
0.000168163
0.000175761
0.000181415
0.000182317
0.000177508
0.00017084
0.0001627
0.000153394
0.000143344
0.000132829
0.000121766
0.000109862
9.65774e-05
9.28371e-05
0.00010417
0.000114398
0.000123694
0.000132347
0.000140507
0.000148289
0.000155391
0.000161232
0.00016491
0.000165389
0.000162788
0.000157952
0.000151282
0.000143344
0.000134589
0.0001252
0.000115219
0.00010443
9.2515e-05
8.76627e-05
9.75638e-05
0.000106748
0.000115117
0.000122892
0.000130058
0.000136707
0.000142585
0.000147146
0.000149529
0.000149671
0.000148472
0.000144998
0.000139565
0.000132829
0.0001252
0.000116902
0.000108037
9.84001e-05
8.78871e-05
8.18911e-05
9.03405e-05
9.84816e-05
0.000105902
0.000112791
0.00011913
0.000124888
0.000129813
0.000133428
0.000135079
0.000135143
0.000134509
0.000131872
0.000127443
0.000121766
0.000115219
0.000108037
0.000100324
9.18617e-05
8.27122e-05
7.52518e-05
8.23019e-05
8.94528e-05
9.59275e-05
0.000101888
0.000107334
0.000112201
0.000116257
0.00011908
0.000120111
0.000120048
0.000119871
0.000117966
0.000114484
0.000109862
0.00010443
9.84e-05
9.18617e-05
8.4572e-05
7.66871e-05
6.76978e-05
7.36074e-05
7.975e-05
8.51307e-05
8.99326e-05
9.42177e-05
9.79598e-05
0.000100992
0.000102985
0.000103377
0.000103156
0.000103486
0.000102349
9.99374e-05
9.65773e-05
9.2515e-05
8.78871e-05
8.27121e-05
7.66871e-05
6.99087e-05
)
;
    }
    fixedWalls
    {
        type            mutkWallFunction;
        Cmu             0.09;
        kappa           0.41;
        E               9.8;
        value           nonuniform List<scalar> 
800
(
2.33788e-05
2.71191e-05
3.4249e-05
4.58515e-05
5.5904e-05
5.91552e-05
6.13512e-05
6.32174e-05
6.52943e-05
6.789e-05
2.42285e-05
2.82528e-05
3.44202e-05
4.41398e-05
5.42818e-05
5.9235e-05
6.28678e-05
6.63056e-05
6.99042e-05
7.41484e-05
2.46119e-05
2.91288e-05
3.43085e-05
4.27255e-05
5.14638e-05
5.86024e-05
6.41817e-05
6.95327e-05
7.46429e-05
8.01768e-05
2.50316e-05
3.00189e-05
3.413e-05
4.12578e-05
4.88976e-05
5.73675e-05
6.56685e-05
7.27551e-05
7.91077e-05
8.55016e-05
2.59042e-05
3.05173e-05
3.38819e-05
3.96763e-05
4.6721e-05
5.63986e-05
6.74093e-05
7.59149e-05
8.33246e-05
9.03538e-05
2.6686e-05
3.08701e-05
3.39913e-05
3.84609e-05
4.48081e-05
5.64982e-05
6.93761e-05
7.88838e-05
8.71852e-05
9.4722e-05
2.7142e-05
3.13025e-05
3.45241e-05
3.61753e-05
4.29632e-05
5.78265e-05
7.13225e-05
8.14639e-05
9.0496e-05
9.85061e-05
2.72204e-05
3.15223e-05
3.49005e-05
3.71006e-05
4.31336e-05
5.94506e-05
7.2925e-05
8.33889e-05
9.29392e-05
0.000101511
2.69096e-05
3.15164e-05
3.55289e-05
3.90253e-05
4.53626e-05
6.08127e-05
7.38413e-05
8.42772e-05
9.40997e-05
0.000103472
2.63983e-05
3.14805e-05
3.63253e-05
4.11005e-05
4.82314e-05
6.15651e-05
7.37085e-05
8.38421e-05
9.37745e-05
0.000104235
2.6122e-05
3.18274e-05
3.74283e-05
4.30624e-05
5.04783e-05
6.19827e-05
7.33416e-05
8.34029e-05
9.35998e-05
0.000105013
2.67648e-05
3.26083e-05
3.8363e-05
4.42085e-05
5.18054e-05
6.27961e-05
7.3948e-05
8.41751e-05
9.45717e-05
0.000105196
2.72502e-05
3.23733e-05
3.74746e-05
4.26639e-05
5.01404e-05
6.21635e-05
7.37903e-05
8.39769e-05
9.40802e-05
0.000103736
2.72211e-05
3.13776e-05
3.53457e-05
3.91408e-05
4.65759e-05
6.00714e-05
7.2401e-05
8.25006e-05
9.20611e-05
0.000100999
2.70184e-05
3.02293e-05
3.30384e-05
3.53929e-05
4.32932e-05
5.75647e-05
7.01676e-05
8.00333e-05
8.889e-05
9.72764e-05
2.67337e-05
2.9241e-05
3.13103e-05
3.45299e-05
4.19237e-05
5.53915e-05
6.75704e-05
7.68977e-05
8.49297e-05
9.27631e-05
2.63408e-05
2.83699e-05
3.01694e-05
3.57028e-05
4.27875e-05
5.43016e-05
6.5049e-05
7.33701e-05
8.0439e-05
8.75929e-05
2.57525e-05
2.77758e-05
3.09054e-05
3.70105e-05
4.49187e-05
5.48825e-05
6.29513e-05
6.96905e-05
7.55745e-05
8.18258e-05
2.49271e-05
2.69534e-05
3.11183e-05
3.87441e-05
4.8469e-05
5.60756e-05
6.14334e-05
6.60158e-05
7.02783e-05
7.51915e-05
2.38497e-05
2.62863e-05
3.13103e-05
4.07056e-05
5.25715e-05
5.69946e-05
5.99146e-05
6.22878e-05
6.46387e-05
6.76432e-05
2.38498e-05
2.62863e-05
3.13103e-05
4.07055e-05
5.25714e-05
5.69945e-05
5.99145e-05
6.22878e-05
6.46387e-05
6.76432e-05
2.54946e-05
2.80306e-05
3.19154e-05
4.05289e-05
5.24197e-05
5.73746e-05
6.08961e-05
6.42676e-05
6.84384e-05
7.35484e-05
2.66602e-05
2.87878e-05
3.18874e-05
3.95128e-05
5.07777e-05
5.72664e-05
6.20456e-05
6.71809e-05
7.28645e-05
7.96862e-05
2.72914e-05
2.92798e-05
3.1514e-05
3.79527e-05
4.74561e-05
5.59934e-05
6.25766e-05
6.97319e-05
7.69462e-05
8.50628e-05
2.75212e-05
2.98027e-05
3.09832e-05
3.60923e-05
4.40528e-05
5.26634e-05
6.26704e-05
7.19787e-05
8.06177e-05
8.98608e-05
2.74719e-05
3.04669e-05
3.06599e-05
3.41289e-05
4.06882e-05
4.89168e-05
6.28127e-05
7.40071e-05
8.38775e-05
9.41422e-05
2.72316e-05
3.10595e-05
3.10031e-05
3.21521e-05
3.748e-05
4.58985e-05
6.31071e-05
7.57743e-05
8.66681e-05
9.78812e-05
2.68484e-05
3.11766e-05
3.16024e-05
3.06768e-05
3.456e-05
4.41425e-05
6.34333e-05
7.71405e-05
8.87988e-05
0.000100911
2.64199e-05
3.06088e-05
3.15749e-05
3.08365e-05
3.13034e-05
4.41152e-05
6.35131e-05
7.76099e-05
8.98399e-05
0.000102902
2.60771e-05
2.95085e-05
3.08605e-05
3.06024e-05
3.13456e-05
4.44071e-05
6.2962e-05
7.69315e-05
8.93444e-05
0.000103293
2.55141e-05
2.80692e-05
2.95683e-05
2.99582e-05
3.20813e-05
4.48255e-05
6.24494e-05
7.6248e-05
8.87035e-05
0.000103072
2.45023e-05
2.65342e-05
2.82981e-05
2.91068e-05
3.19455e-05
4.59931e-05
6.31738e-05
7.6885e-05
8.93484e-05
0.000103401
2.30317e-05
2.53289e-05
2.74561e-05
2.83542e-05
3.14006e-05
4.66445e-05
6.39078e-05
7.72424e-05
8.91568e-05
0.000102265
2.23305e-05
2.52645e-05
2.72506e-05
2.84342e-05
3.21523e-05
4.69176e-05
6.39651e-05
7.67284e-05
8.78655e-05
9.98554e-05
2.24093e-05
2.57135e-05
2.74407e-05
2.99564e-05
3.49054e-05
4.7832e-05
6.36519e-05
7.54612e-05
8.56567e-05
9.64983e-05
2.28606e-05
2.59397e-05
2.81008e-05
3.25918e-05
3.88347e-05
5.04635e-05
6.33608e-05
7.37179e-05
8.27825e-05
9.24395e-05
2.33544e-05
2.60224e-05
3.01723e-05
3.65418e-05
4.40502e-05
5.39195e-05
6.32707e-05
7.1703e-05
7.94154e-05
8.78156e-05
2.36408e-05
2.70375e-05
3.35427e-05
4.17192e-05
4.99978e-05
5.67449e-05
6.32504e-05
6.94868e-05
7.56307e-05
8.26452e-05
2.39656e-05
2.93422e-05
3.82472e-05
4.7798e-05
5.39988e-05
5.87732e-05
6.29507e-05
6.69938e-05
7.13389e-05
7.66252e-05
2.48101e-05
3.26085e-05
4.38134e-05
5.13347e-05
5.59572e-05
5.91742e-05
6.16969e-05
6.4056e-05
6.66284e-05
6.98523e-05
2.33788e-05
2.71191e-05
3.4249e-05
4.58515e-05
5.5904e-05
5.91552e-05
6.13512e-05
6.32174e-05
6.52943e-05
6.789e-05
2.42285e-05
2.82528e-05
3.44202e-05
4.41398e-05
5.42818e-05
5.9235e-05
6.28678e-05
6.63056e-05
6.99042e-05
7.41484e-05
2.46119e-05
2.91288e-05
3.43085e-05
4.27255e-05
5.14638e-05
5.86024e-05
6.41816e-05
6.95327e-05
7.46429e-05
8.01767e-05
2.50316e-05
3.00189e-05
3.413e-05
4.12578e-05
4.88975e-05
5.73675e-05
6.56685e-05
7.27551e-05
7.91077e-05
8.55016e-05
2.59041e-05
3.05173e-05
3.38819e-05
3.96763e-05
4.67209e-05
5.63986e-05
6.74093e-05
7.59148e-05
8.33245e-05
9.03538e-05
2.66859e-05
3.087e-05
3.39912e-05
3.84609e-05
4.48081e-05
5.64981e-05
6.93761e-05
7.88838e-05
8.71851e-05
9.4722e-05
2.71419e-05
3.13025e-05
3.4524e-05
3.61753e-05
4.29632e-05
5.78265e-05
7.13225e-05
8.14639e-05
9.0496e-05
9.85061e-05
2.72203e-05
3.15222e-05
3.49005e-05
3.71005e-05
4.31336e-05
5.94506e-05
7.2925e-05
8.33888e-05
9.29392e-05
0.000101511
2.69095e-05
3.15163e-05
3.55288e-05
3.90253e-05
4.53626e-05
6.08127e-05
7.38413e-05
8.42771e-05
9.40997e-05
0.000103472
2.63983e-05
3.14805e-05
3.63253e-05
4.11005e-05
4.82314e-05
6.15651e-05
7.37084e-05
8.3842e-05
9.37744e-05
0.000104235
2.6122e-05
3.18274e-05
3.74283e-05
4.30624e-05
5.04783e-05
6.19827e-05
7.33415e-05
8.34029e-05
9.35997e-05
0.000105013
2.67649e-05
3.26084e-05
3.83631e-05
4.42086e-05
5.18054e-05
6.27961e-05
7.3948e-05
8.4175e-05
9.45717e-05
0.000105196
2.72502e-05
3.23734e-05
3.74746e-05
4.26639e-05
5.01403e-05
6.21635e-05
7.37903e-05
8.39769e-05
9.40801e-05
0.000103736
2.72211e-05
3.13776e-05
3.53457e-05
3.91407e-05
4.65759e-05
6.00714e-05
7.24009e-05
8.25006e-05
9.20611e-05
0.000100999
2.70184e-05
3.02293e-05
3.30384e-05
3.53929e-05
4.32931e-05
5.75647e-05
7.01676e-05
8.00333e-05
8.88899e-05
9.72763e-05
2.67337e-05
2.9241e-05
3.13103e-05
3.45298e-05
4.19236e-05
5.53914e-05
6.75703e-05
7.68977e-05
8.49296e-05
9.27631e-05
2.63408e-05
2.83699e-05
3.01695e-05
3.57028e-05
4.27874e-05
5.43015e-05
6.50489e-05
7.33701e-05
8.04389e-05
8.75928e-05
2.57525e-05
2.77759e-05
3.09054e-05
3.70104e-05
4.49186e-05
5.48824e-05
6.29512e-05
6.96904e-05
7.55745e-05
8.18257e-05
2.49271e-05
2.69535e-05
3.11183e-05
3.87441e-05
4.84689e-05
5.60755e-05
6.14333e-05
6.60157e-05
7.02782e-05
7.51915e-05
2.38498e-05
2.62863e-05
3.13103e-05
4.07055e-05
5.25714e-05
5.69945e-05
5.99145e-05
6.22878e-05
6.46387e-05
6.76432e-05
2.38497e-05
2.62863e-05
3.13103e-05
4.07056e-05
5.25715e-05
5.69946e-05
5.99146e-05
6.22878e-05
6.46387e-05
6.76432e-05
2.54945e-05
2.80306e-05
3.19154e-05
4.05289e-05
5.24198e-05
5.73747e-05
6.08962e-05
6.42676e-05
6.84385e-05
7.35485e-05
2.66602e-05
2.87878e-05
3.18874e-05
3.95128e-05
5.07778e-05
5.72665e-05
6.20457e-05
6.7181e-05
7.28646e-05
7.96863e-05
2.72914e-05
2.92798e-05
3.1514e-05
3.79527e-05
4.74561e-05
5.59934e-05
6.25767e-05
6.97319e-05
7.69462e-05
8.50629e-05
2.75212e-05
2.98027e-05
3.09832e-05
3.60923e-05
4.40528e-05
5.26635e-05
6.26704e-05
7.19788e-05
8.06178e-05
8.98609e-05
2.74719e-05
3.04669e-05
3.06599e-05
3.41289e-05
4.06882e-05
4.89168e-05
6.28128e-05
7.40072e-05
8.38776e-05
9.41423e-05
2.72316e-05
3.10595e-05
3.10031e-05
3.21521e-05
3.74799e-05
4.58985e-05
6.31072e-05
7.57743e-05
8.66682e-05
9.78813e-05
2.68484e-05
3.11766e-05
3.16024e-05
3.06768e-05
3.45599e-05
4.41425e-05
6.34334e-05
7.71406e-05
8.87989e-05
0.000100911
2.64199e-05
3.06087e-05
3.15749e-05
3.08365e-05
3.13033e-05
4.41153e-05
6.35131e-05
7.761e-05
8.98399e-05
0.000102902
2.60771e-05
2.95085e-05
3.08605e-05
3.06024e-05
3.13456e-05
4.44071e-05
6.2962e-05
7.69316e-05
8.93444e-05
0.000103293
2.55141e-05
2.80692e-05
2.95683e-05
2.99582e-05
3.20813e-05
4.48255e-05
6.24494e-05
7.62481e-05
8.87036e-05
0.000103072
2.45023e-05
2.65342e-05
2.82981e-05
2.91068e-05
3.19455e-05
4.59931e-05
6.31739e-05
7.68851e-05
8.93485e-05
0.000103401
2.30317e-05
2.53289e-05
2.74561e-05
2.83542e-05
3.14006e-05
4.66445e-05
6.39078e-05
7.72424e-05
8.91568e-05
0.000102265
2.23305e-05
2.52644e-05
2.72506e-05
2.84342e-05
3.21523e-05
4.69176e-05
6.39652e-05
7.67284e-05
8.78656e-05
9.98555e-05
2.24093e-05
2.57135e-05
2.74407e-05
2.99564e-05
3.49053e-05
4.7832e-05
6.36519e-05
7.54612e-05
8.56567e-05
9.64983e-05
2.28606e-05
2.59397e-05
2.81008e-05
3.25918e-05
3.88347e-05
5.04635e-05
6.33608e-05
7.37179e-05
8.27825e-05
9.24395e-05
2.33544e-05
2.60224e-05
3.01723e-05
3.65417e-05
4.40502e-05
5.39195e-05
6.32707e-05
7.1703e-05
7.94154e-05
8.78157e-05
2.36408e-05
2.70375e-05
3.35427e-05
4.17192e-05
4.99978e-05
5.67449e-05
6.32504e-05
6.94868e-05
7.56307e-05
8.26452e-05
2.39656e-05
2.93422e-05
3.82472e-05
4.7798e-05
5.39988e-05
5.87732e-05
6.29507e-05
6.69938e-05
7.13389e-05
7.66252e-05
2.48101e-05
3.26085e-05
4.38134e-05
5.13347e-05
5.59572e-05
5.91742e-05
6.16969e-05
6.4056e-05
6.66284e-05
6.98523e-05
)
;
    }
}


// ************************************************************************* //
