/*--------------------------------*- C++ -*----------------------------------*\
| =========                 |                                                 |
| \\      /  F ield         | OpenFOAM: The Open Source CFD Toolbox           |
|  \\    /   O peration     | Version:  1.7.1                                 |
|   \\  /    A nd           | Web:      www.OpenFOAM.com                      |
|    \\/     M anipulation  |                                                 |
\*---------------------------------------------------------------------------*/
FoamFile
{
    version     2.0;
    format      ascii;
    class       volScalarField;
    location    "600";
    object      p_rgh;
}
// * * * * * * * * * * * * * * * * * * * * * * * * * * * * * * * * * * * * * //

dimensions      [1 -1 -2 0 0 0 0];

internalField   nonuniform List<scalar> 
4000
(
100102
100102
100102
100102
100102
100102
100102
100102
100102
100102
100102
100102
100102
100102
100102
100102
100102
100102
100102
100102
100102
100102
100102
100102
100102
100102
100102
100102
100102
100102
100102
100102
100102
100102
100102
100102
100102
100102
100102
100102
100102
100102
100102
100102
100102
100102
100102
100102
100102
100102
100102
100102
100102
100102
100102
100102
100102
100102
100102
100102
100102
100102
100102
100102
100102
100102
100102
100102
100102
100102
100102
100102
100102
100102
100102
100102
100102
100102
100102
100102
100102
100102
100102
100102
100102
100102
100102
100102
100102
100102
100102
100102
100102
100102
100102
100102
100102
100102
100102
100102
100102
100102
100102
100102
100102
100102
100102
100102
100102
100102
100102
100102
100102
100102
100102
100102
100102
100102
100102
100102
100102
100102
100102
100102
100102
100102
100102
100102
100102
100102
100102
100102
100102
100102
100102
100102
100102
100102
100102
100102
100102
100102
100102
100102
100102
100102
100102
100102
100102
100102
100102
100102
100102
100102
100102
100102
100102
100102
100102
100102
100102
100102
100102
100102
100102
100102
100102
100102
100102
100102
100102
100102
100102
100102
100102
100102
100102
100102
100102
100102
100102
100102
100102
100102
100102
100102
100102
100102
100102
100102
100102
100102
100102
100102
100102
100102
100102
100102
100102
100102
100102
100102
100102
100102
100102
100102
100102
100102
100102
100102
100102
100102
100102
100102
100102
100102
100102
100102
100102
100102
100102
100102
100102
100102
100102
100102
100102
100102
100102
100102
100102
100102
100102
100102
100102
100102
100102
100102
100102
100102
100102
100102
100102
100102
100102
100102
100102
100102
100102
100102
100102
100102
100102
100102
100102
100102
100102
100102
100102
100102
100102
100102
100102
100102
100102
100102
100102
100102
100102
100102
100102
100102
100102
100102
100102
100102
100102
100102
100102
100102
100102
100102
100102
100102
100102
100102
100102
100102
100102
100102
100102
100102
100102
100102
100102
100102
100102
100102
100102
100102
100102
100102
100102
100102
100102
100102
100102
100102
100102
100102
100102
100102
100102
100102
100102
100102
100102
100102
100102
100102
100102
100102
100102
100102
100102
100102
100102
100102
100102
100102
100102
100102
100102
100102
100102
100102
100102
100102
100102
100102
100102
100102
100102
100102
100102
100102
100102
100102
100102
100102
100102
100102
100102
100102
100102
100102
100102
100102
100102
100102
100102
100102
100102
100102
100102
100102
100102
100102
100102
100102
100102
100102
100102
100102
100102
100102
100102
100102
100102
100102
100102
100102
100102
100102
100102
100102
100102
100102
100102
100102
100102
100102
100102
100102
100102
100102
100102
100102
100102
100102
100102
100102
100102
100102
100102
100102
100102
100102
100102
100102
100102
100102
100102
100102
100102
100102
100102
100102
100102
100102
100102
100102
100102
100102
100102
100102
100102
100102
100102
100102
100102
100102
100102
100102
100102
100102
100102
100102
100102
100102
100102
100102
100102
100102
100102
100102
100102
100102
100102
100102
100102
100102
100102
100102
100102
100102
100102
100102
100102
100102
100102
100102
100102
100102
100102
100102
100102
100102
100102
100102
100102
100102
100102
100102
100102
100102
100102
100102
100102
100102
100102
100102
100102
100102
100102
100102
100102
100102
100102
100102
100102
100102
100102
100102
100102
100102
100102
100102
100102
100102
100102
100102
100102
100102
100102
100102
100102
100102
100102
100102
100102
100102
100102
100102
100102
100102
100102
100102
100102
100102
100102
100102
100102
100102
100102
100102
100102
100102
100102
100102
100102
100102
100102
100102
100102
100102
100102
100102
100102
100102
100102
100102
100102
100102
100102
100102
100102
100102
100102
100102
100102
100102
100102
100102
100102
100102
100102
100102
100102
100102
100102
100102
100102
100102
100102
100102
100102
100102
100102
100102
100102
100102
100102
100102
100102
100102
100102
100102
100102
100102
100102
100102
100102
100102
100102
100102
100102
100102
100102
100102
100102
100102
100102
100102
100102
100102
100102
100102
100102
100102
100102
100102
100102
100102
100102
100102
100102
100102
100102
100102
100102
100102
100102
100102
100102
100102
100102
100102
100102
100102
100102
100102
100102
100102
100102
100102
100102
100102
100102
100102
100102
100102
100102
100102
100102
100102
100102
100102
100102
100102
100102
100102
100102
100102
100102
100102
100102
100102
100102
100102
100102
100102
100102
100102
100102
100102
100102
100102
100102
100102
100102
100102
100102
100102
100102
100102
100102
100102
100102
100102
100102
100102
100102
100102
100102
100102
100102
100102
100102
100102
100102
100102
100102
100102
100102
100102
100102
100102
100102
100102
100102
100102
100102
100102
100102
100102
100102
100102
100102
100102
100102
100102
100102
100102
100102
100102
100102
100102
100102
100102
100102
100102
100102
100102
100102
100102
100102
100102
100102
100102
100102
100102
100102
100102
100102
100102
100102
100102
100102
100102
100102
100102
100102
100102
100102
100102
100102
100102
100102
100102
100102
100102
100102
100102
100102
100102
100102
100102
100102
100102
100102
100102
100102
100102
100102
100102
100102
100102
100102
100102
100102
100102
100102
100102
100102
100102
100102
100102
100102
100102
100102
100102
100102
100102
100102
100102
100102
100102
100102
100102
100102
100102
100102
100102
100102
100102
100102
100102
100102
100102
100102
100102
100102
100102
100102
100102
100102
100102
100102
100102
100102
100102
100102
100102
100102
100102
100102
100102
100102
100102
100102
100102
100102
100102
100102
100102
100102
100102
100102
100102
100102
100102
100102
100102
100102
100102
100102
100102
100102
100102
100102
100102
100102
100102
100102
100102
100102
100102
100102
100102
100102
100102
100102
100102
100102
100102
100102
100102
100102
100102
100102
100102
100102
100102
100102
100102
100102
100102
100102
100102
100102
100102
100102
100102
100102
100102
100102
100102
100102
100102
100102
100102
100102
100102
100102
100102
100102
100102
100102
100102
100102
100102
100102
100102
100102
100102
100102
100102
100102
100102
100102
100102
100102
100102
100102
100102
100102
100102
100102
100102
100102
100102
100102
100102
100102
100102
100102
100102
100102
100102
100102
100102
100102
100102
100102
100102
100102
100102
100102
100102
100102
100102
100102
100102
100102
100102
100102
100102
100102
100102
100102
100102
100102
100102
100102
100102
100102
100102
100102
100102
100102
100102
100102
100102
100102
100102
100102
100102
100102
100102
100102
100102
100102
100102
100102
100102
100102
100102
100102
100102
100102
100102
100102
100102
100102
100102
100102
100102
100102
100102
100102
100102
100102
100102
100102
100102
100102
100102
100102
100102
100102
100102
100102
100102
100102
100102
100102
100102
100102
100102
100102
100102
100102
100102
100102
100102
100102
100102
100102
100102
100102
100102
100102
100102
100102
100102
100102
100102
100102
100102
100102
100102
100102
100102
100102
100102
100102
100102
100102
100102
100102
100102
100102
100102
100102
100102
100102
100102
100102
100102
100102
100102
100102
100102
100102
100102
100102
100102
100102
100102
100102
100102
100102
100102
100102
100102
100102
100102
100102
100102
100102
100102
100102
100102
100102
100102
100102
100102
100102
100102
100102
100102
100102
100102
100102
100102
100102
100102
100102
100102
100102
100102
100102
100102
100102
100102
100102
100102
100102
100102
100102
100102
100102
100102
100102
100102
100102
100102
100102
100102
100102
100102
100102
100102
100102
100102
100102
100102
100102
100102
100102
100102
100102
100102
100102
100102
100102
100102
100102
100102
100102
100102
100102
100102
100102
100102
100102
100102
100102
100102
100102
100102
100102
100102
100102
100102
100102
100102
100102
100102
100102
100102
100102
100102
100102
100102
100102
100102
100102
100102
100102
100102
100102
100102
100102
100102
100102
100102
100102
100102
100102
100102
100102
100102
100102
100102
100102
100102
100102
100102
100102
100102
100102
100102
100102
100102
100102
100102
100102
100102
100102
100102
100102
100102
100102
100102
100102
100102
100102
100102
100102
100102
100102
100102
100102
100102
100102
100102
100102
100102
100102
100102
100102
100102
100102
100102
100102
100102
100102
100102
100102
100102
100102
100102
100102
100102
100102
100102
100102
100102
100102
100102
100102
100102
100102
100102
100102
100102
100102
100102
100102
100102
100102
100102
100102
100102
100102
100102
100102
100102
100102
100102
100102
100102
100102
100102
100102
100102
100102
100102
100102
100102
100102
100102
100102
100102
100102
100102
100102
100102
100102
100102
100102
100102
100102
100102
100102
100102
100102
100102
100102
100102
100102
100102
100102
100102
100102
100102
100102
100102
100102
100102
100102
100102
100102
100102
100102
100102
100102
100102
100102
100102
100102
100102
100102
100102
100102
100102
100102
100102
100102
100102
100102
100102
100102
100102
100102
100102
100102
100102
100102
100102
100102
100102
100102
100102
100102
100102
100102
100102
100102
100102
100102
100102
100102
100102
100102
100102
100102
100102
100102
100102
100102
100102
100102
100102
100102
100102
100102
100102
100102
100102
100102
100102
100102
100102
100102
100102
100102
100102
100102
100102
100102
100102
100102
100102
100102
100102
100102
100102
100102
100102
100102
100102
100102
100102
100102
100102
100102
100102
100102
100102
100102
100102
100102
100102
100102
100102
100102
100102
100102
100102
100102
100102
100102
100102
100102
100102
100102
100102
100102
100102
100102
100102
100102
100102
100102
100102
100102
100102
100102
100102
100102
100102
100102
100102
100102
100102
100102
100102
100102
100102
100102
100102
100102
100102
100102
100102
100102
100102
100102
100102
100102
100102
100102
100102
100102
100102
100102
100102
100102
100102
100102
100102
100102
100102
100102
100102
100102
100102
100102
100102
100102
100102
100102
100102
100102
100102
100102
100102
100102
100102
100102
100102
100102
100102
100102
100102
100102
100102
100102
100102
100102
100102
100102
100102
100102
100102
100102
100102
100102
100102
100102
100102
100102
100102
100102
100102
100102
100102
100102
100102
100102
100102
100102
100102
100102
100102
100102
100102
100102
100102
100102
100102
100102
100102
100102
100102
100102
100102
100102
100102
100102
100102
100102
100102
100102
100102
100102
100102
100102
100102
100102
100102
100102
100102
100102
100102
100102
100102
100102
100102
100102
100102
100102
100102
100102
100102
100102
100102
100102
100102
100102
100102
100102
100102
100102
100102
100102
100102
100102
100102
100102
100102
100102
100102
100102
100102
100102
100102
100102
100102
100102
100102
100102
100102
100102
100102
100102
100102
100102
100102
100102
100102
100102
100102
100102
100102
100102
100102
100102
100102
100102
100102
100102
100102
100102
100102
100102
100102
100102
100102
100102
100102
100102
100102
100102
100102
100102
100102
100102
100102
100102
100102
100102
100102
100102
100102
100102
100102
100102
100102
100102
100102
100102
100102
100102
100102
100102
100102
100102
100102
100102
100102
100102
100102
100102
100102
100102
100102
100102
100102
100102
100102
100102
100102
100102
100102
100102
100102
100102
100102
100102
100102
100102
100102
100102
100102
100102
100102
100102
100102
100102
100102
100102
100102
100102
100102
100102
100102
100102
100102
100102
100102
100102
100102
100102
100102
100102
100102
100102
100102
100102
100102
100102
100102
100102
100102
100102
100102
100102
100102
100102
100102
100102
100102
100102
100102
100102
100102
100102
100102
100102
100102
100102
100102
100102
100102
100102
100102
100102
100102
100102
100102
100102
100102
100102
100102
100102
100102
100102
100102
100102
100102
100102
100102
100102
100102
100102
100102
100102
100102
100102
100102
100102
100102
100102
100102
100102
100102
100102
100102
100102
100102
100102
100102
100102
100102
100102
100102
100102
100102
100102
100102
100102
100102
100102
100102
100102
100102
100102
100102
100102
100102
100102
100102
100102
100102
100102
100102
100102
100102
100102
100102
100102
100102
100102
100102
100102
100102
100102
100102
100102
100102
100102
100102
100102
100102
100102
100102
100102
100102
100102
100102
100102
100102
100102
100102
100102
100102
100102
100102
100102
100102
100102
100102
100102
100102
100102
100102
100102
100102
100102
100102
100102
100102
100102
100102
100102
100102
100102
100102
100102
100102
100102
100102
100102
100102
100102
100102
100102
100102
100102
100102
100102
100102
100102
100102
100102
100102
100102
100102
100102
100102
100102
100102
100102
100102
100102
100102
100102
100102
100102
100102
100102
100102
100102
100102
100102
100102
100102
100102
100102
100102
100102
100102
100102
100102
100102
100102
100102
100102
100102
100102
100102
100102
100102
100102
100102
100102
100102
100102
100102
100102
100102
100102
100102
100102
100102
100102
100102
100102
100102
100102
100102
100102
100102
100102
100102
100102
100102
100102
100102
100102
100102
100102
100102
100102
100102
100102
100102
100102
100102
100102
100102
100102
100102
100102
100102
100102
100102
100102
100102
100102
100102
100102
100102
100102
100102
100102
100102
100102
100102
100102
100102
100102
100102
100102
100102
100102
100102
100102
100102
100102
100102
100102
100102
100102
100102
100102
100102
100102
100102
100102
100102
100102
100102
100102
100102
100102
100102
100102
100102
100102
100102
100102
100102
100102
100102
100102
100102
100102
100102
100102
100102
100102
100102
100102
100102
100102
100102
100102
100102
100102
100102
100102
100102
100102
100102
100102
100102
100102
100102
100102
100102
100102
100102
100102
100102
100102
100102
100102
100102
100102
100102
100102
100102
100102
100102
100102
100102
100102
100102
100102
100102
100102
100102
100102
100102
100102
100102
100102
100102
100102
100102
100102
100102
100102
100102
100102
100102
100102
100102
100102
100102
100102
100102
100102
100102
100102
100102
100102
100102
100102
100102
100102
100102
100102
100102
100102
100102
100102
100102
100102
100102
100102
100102
100102
100102
100102
100102
100102
100102
100102
100102
100102
100102
100102
100102
100102
100102
100102
100102
100102
100102
100102
100102
100102
100102
100102
100102
100102
100102
100102
100102
100102
100102
100102
100102
100102
100102
100102
100102
100102
100102
100102
100102
100102
100102
100102
100102
100102
100102
100102
100102
100102
100102
100102
100102
100102
100102
100102
100102
100102
100102
100102
100102
100102
100102
100102
100102
100102
100102
100102
100102
100102
100102
100102
100102
100102
100102
100102
100102
100102
100102
100102
100102
100102
100102
100102
100102
100102
100102
100102
100102
100102
100102
100102
100102
100102
100102
100102
100102
100102
100102
100102
100102
100102
100102
100102
100102
100102
100102
100102
100102
100102
100102
100102
100102
100102
100102
100102
100102
100102
100102
100102
100102
100102
100102
100102
100102
100102
100102
100102
100102
100102
100102
100102
100102
100102
100102
100102
100102
100102
100102
100102
100102
100102
100102
100102
100102
100102
100102
100102
100102
100102
100102
100102
100102
100102
100102
100102
100102
100102
100102
100102
100102
100102
100102
100102
100102
100102
100102
100102
100102
100102
100102
100102
100102
100102
100102
100102
100102
100102
100102
100102
100102
100102
100102
100102
100102
100102
100102
100102
100102
100102
100102
100102
100102
100102
100102
100102
100102
100102
100102
100102
100102
100102
100102
100102
100102
100102
100102
100102
100102
100102
100102
100102
100102
100102
100102
100102
100102
100102
100102
100102
100102
100102
100102
100102
100102
100102
100102
100102
100102
100102
100102
100102
100102
100102
100102
100102
100102
100102
100102
100102
100102
100102
100102
100102
100102
100102
100102
100102
100102
100102
100102
100102
100102
100102
100102
100102
100102
100102
100102
100102
100102
100102
100102
100102
100102
100102
100102
100102
100102
100102
100102
100102
100102
100102
100102
100102
100102
100102
100102
100102
100102
100102
100102
100102
100102
100102
100102
100102
100102
100102
100102
100102
100102
100102
100102
100102
100102
100102
100102
100102
100102
100102
100102
100102
100102
100102
100102
100102
100102
100102
100102
100102
100102
100102
100102
100102
100102
100102
100102
100102
100102
100102
100102
100102
100102
100102
100102
100102
100102
100102
100102
100102
100102
100102
100102
100102
100102
100102
100102
100102
100102
100102
100102
100102
100102
100102
100102
100102
100102
100102
100102
100102
100102
100102
100102
100102
100102
100102
100102
100102
100102
100102
100102
100102
100102
100102
100102
100102
100102
100102
100102
100102
100102
100102
100102
100102
100102
100102
100102
100102
100102
100102
100102
100102
100102
100102
100102
100102
100102
100102
100102
100102
100102
100102
100102
100102
100102
100102
100102
100102
100102
100102
100102
100102
100102
100102
100102
100102
100102
100102
100102
100102
100102
100102
100102
100102
100102
100102
100102
100102
100102
100102
100102
100102
100102
100102
100102
100102
100102
100102
100102
100102
100102
100102
100102
100102
100102
100102
100102
100102
100102
100102
100102
100102
100102
100102
100102
100102
100102
100102
100102
100102
100102
100102
100102
100102
100102
100102
100102
100102
100102
100102
100102
100102
100102
100102
100102
100102
100102
100102
100102
100102
100102
100102
100102
100102
100102
100102
100102
100102
100102
100102
100102
100102
100102
100102
100102
100102
100102
100102
100102
100102
100102
100102
100102
100102
100102
100102
100102
100102
100102
100102
100102
100102
100102
100102
100102
100102
100102
100102
100102
100102
100102
100102
100102
100102
100102
100102
100102
100102
100102
100102
100102
100102
100102
100102
100102
100102
100102
100102
100102
100102
100102
100102
100102
100102
100102
100102
100102
100102
100102
100102
100102
100102
100102
100102
100102
100102
100102
100102
100102
100102
100102
100102
100102
100102
100102
100102
100102
100102
100102
100102
100102
100102
100102
100102
100102
100102
100102
100102
100102
100102
100102
100102
100102
100102
100102
100102
100102
100102
100102
100102
100102
100102
100102
100102
100102
100102
100102
100102
100102
100102
100102
100102
100102
100102
100102
100102
100102
100102
100102
100102
100102
100102
100102
100102
100102
100102
100102
100102
100102
100102
100102
100102
100102
100102
100102
100102
100102
100102
100102
100102
100102
100102
100102
100102
100102
100102
100102
100102
100102
100102
100102
100102
100102
100102
100102
100102
100102
100102
100102
100102
100102
100102
100102
100102
100102
100102
100102
100102
100102
100102
100102
100102
100102
100102
100102
100102
100102
100102
100102
100102
100102
100102
100102
100102
100102
100102
100102
100102
100102
100102
100102
100102
100102
100102
100102
100102
100102
100102
100102
100102
100102
100102
100102
100102
100102
100102
100102
100102
100102
100102
100102
100102
100102
100102
100102
100102
100102
100102
100102
100102
100102
100102
100102
100102
100102
100102
100102
100102
100102
100102
100102
100102
100102
100102
100102
100102
100102
100102
100102
100102
100102
100102
100102
100102
100102
100102
100102
100102
100102
100102
100102
100102
100102
100102
100102
100102
100102
100102
100102
100102
100102
100102
100102
100102
100102
100102
100102
100102
100102
100102
100102
100102
100102
100102
100102
100102
100102
100102
100102
100102
100102
100102
100102
100102
100102
100102
100102
100102
100102
100102
100102
100102
100102
100102
100102
100102
100102
100102
100102
100102
100102
100102
100102
100102
100102
100102
100102
100102
100102
100102
100102
100102
100102
100102
100102
100102
100102
100102
100102
100102
100102
100102
100102
100102
100102
100102
100102
100102
100102
100102
100102
100102
100102
100102
100102
100102
100102
100102
100102
100102
100102
100102
100102
100102
100102
100102
100102
100102
100102
100102
100102
100102
100102
100102
100102
100102
100102
100102
100102
100102
100102
100102
100102
100102
100102
100102
100102
100102
100102
100102
100102
100102
100102
100102
100102
100102
100102
100102
100102
100102
100102
100102
100102
100102
100102
100102
100102
100102
100102
100102
100102
100102
100102
100102
100102
100102
100102
100102
100102
100102
100102
100102
100102
100102
100102
100102
100102
100102
100102
100102
100102
100102
100102
100102
100102
100102
100102
100102
100102
100102
100102
100102
100102
100102
100102
100102
100102
100102
100102
100102
100102
100102
100102
100102
100102
100102
100102
100102
100102
100102
100102
100102
100102
100102
100102
100102
100102
100102
100102
100102
100102
100102
100102
100102
100102
100102
100102
100102
100102
100102
100102
100102
100102
100102
100102
100102
100102
100102
100102
100102
100102
100102
100102
100102
100102
100102
100102
100102
100102
100102
100102
100102
100102
100102
100102
100102
100102
100102
100102
100102
100102
100102
100102
100102
100102
100102
100102
100102
100102
100102
100102
100102
100102
100102
100102
100102
100102
100102
100102
100102
100102
100102
100102
100102
100102
100102
100102
100102
100102
100102
100102
100102
100102
100102
100102
100102
100102
100102
100102
100102
100102
100102
100102
100102
100102
100102
100102
100102
100102
100102
100102
100102
100102
100102
100102
100102
100102
100102
100102
100102
100102
100102
100102
100102
100102
100102
100102
100102
100102
100102
100102
100102
100102
100102
100102
100102
100102
100102
100102
100102
100102
100102
100102
100102
100102
100102
100102
100102
100102
100102
100102
100102
100102
100102
100102
100102
100102
100102
100102
100102
100102
100102
100102
100102
100102
100102
100102
100102
100102
100102
100102
100102
100102
100102
100102
100102
100102
100102
100102
100102
100102
100102
100102
100102
100102
100102
100102
100102
100102
100102
100102
100102
100102
100102
100102
100102
100102
100102
100102
100102
100102
100102
100102
100102
100102
100102
100102
100102
100102
100102
100102
100102
100102
100102
100102
100102
100102
100102
100102
100102
100102
100102
100102
100102
100102
100102
100102
100102
100102
100102
100102
100102
100102
100102
100102
100102
100102
100102
100102
100102
100102
100102
100102
100102
100102
100102
100102
100102
100102
100102
100102
100102
100102
100102
100102
100102
100102
100102
100102
100102
100102
100102
100102
100102
100102
100102
100102
100102
100102
100102
100102
100102
100102
100102
100102
100102
100102
100102
100102
100102
100102
100102
100102
100102
100102
100102
100102
100102
100102
100102
100102
100102
100102
100102
100102
100102
100102
100102
100102
100102
100102
100102
100102
100102
100102
100102
100102
100102
100102
100102
100102
100102
100102
100102
100102
100102
100102
100102
100102
100102
100102
100102
100102
100102
100102
100102
100102
100102
100102
100102
100102
100102
100102
100102
100102
100102
100102
100102
100102
100102
100102
100102
100102
100102
100102
100102
100102
100102
100102
100102
100102
100102
100102
100102
100102
100102
100102
100102
100102
100102
100102
100102
100102
100102
100102
100102
100102
100102
100102
100102
100102
100102
100102
100102
100102
100102
100102
100102
100102
100102
100102
100102
100102
100102
100102
100102
100102
100102
100102
100102
100102
100102
100102
100102
100102
100102
100102
100102
100102
100102
100102
100102
100102
100102
100102
100102
100102
100102
100102
100102
100102
100102
100102
100102
100102
100102
100102
100102
100102
100102
100102
100102
100102
100102
100102
100102
100102
100102
100102
100102
100102
100102
100102
100102
100102
100102
100102
100102
100102
100102
100102
100102
100102
100102
100102
100102
100102
100102
100102
100102
100102
100102
100102
100102
100102
100102
100102
100102
100102
100102
100102
100102
100102
100102
100102
100102
100102
100102
100102
100102
100102
100102
100102
100102
100102
100102
100102
100102
100102
100102
100102
100102
100102
100102
100102
100102
100102
100102
100102
100102
100102
100102
100102
100102
100102
100102
100102
100102
100102
100102
100102
100102
100102
100102
100102
100102
100102
100102
100102
100102
100102
100102
100102
100102
100102
100102
100102
100102
100102
100102
100102
100102
100102
100102
100102
100102
100102
100102
100102
100102
100102
100102
100102
100102
100102
100102
100102
100102
100102
100102
100102
100102
100102
100102
100102
100102
100102
100102
100102
100102
100102
100102
100102
100102
100102
100102
100102
100102
100102
100102
100102
100102
100102
100102
100102
100102
100102
100102
100102
100102
100102
100102
100102
100102
100102
100102
100102
100102
100102
100102
100102
100102
100102
100102
100102
100102
100102
100102
100102
100102
100102
100102
100102
100102
100102
100102
100102
100102
100102
100102
100102
100102
100102
100102
100102
100102
100102
100102
100102
100102
100102
100102
100102
100102
100102
100102
100102
100102
100102
100102
100102
100102
100102
100102
100102
100102
100102
100102
100102
100102
100102
100102
100102
100102
100102
100102
100102
100102
100102
100102
100102
100102
100102
100102
100102
100102
100102
100102
100102
100102
100102
100102
100102
100102
100102
100102
100102
100102
100102
100102
100102
100102
100102
100102
100102
100102
100102
100102
100102
100102
100102
100102
100102
100102
100102
100102
100102
100102
100102
100102
100102
100102
100102
100102
100102
100102
100102
100102
100102
100102
100102
100102
100102
100102
100102
100102
100102
100102
100102
100102
100102
100102
100102
100102
100102
100102
100102
100102
100102
100102
100102
100102
100102
100102
100102
100102
100102
100102
100102
100102
100102
100102
100102
100102
100102
100102
100102
100102
100102
100102
100102
100102
100102
100102
100102
100102
100102
100102
100102
100102
100102
100102
100102
100102
100102
100102
100102
100102
100102
100102
100102
100102
100102
100102
100102
100102
100102
100102
100102
100102
100102
100102
100102
100102
100102
100102
100102
100102
100102
100102
100102
100102
100102
100102
100102
100102
100102
100102
100102
100102
100102
100102
100102
100102
100102
100102
100102
100102
100102
100102
100102
100102
100102
100102
100102
100102
100102
100102
100102
100102
100102
100102
100102
100102
100102
100102
100102
100102
100102
100102
100102
100102
100102
100102
100102
100102
100102
100102
100102
100102
100102
100102
100102
100102
100102
100102
100102
100102
100102
100102
100102
100102
100102
100102
100102
100102
100102
100102
100102
100102
100102
100102
100102
100102
100102
100102
100102
100102
100102
100102
100102
100102
100102
100102
100102
100102
100102
100102
100102
100102
100102
100102
100102
100102
100102
100102
100102
100102
100102
100102
100102
100102
100102
100102
100102
100102
100102
100102
100102
100102
100102
100102
100102
100102
100102
100102
100102
100102
100102
100102
100102
100102
100102
100102
100102
100102
100102
100102
100102
100102
100102
100102
100102
100102
100102
100102
100102
100102
100102
100102
100102
100102
100102
100102
100102
100102
100102
100102
100102
100102
100102
100102
100102
100102
100102
100102
100102
100102
100102
100102
100102
100102
100102
100102
100102
100102
100102
100102
100102
100102
100102
100102
100102
100102
100102
100102
100102
100102
100102
100102
100102
100102
100102
100102
100102
100102
100102
100102
100102
100102
100102
100102
100102
100102
100102
100102
100102
100102
100102
100102
100102
100102
100102
100102
100102
100102
100102
100102
100102
100102
100102
100102
100102
100102
100102
100102
100102
100102
100102
100102
100102
100102
100102
100102
100102
100102
100102
100102
100102
100102
100102
100102
100102
100102
100102
100102
100102
100102
100102
100102
100102
100102
100102
100102
100102
100102
100102
100102
100102
100102
100102
100102
100102
100102
100102
100102
100102
100102
100102
100102
100102
100102
100102
100102
100102
100102
100102
100102
100102
100102
100102
100102
100102
100102
100102
100102
100102
100102
100102
100102
100102
100102
100102
100102
100102
100102
100102
100102
100102
100102
100102
100102
)
;

boundaryField
{
    floor
    {
        type            buoyantPressure;
        gradient        uniform -0;
        rho             rho;
        value           nonuniform List<scalar> 
400
(
100102
100102
100102
100102
100102
100102
100102
100102
100102
100102
100102
100102
100102
100102
100102
100102
100102
100102
100102
100102
100102
100102
100102
100102
100102
100102
100102
100102
100102
100102
100102
100102
100102
100102
100102
100102
100102
100102
100102
100102
100102
100102
100102
100102
100102
100102
100102
100102
100102
100102
100102
100102
100102
100102
100102
100102
100102
100102
100102
100102
100102
100102
100102
100102
100102
100102
100102
100102
100102
100102
100102
100102
100102
100102
100102
100102
100102
100102
100102
100102
100102
100102
100102
100102
100102
100102
100102
100102
100102
100102
100102
100102
100102
100102
100102
100102
100102
100102
100102
100102
100102
100102
100102
100102
100102
100102
100102
100102
100102
100102
100102
100102
100102
100102
100102
100102
100102
100102
100102
100102
100102
100102
100102
100102
100102
100102
100102
100102
100102
100102
100102
100102
100102
100102
100102
100102
100102
100102
100102
100102
100102
100102
100102
100102
100102
100102
100102
100102
100102
100102
100102
100102
100102
100102
100102
100102
100102
100102
100102
100102
100102
100102
100102
100102
100102
100102
100102
100102
100102
100102
100102
100102
100102
100102
100102
100102
100102
100102
100102
100102
100102
100102
100102
100102
100102
100102
100102
100102
100102
100102
100102
100102
100102
100102
100102
100102
100102
100102
100102
100102
100102
100102
100102
100102
100102
100102
100102
100102
100102
100102
100102
100102
100102
100102
100102
100102
100102
100102
100102
100102
100102
100102
100102
100102
100102
100102
100102
100102
100102
100102
100102
100102
100102
100102
100102
100102
100102
100102
100102
100102
100102
100102
100102
100102
100102
100102
100102
100102
100102
100102
100102
100102
100102
100102
100102
100102
100102
100102
100102
100102
100102
100102
100102
100102
100102
100102
100102
100102
100102
100102
100102
100102
100102
100102
100102
100102
100102
100102
100102
100102
100102
100102
100102
100102
100102
100102
100102
100102
100102
100102
100102
100102
100102
100102
100102
100102
100102
100102
100102
100102
100102
100102
100102
100102
100102
100102
100102
100102
100102
100102
100102
100102
100102
100102
100102
100102
100102
100102
100102
100102
100102
100102
100102
100102
100102
100102
100102
100102
100102
100102
100102
100102
100102
100102
100102
100102
100102
100102
100102
100102
100102
100102
100102
100102
100102
100102
100102
100102
100102
100102
100102
100102
100102
100102
100102
100102
100102
100102
100102
100102
100102
100102
100102
100102
100102
100102
100102
100102
100102
100102
100102
100102
100102
100102
100102
100102
100102
100102
100102
100102
100102
100102
100102
100102
100102
100102
100102
100102
100102
100102
100102
100102
100102
100102
100102
100102
100102
100102
100102
100102
)
;
    }
    ceiling
    {
        type            buoyantPressure;
        gradient        nonuniform List<scalar> 
400
(
0.169507
0.170361
0.171378
0.172491
0.173639
0.174787
0.175879
0.176843
0.177619
0.178296
0.179713
0.180366
0.180322
0.179763
0.178817
0.177576
0.176116
0.174482
0.172703
0.170694
0.170361
0.170986
0.172003
0.173254
0.174616
0.176021
0.177387
0.178605
0.179568
0.180342
0.182066
0.182718
0.182601
0.181871
0.180701
0.179228
0.177564
0.175784
0.173984
0.172195
0.171378
0.172003
0.173109
0.174497
0.176032
0.177644
0.179242
0.180692
0.181831
0.182673
0.184684
0.185316
0.185083
0.184152
0.182764
0.181096
0.17929
0.177427
0.175615
0.173901
0.172491
0.173254
0.174497
0.176027
0.177732
0.17956
0.181419
0.183154
0.184535
0.185487
0.187873
0.188406
0.187955
0.186724
0.185047
0.183141
0.181177
0.17922
0.177347
0.175568
0.173639
0.174616
0.176032
0.177732
0.179644
0.181753
0.183958
0.186088
0.18789
0.189243
0.192409
0.192447
0.191423
0.189694
0.187603
0.185358
0.183169
0.181072
0.179079
0.177143
0.174787
0.176021
0.177644
0.17956
0.181753
0.184236
0.186965
0.189715
0.192228
0.194344
0.198738
0.197778
0.195828
0.19329
0.190507
0.187766
0.185263
0.182959
0.180787
0.178628
0.175879
0.177387
0.179242
0.181419
0.183958
0.186965
0.190368
0.194003
0.197672
0.20125
0.207594
0.204648
0.201164
0.197468
0.193797
0.190367
0.18744
0.18484
0.182426
0.179998
0.176843
0.178604
0.180692
0.183154
0.186088
0.189715
0.194003
0.198951
0.2046
0.211086
0.220729
0.213717
0.207539
0.202075
0.197228
0.192979
0.189523
0.186572
0.183897
0.181191
0.177619
0.179568
0.181831
0.184535
0.18789
0.192228
0.197672
0.2046
0.213697
0.226055
0.241691
0.226192
0.21519
0.206944
0.20048
0.195263
0.191199
0.187964
0.185078
0.18213
0.178296
0.180342
0.182673
0.185487
0.189243
0.194344
0.20125
0.211086
0.226055
0.250092
0.277536
0.244342
0.224678
0.212063
0.203329
0.196937
0.192272
0.188909
0.185904
0.18277
0.179713
0.182065
0.184684
0.187873
0.192409
0.198738
0.207594
0.220729
0.241691
0.277535
0.331854
0.272121
0.240604
0.221887
0.209764
0.201399
0.195587
0.191715
0.188242
0.184576
0.180366
0.182718
0.185316
0.188406
0.192447
0.197778
0.204648
0.213717
0.226192
0.244342
0.272121
0.245987
0.229288
0.217429
0.208549
0.201686
0.196586
0.192641
0.189079
0.185331
0.180322
0.182601
0.185083
0.187955
0.191423
0.195828
0.201164
0.207539
0.21519
0.224677
0.240604
0.229288
0.220207
0.212549
0.206023
0.200512
0.196225
0.192442
0.188953
0.185251
0.179763
0.181871
0.184152
0.186724
0.189694
0.19329
0.197468
0.202075
0.206944
0.212063
0.221887
0.217429
0.212549
0.20755
0.202734
0.198401
0.194664
0.191246
0.18799
0.184482
0.178817
0.180701
0.182764
0.185047
0.187603
0.190507
0.193797
0.197228
0.20048
0.203329
0.209764
0.208549
0.206023
0.202734
0.199201
0.195806
0.192537
0.189447
0.186439
0.183186
0.177576
0.179228
0.181096
0.183141
0.185358
0.187765
0.190367
0.192979
0.195263
0.196937
0.201399
0.201686
0.200511
0.198401
0.195806
0.192954
0.190087
0.18727
0.184484
0.181493
0.176116
0.177564
0.17929
0.181177
0.183169
0.185263
0.18744
0.189523
0.191199
0.192272
0.195587
0.196586
0.196225
0.194664
0.192537
0.190087
0.187509
0.184887
0.182263
0.179492
0.174482
0.175784
0.177427
0.17922
0.181072
0.182959
0.18484
0.186572
0.187964
0.188909
0.191715
0.192641
0.192442
0.191246
0.189447
0.18727
0.184887
0.182394
0.179858
0.177216
0.172703
0.173983
0.175615
0.177347
0.179079
0.180787
0.182426
0.183897
0.185078
0.185904
0.188242
0.189079
0.188953
0.18799
0.186439
0.184484
0.182263
0.179858
0.17733
0.17463
0.170694
0.172195
0.173901
0.175568
0.177143
0.178628
0.179998
0.181191
0.18213
0.18277
0.184576
0.185331
0.185251
0.184482
0.183186
0.181493
0.179492
0.177216
0.17463
0.17157
)
;
        rho             rho;
        value           nonuniform List<scalar> 
400
(
100102
100102
100102
100102
100102
100102
100102
100102
100102
100102
100102
100102
100102
100102
100102
100102
100102
100102
100102
100102
100102
100102
100102
100102
100102
100102
100102
100102
100102
100102
100102
100102
100102
100102
100102
100102
100102
100102
100102
100102
100102
100102
100102
100102
100102
100102
100102
100102
100102
100102
100102
100102
100102
100102
100102
100102
100102
100102
100102
100102
100102
100102
100102
100102
100102
100102
100102
100102
100102
100102
100102
100102
100102
100102
100102
100102
100102
100102
100102
100102
100102
100102
100102
100102
100102
100102
100102
100102
100102
100102
100102
100102
100102
100102
100102
100102
100102
100102
100102
100102
100102
100102
100102
100102
100102
100102
100102
100102
100102
100102
100102
100102
100102
100102
100102
100102
100102
100102
100102
100102
100102
100102
100102
100102
100102
100102
100102
100102
100102
100102
100102
100102
100102
100102
100102
100102
100102
100102
100102
100102
100102
100102
100102
100102
100102
100102
100102
100102
100102
100102
100102
100102
100102
100102
100102
100102
100102
100102
100102
100102
100102
100102
100102
100102
100102
100102
100102
100102
100102
100102
100102
100102
100102
100102
100102
100102
100102
100102
100102
100102
100102
100102
100102
100102
100102
100102
100102
100102
100102
100102
100102
100102
100102
100102
100102
100102
100102
100102
100102
100102
100102
100102
100102
100102
100102
100102
100102
100102
100102
100102
100102
100102
100102
100102
100102
100102
100102
100102
100102
100102
100102
100102
100102
100102
100102
100102
100102
100102
100102
100102
100102
100102
100102
100102
100102
100102
100102
100102
100102
100102
100102
100102
100102
100102
100102
100102
100102
100102
100102
100102
100102
100102
100102
100102
100102
100102
100102
100102
100102
100102
100102
100102
100102
100102
100102
100102
100102
100102
100102
100102
100102
100102
100102
100102
100102
100102
100102
100102
100102
100102
100102
100102
100102
100102
100102
100102
100102
100102
100102
100102
100102
100102
100102
100102
100102
100102
100102
100102
100102
100102
100102
100102
100102
100102
100102
100102
100102
100102
100102
100102
100102
100102
100102
100102
100102
100102
100102
100102
100102
100102
100102
100102
100102
100102
100102
100102
100102
100102
100102
100102
100102
100102
100102
100102
100102
100102
100102
100102
100102
100102
100102
100102
100102
100102
100102
100102
100102
100102
100102
100102
100102
100102
100102
100102
100102
100102
100102
100102
100102
100102
100102
100102
100102
100102
100102
100102
100102
100102
100102
100102
100102
100102
100102
100102
100102
100102
100102
100102
100102
100102
100102
100102
100102
100102
100102
100102
100102
100102
100102
100102
100102
100102
100102
100102
100102
100102
100102
100102
100102
100102
)
;
    }
    fixedWalls
    {
        type            buoyantPressure;
        gradient        uniform 0;
        rho             rho;
        value           nonuniform List<scalar> 
800
(
100102
100102
100102
100102
100102
100102
100102
100102
100102
100102
100102
100102
100102
100102
100102
100102
100102
100102
100102
100102
100102
100102
100102
100102
100102
100102
100102
100102
100102
100102
100102
100102
100102
100102
100102
100102
100102
100102
100102
100102
100102
100102
100102
100102
100102
100102
100102
100102
100102
100102
100102
100102
100102
100102
100102
100102
100102
100102
100102
100102
100102
100102
100102
100102
100102
100102
100102
100102
100102
100102
100102
100102
100102
100102
100102
100102
100102
100102
100102
100102
100102
100102
100102
100102
100102
100102
100102
100102
100102
100102
100102
100102
100102
100102
100102
100102
100102
100102
100102
100102
100102
100102
100102
100102
100102
100102
100102
100102
100102
100102
100102
100102
100102
100102
100102
100102
100102
100102
100102
100102
100102
100102
100102
100102
100102
100102
100102
100102
100102
100102
100102
100102
100102
100102
100102
100102
100102
100102
100102
100102
100102
100102
100102
100102
100102
100102
100102
100102
100102
100102
100102
100102
100102
100102
100102
100102
100102
100102
100102
100102
100102
100102
100102
100102
100102
100102
100102
100102
100102
100102
100102
100102
100102
100102
100102
100102
100102
100102
100102
100102
100102
100102
100102
100102
100102
100102
100102
100102
100102
100102
100102
100102
100102
100102
100102
100102
100102
100102
100102
100102
100102
100102
100102
100102
100102
100102
100102
100102
100102
100102
100102
100102
100102
100102
100102
100102
100102
100102
100102
100102
100102
100102
100102
100102
100102
100102
100102
100102
100102
100102
100102
100102
100102
100102
100102
100102
100102
100102
100102
100102
100102
100102
100102
100102
100102
100102
100102
100102
100102
100102
100102
100102
100102
100102
100102
100102
100102
100102
100102
100102
100102
100102
100102
100102
100102
100102
100102
100102
100102
100102
100102
100102
100102
100102
100102
100102
100102
100102
100102
100102
100102
100102
100102
100102
100102
100102
100102
100102
100102
100102
100102
100102
100102
100102
100102
100102
100102
100102
100102
100102
100102
100102
100102
100102
100102
100102
100102
100102
100102
100102
100102
100102
100102
100102
100102
100102
100102
100102
100102
100102
100102
100102
100102
100102
100102
100102
100102
100102
100102
100102
100102
100102
100102
100102
100102
100102
100102
100102
100102
100102
100102
100102
100102
100102
100102
100102
100102
100102
100102
100102
100102
100102
100102
100102
100102
100102
100102
100102
100102
100102
100102
100102
100102
100102
100102
100102
100102
100102
100102
100102
100102
100102
100102
100102
100102
100102
100102
100102
100102
100102
100102
100102
100102
100102
100102
100102
100102
100102
100102
100102
100102
100102
100102
100102
100102
100102
100102
100102
100102
100102
100102
100102
100102
100102
100102
100102
100102
100102
100102
100102
100102
100102
100102
100102
100102
100102
100102
100102
100102
100102
100102
100102
100102
100102
100102
100102
100102
100102
100102
100102
100102
100102
100102
100102
100102
100102
100102
100102
100102
100102
100102
100102
100102
100102
100102
100102
100102
100102
100102
100102
100102
100102
100102
100102
100102
100102
100102
100102
100102
100102
100102
100102
100102
100102
100102
100102
100102
100102
100102
100102
100102
100102
100102
100102
100102
100102
100102
100102
100102
100102
100102
100102
100102
100102
100102
100102
100102
100102
100102
100102
100102
100102
100102
100102
100102
100102
100102
100102
100102
100102
100102
100102
100102
100102
100102
100102
100102
100102
100102
100102
100102
100102
100102
100102
100102
100102
100102
100102
100102
100102
100102
100102
100102
100102
100102
100102
100102
100102
100102
100102
100102
100102
100102
100102
100102
100102
100102
100102
100102
100102
100102
100102
100102
100102
100102
100102
100102
100102
100102
100102
100102
100102
100102
100102
100102
100102
100102
100102
100102
100102
100102
100102
100102
100102
100102
100102
100102
100102
100102
100102
100102
100102
100102
100102
100102
100102
100102
100102
100102
100102
100102
100102
100102
100102
100102
100102
100102
100102
100102
100102
100102
100102
100102
100102
100102
100102
100102
100102
100102
100102
100102
100102
100102
100102
100102
100102
100102
100102
100102
100102
100102
100102
100102
100102
100102
100102
100102
100102
100102
100102
100102
100102
100102
100102
100102
100102
100102
100102
100102
100102
100102
100102
100102
100102
100102
100102
100102
100102
100102
100102
100102
100102
100102
100102
100102
100102
100102
100102
100102
100102
100102
100102
100102
100102
100102
100102
100102
100102
100102
100102
100102
100102
100102
100102
100102
100102
100102
100102
100102
100102
100102
100102
100102
100102
100102
100102
100102
100102
100102
100102
100102
100102
100102
100102
100102
100102
100102
100102
100102
100102
100102
100102
100102
100102
100102
100102
100102
100102
100102
100102
100102
100102
100102
100102
100102
100102
100102
100102
100102
100102
100102
100102
100102
100102
100102
100102
100102
100102
100102
100102
100102
100102
100102
100102
100102
100102
100102
100102
100102
100102
100102
100102
100102
100102
100102
100102
100102
100102
100102
100102
100102
100102
100102
100102
100102
100102
100102
100102
100102
100102
100102
100102
100102
100102
100102
100102
100102
100102
100102
100102
100102
100102
100102
100102
100102
100102
100102
100102
100102
100102
100102
100102
100102
100102
100102
100102
100102
100102
100102
100102
100102
100102
100102
100102
100102
100102
100102
100102
100102
100102
100102
100102
100102
100102
100102
100102
100102
100102
100102
100102
)
;
    }
}


// ************************************************************************* //
