/*--------------------------------*- C++ -*----------------------------------*\
| =========                 |                                                 |
| \\      /  F ield         | OpenFOAM: The Open Source CFD Toolbox           |
|  \\    /   O peration     | Version:  1.7.1                                 |
|   \\  /    A nd           | Web:      www.OpenFOAM.com                      |
|    \\/     M anipulation  |                                                 |
\*---------------------------------------------------------------------------*/
FoamFile
{
    version     2.0;
    format      ascii;
    class       volScalarField;
    location    "600";
    object      T;
}
// * * * * * * * * * * * * * * * * * * * * * * * * * * * * * * * * * * * * * //

dimensions      [0 0 0 1 0 0 0];

internalField   nonuniform List<scalar> 
4000
(
300.124
300.124
300.126
300.13
300.135
300.141
300.144
300.146
300.145
300.145
300.145
300.148
300.151
300.152
300.151
300.15
300.148
300.144
300.141
300.141
300.141
300.145
300.149
300.155
300.159
300.165
300.169
300.17
300.17
300.17
300.17
300.173
300.176
300.177
300.177
300.176
300.174
300.172
300.168
300.163
300.175
300.177
300.178
300.182
300.185
300.183
300.185
300.188
300.188
300.189
300.191
300.194
300.196
300.196
300.195
300.193
300.195
300.196
300.193
300.19
300.23
300.223
300.217
300.213
300.211
300.212
300.209
300.204
300.206
300.208
300.211
300.213
300.215
300.214
300.212
300.215
300.217
300.219
300.223
300.229
300.256
300.254
300.248
300.241
300.236
300.233
300.23
300.23
300.23
300.23
300.232
300.235
300.236
300.235
300.235
300.235
300.237
300.241
300.247
300.253
300.255
300.255
300.256
300.254
300.252
300.251
300.251
300.251
300.251
300.251
300.251
300.252
300.253
300.253
300.252
300.252
300.251
300.253
300.253
300.252
300.251
300.252
300.253
300.253
300.254
300.254
300.254
300.254
300.254
300.255
300.255
300.256
300.256
300.256
300.256
300.255
300.254
300.253
300.252
300.249
300.246
300.248
300.249
300.249
300.25
300.251
300.251
300.252
300.252
300.253
300.254
300.254
300.255
300.254
300.254
300.253
300.252
300.25
300.248
300.246
300.24
300.242
300.243
300.244
300.245
300.246
300.247
300.247
300.248
300.249
300.25
300.251
300.251
300.251
300.25
300.249
300.247
300.246
300.243
300.241
300.232
300.233
300.235
300.236
300.238
300.239
300.241
300.242
300.243
300.244
300.246
300.247
300.247
300.246
300.245
300.243
300.241
300.239
300.237
300.234
300.124
300.126
300.128
300.13
300.134
300.138
300.142
300.144
300.144
300.144
300.145
300.148
300.151
300.152
300.151
300.149
300.147
300.144
300.142
300.143
300.145
300.147
300.151
300.155
300.16
300.164
300.167
300.169
300.17
300.17
300.171
300.175
300.177
300.178
300.178
300.176
300.173
300.17
300.167
300.162
300.177
300.178
300.179
300.181
300.183
300.185
300.185
300.188
300.189
300.19
300.192
300.195
300.197
300.197
300.196
300.193
300.194
300.193
300.191
300.189
300.223
300.219
300.215
300.212
300.21
300.21
300.209
300.206
300.206
300.208
300.21
300.212
300.214
300.214
300.213
300.215
300.216
300.218
300.222
300.226
300.254
300.25
300.245
300.239
300.235
300.232
300.229
300.226
300.225
300.225
300.226
300.229
300.23
300.23
300.231
300.233
300.236
300.24
300.246
300.252
300.255
300.255
300.254
300.252
300.249
300.246
300.245
300.244
300.244
300.243
300.242
300.244
300.245
300.246
300.247
300.247
300.248
300.251
300.252
300.252
300.252
300.252
300.253
300.252
300.252
300.251
300.25
300.25
300.249
300.249
300.25
300.25
300.251
300.252
300.252
300.252
300.252
300.252
300.251
300.25
300.248
300.248
300.249
300.249
300.249
300.249
300.248
300.248
300.248
300.249
300.25
300.25
300.251
300.251
300.251
300.251
300.25
300.249
300.248
300.246
300.242
300.243
300.243
300.244
300.245
300.245
300.246
300.246
300.247
300.247
300.249
300.249
300.25
300.25
300.249
300.249
300.247
300.246
300.244
300.242
300.233
300.234
300.236
300.237
300.239
300.241
300.243
300.244
300.246
300.247
300.249
300.25
300.25
300.249
300.247
300.245
300.243
300.241
300.238
300.236
300.126
300.128
300.13
300.132
300.134
300.137
300.14
300.142
300.144
300.144
300.145
300.148
300.152
300.152
300.151
300.149
300.147
300.145
300.144
300.145
300.149
300.151
300.153
300.157
300.161
300.164
300.167
300.169
300.17
300.171
300.173
300.176
300.179
300.179
300.178
300.176
300.173
300.17
300.167
300.163
300.178
300.179
300.18
300.181
300.183
300.185
300.186
300.189
300.19
300.191
300.193
300.196
300.198
300.198
300.196
300.193
300.193
300.192
300.19
300.187
300.217
300.215
300.213
300.21
300.209
300.209
300.209
300.207
300.207
300.208
300.21
300.212
300.213
300.213
300.213
300.214
300.215
300.216
300.218
300.221
300.248
300.245
300.241
300.237
300.233
300.23
300.228
300.225
300.223
300.223
300.223
300.225
300.227
300.228
300.229
300.232
300.234
300.238
300.243
300.248
300.256
300.254
300.252
300.25
300.247
300.244
300.241
300.24
300.238
300.236
300.235
300.237
300.239
300.241
300.242
300.244
300.246
300.249
300.251
300.252
300.253
300.253
300.252
300.251
300.249
300.248
300.246
300.245
300.244
300.243
300.243
300.244
300.245
300.247
300.248
300.248
300.249
300.25
300.251
300.251
300.249
300.249
300.248
300.248
300.247
300.246
300.245
300.244
300.243
300.243
300.244
300.245
300.246
300.247
300.247
300.248
300.248
300.249
300.249
300.248
300.243
300.243
300.244
300.244
300.244
300.244
300.244
300.244
300.243
300.243
300.244
300.245
300.246
300.247
300.247
300.247
300.247
300.246
300.245
300.244
300.235
300.236
300.237
300.239
300.241
300.243
300.245
300.247
300.249
300.25
300.252
300.253
300.253
300.252
300.25
300.248
300.245
300.243
300.24
300.238
300.13
300.13
300.132
300.134
300.137
300.139
300.141
300.142
300.144
300.145
300.146
300.149
300.152
300.153
300.152
300.15
300.148
300.146
300.146
300.146
300.155
300.155
300.157
300.16
300.163
300.166
300.168
300.17
300.171
300.173
300.174
300.177
300.179
300.18
300.179
300.176
300.174
300.171
300.168
300.164
300.182
300.181
300.181
300.182
300.184
300.186
300.188
300.19
300.191
300.193
300.194
300.196
300.198
300.198
300.196
300.194
300.192
300.19
300.188
300.185
300.213
300.212
300.21
300.209
300.208
300.208
300.208
300.208
300.208
300.209
300.21
300.211
300.212
300.212
300.212
300.212
300.212
300.213
300.214
300.215
300.241
300.239
300.237
300.233
300.231
300.228
300.227
300.224
300.222
300.221
300.221
300.222
300.224
300.225
300.227
300.229
300.231
300.234
300.238
300.242
300.254
300.252
300.25
300.247
300.244
300.241
300.239
300.237
300.234
300.231
300.23
300.231
300.234
300.236
300.239
300.241
300.243
300.246
300.249
300.252
300.253
300.252
300.251
300.249
300.247
300.245
300.243
300.241
300.239
300.237
300.236
300.238
300.24
300.242
300.244
300.245
300.247
300.249
300.25
300.252
300.249
300.249
300.248
300.247
300.245
300.243
300.242
300.24
300.239
300.238
300.238
300.239
300.241
300.242
300.244
300.245
300.246
300.248
300.249
300.25
300.244
300.244
300.244
300.244
300.243
300.242
300.242
300.241
300.24
300.24
300.24
300.242
300.243
300.244
300.245
300.245
300.246
300.246
300.247
300.246
300.236
300.237
300.239
300.241
300.243
300.246
300.248
300.25
300.252
300.253
300.257
300.257
300.257
300.255
300.253
300.25
300.248
300.245
300.243
300.24
300.135
300.134
300.134
300.137
300.14
300.142
300.143
300.144
300.145
300.146
300.148
300.15
300.153
300.154
300.153
300.152
300.15
300.148
300.148
300.147
300.159
300.16
300.161
300.163
300.165
300.168
300.17
300.172
300.174
300.175
300.176
300.179
300.18
300.181
300.18
300.178
300.175
300.173
300.17
300.166
300.185
300.183
300.183
300.184
300.186
300.187
300.189
300.192
300.193
300.194
300.195
300.197
300.198
300.198
300.196
300.194
300.192
300.19
300.188
300.185
300.211
300.21
300.209
300.208
300.208
300.208
300.208
300.208
300.209
300.209
300.209
300.21
300.211
300.211
300.21
300.21
300.21
300.21
300.21
300.209
300.236
300.235
300.233
300.231
300.229
300.227
300.226
300.223
300.221
300.22
300.219
300.22
300.221
300.223
300.224
300.227
300.228
300.23
300.232
300.234
300.252
300.249
300.247
300.244
300.241
300.239
300.236
300.234
300.23
300.227
300.226
300.227
300.23
300.233
300.235
300.238
300.24
300.242
300.245
300.248
300.254
300.252
300.249
300.247
300.245
300.242
300.24
300.237
300.235
300.232
300.231
300.232
300.235
300.238
300.24
300.242
300.244
300.247
300.249
300.252
300.25
300.249
300.247
300.245
300.243
300.241
300.239
300.237
300.235
300.234
300.233
300.235
300.237
300.238
300.24
300.242
300.244
300.247
300.249
300.251
300.245
300.245
300.244
300.243
300.242
300.241
300.24
300.239
300.239
300.238
300.239
300.24
300.241
300.242
300.242
300.243
300.245
300.246
300.248
300.247
300.238
300.239
300.241
300.243
300.246
300.248
300.251
300.254
300.257
300.258
300.263
300.263
300.261
300.259
300.256
300.253
300.25
300.248
300.245
300.242
300.141
300.138
300.137
300.139
300.142
300.144
300.146
300.147
300.148
300.149
300.15
300.152
300.155
300.155
300.155
300.153
300.152
300.151
300.15
300.148
300.165
300.164
300.164
300.166
300.168
300.17
300.173
300.175
300.176
300.177
300.178
300.18
300.181
300.182
300.181
300.179
300.177
300.175
300.172
300.17
300.183
300.185
300.185
300.186
300.187
300.189
300.191
300.194
300.195
300.195
300.196
300.197
300.198
300.197
300.196
300.195
300.193
300.191
300.189
300.186
300.212
300.21
300.209
300.208
300.208
300.208
300.208
300.209
300.209
300.208
300.208
300.209
300.21
300.21
300.209
300.208
300.208
300.207
300.207
300.206
300.233
300.232
300.23
300.228
300.227
300.226
300.224
300.222
300.22
300.218
300.217
300.217
300.219
300.22
300.222
300.223
300.224
300.225
300.226
300.227
300.251
300.246
300.244
300.241
300.239
300.236
300.234
300.231
300.227
300.224
300.222
300.224
300.226
300.229
300.232
300.234
300.236
300.238
300.24
300.243
300.254
300.251
300.248
300.245
300.242
300.24
300.237
300.234
300.231
300.228
300.226
300.228
300.231
300.234
300.237
300.239
300.241
300.244
300.247
300.251
300.251
300.249
300.246
300.243
300.241
300.239
300.236
300.234
300.232
300.23
300.23
300.231
300.233
300.235
300.237
300.24
300.242
300.245
300.248
300.251
300.246
300.245
300.244
300.242
300.241
300.24
300.239
300.239
300.239
300.238
300.239
300.24
300.24
300.241
300.241
300.241
300.243
300.246
300.248
300.249
300.239
300.241
300.243
300.246
300.248
300.252
300.255
300.259
300.262
300.265
300.271
300.27
300.267
300.264
300.26
300.256
300.253
300.25
300.247
300.244
300.144
300.142
300.14
300.141
300.143
300.146
300.148
300.15
300.151
300.151
300.152
300.154
300.156
300.157
300.156
300.155
300.154
300.153
300.151
300.149
300.169
300.167
300.167
300.168
300.17
300.173
300.175
300.177
300.179
300.179
300.18
300.181
300.182
300.182
300.181
300.18
300.178
300.176
300.174
300.173
300.185
300.185
300.186
300.188
300.189
300.191
300.193
300.195
300.196
300.196
300.196
300.197
300.197
300.197
300.196
300.195
300.193
300.191
300.19
300.188
300.209
300.209
300.209
300.208
300.208
300.208
300.209
300.209
300.209
300.208
300.207
300.207
300.208
300.208
300.208
300.207
300.206
300.205
300.205
300.203
300.23
300.229
300.228
300.227
300.226
300.224
300.223
300.22
300.218
300.216
300.214
300.215
300.216
300.217
300.218
300.22
300.221
300.221
300.221
300.221
300.251
300.245
300.241
300.239
300.236
300.234
300.231
300.228
300.224
300.221
300.219
300.22
300.223
300.225
300.228
300.23
300.232
300.233
300.235
300.238
300.254
300.25
300.246
300.243
300.24
300.237
300.234
300.231
300.227
300.224
300.223
300.224
300.227
300.231
300.234
300.236
300.238
300.241
300.245
300.251
300.251
300.248
300.245
300.242
300.239
300.236
300.234
300.232
300.23
300.228
300.227
300.228
300.23
300.233
300.235
300.237
300.24
300.243
300.248
300.252
300.247
300.246
300.244
300.242
300.24
300.239
300.239
300.239
300.24
300.241
300.243
300.242
300.241
300.24
300.24
300.24
300.242
300.246
300.249
300.25
300.241
300.243
300.245
300.248
300.251
300.255
300.26
300.265
300.27
300.274
300.283
300.279
300.274
300.269
300.264
300.26
300.256
300.253
300.249
300.246
300.146
300.144
300.142
300.142
300.144
300.147
300.15
300.152
300.153
300.154
300.154
300.155
300.157
300.158
300.157
300.156
300.155
300.154
300.152
300.149
300.17
300.169
300.169
300.17
300.172
300.175
300.177
300.179
300.181
300.182
300.182
300.181
300.182
300.182
300.182
300.181
300.179
300.177
300.176
300.175
300.188
300.188
300.189
300.19
300.192
300.194
300.195
300.196
300.197
300.198
300.198
300.196
300.196
300.196
300.195
300.195
300.193
300.192
300.19
300.189
300.204
300.206
300.207
300.208
300.208
300.209
300.209
300.209
300.208
300.21
300.209
300.206
300.206
300.206
300.206
300.206
300.205
300.204
300.203
300.201
300.23
300.226
300.225
300.224
300.223
300.222
300.22
300.218
300.217
300.218
300.216
300.213
300.213
300.214
300.215
300.216
300.217
300.217
300.218
300.217
300.251
300.244
300.24
300.237
300.234
300.231
300.228
300.225
300.222
300.222
300.221
300.218
300.219
300.221
300.224
300.226
300.228
300.229
300.231
300.235
300.254
300.25
300.245
300.241
300.237
300.234
300.231
300.228
300.225
300.225
300.225
300.222
300.223
300.227
300.23
300.232
300.235
300.238
300.242
300.25
300.252
300.248
300.244
300.24
300.237
300.234
300.232
300.23
300.229
300.231
300.231
300.227
300.228
300.23
300.232
300.234
300.237
300.241
300.247
300.252
300.247
300.246
300.244
300.241
300.239
300.239
300.239
300.24
300.244
300.25
300.255
300.247
300.242
300.24
300.239
300.239
300.24
300.245
300.249
300.251
300.242
300.244
300.247
300.25
300.254
300.259
300.265
300.271
300.279
300.287
300.3
300.291
300.283
300.275
300.269
300.263
300.259
300.255
300.251
300.248
300.145
300.144
300.144
300.144
300.145
300.148
300.151
300.153
300.155
300.167
300.166
300.156
300.158
300.158
300.157
300.156
300.155
300.154
300.152
300.15
300.17
300.17
300.17
300.171
300.174
300.176
300.179
300.181
300.185
300.21
300.209
300.183
300.181
300.181
300.181
300.18
300.178
300.177
300.176
300.176
300.188
300.189
300.19
300.191
300.193
300.195
300.196
300.197
300.201
300.227
300.227
300.198
300.194
300.193
300.193
300.193
300.192
300.191
300.19
300.189
300.206
300.206
300.207
300.208
300.209
300.209
300.209
300.208
300.213
300.239
300.239
300.209
300.203
300.203
300.203
300.204
300.203
300.202
300.201
300.199
300.23
300.225
300.223
300.222
300.221
300.22
300.218
300.217
300.221
300.245
300.247
300.217
300.21
300.21
300.212
300.212
300.213
300.213
300.212
300.213
300.251
300.244
300.238
300.234
300.23
300.227
300.224
300.222
300.226
300.248
300.252
300.223
300.215
300.217
300.219
300.221
300.223
300.226
300.229
300.235
300.254
300.249
300.244
300.239
300.235
300.231
300.227
300.225
300.229
300.25
300.255
300.227
300.22
300.222
300.225
300.228
300.232
300.235
300.241
300.25
300.252
300.248
300.243
300.239
300.235
300.232
300.23
300.229
300.234
300.256
300.263
300.236
300.226
300.226
300.229
300.232
300.235
300.24
300.247
300.253
300.248
300.247
300.243
300.24
300.239
300.239
300.24
300.244
300.254
300.275
300.287
300.262
300.247
300.241
300.239
300.238
300.239
300.244
300.25
300.252
300.243
300.246
300.249
300.252
300.257
300.262
300.27
300.279
300.291
300.307
300.328
300.307
300.293
300.282
300.273
300.266
300.261
300.257
300.253
300.249
300.145
300.144
300.144
300.145
300.146
300.149
300.151
300.154
300.167
300.849
300.861
300.168
300.157
300.157
300.156
300.155
300.154
300.153
300.152
300.15
300.17
300.17
300.171
300.173
300.175
300.177
300.179
300.182
300.21
300.62
300.649
300.208
300.18
300.178
300.178
300.178
300.177
300.176
300.175
300.175
300.189
300.19
300.191
300.193
300.194
300.195
300.196
300.198
300.227
300.516
300.552
300.225
300.192
300.19
300.19
300.19
300.19
300.189
300.188
300.187
300.208
300.208
300.208
300.209
300.209
300.208
300.208
300.21
300.239
300.455
300.493
300.237
300.202
300.199
300.2
300.201
300.201
300.2
300.199
300.198
300.23
300.225
300.223
300.221
300.22
300.218
300.216
300.218
300.245
300.413
300.453
300.245
300.21
300.207
300.208
300.209
300.21
300.21
300.21
300.21
300.251
300.243
300.236
300.231
300.227
300.224
300.221
300.222
300.248
300.381
300.422
300.252
300.216
300.212
300.215
300.217
300.219
300.221
300.226
300.234
300.255
300.249
300.243
300.237
300.232
300.228
300.224
300.225
300.25
300.357
300.397
300.26
300.221
300.218
300.221
300.224
300.228
300.233
300.241
300.249
300.253
300.249
300.243
300.238
300.234
300.23
300.228
300.231
300.256
300.343
300.38
300.274
300.23
300.223
300.226
300.229
300.233
300.239
300.247
300.253
300.249
300.247
300.243
300.24
300.238
300.238
300.241
300.25
300.275
300.334
300.37
300.295
300.258
300.243
300.238
300.236
300.238
300.243
300.251
300.252
300.244
300.247
300.25
300.253
300.258
300.265
300.274
300.287
300.307
300.339
300.375
300.331
300.305
300.289
300.277
300.269
300.262
300.258
300.254
300.25
300.145
300.145
300.145
300.146
300.148
300.15
300.152
300.154
300.166
300.861
300.915
300.171
300.155
300.155
300.154
300.154
300.153
300.152
300.151
300.15
300.17
300.171
300.173
300.174
300.176
300.178
300.18
300.182
300.209
300.649
300.752
300.204
300.175
300.174
300.174
300.174
300.174
300.173
300.173
300.173
300.191
300.192
300.193
300.194
300.195
300.196
300.196
300.198
300.227
300.552
300.669
300.223
300.187
300.185
300.187
300.187
300.187
300.187
300.186
300.185
300.211
300.21
300.21
300.21
300.209
300.208
300.207
300.209
300.239
300.493
300.614
300.238
300.198
300.196
300.198
300.198
300.198
300.198
300.197
300.196
300.232
300.226
300.223
300.221
300.219
300.217
300.214
300.216
300.247
300.453
300.573
300.25
300.207
300.205
300.206
300.207
300.208
300.208
300.209
300.21
300.251
300.242
300.235
300.23
300.226
300.222
300.219
300.221
300.252
300.422
300.539
300.261
300.214
300.211
300.213
300.215
300.217
300.219
300.224
300.233
300.255
300.25
300.243
300.236
300.231
300.226
300.223
300.225
300.255
300.397
300.506
300.275
300.22
300.215
300.218
300.221
300.225
300.232
300.24
300.249
300.254
300.25
300.244
300.238
300.233
300.23
300.227
300.231
300.263
300.38
300.478
300.294
300.232
300.222
300.223
300.227
300.232
300.238
300.247
300.254
300.25
300.249
300.244
300.24
300.239
300.239
300.243
300.255
300.287
300.37
300.458
300.323
300.268
300.246
300.238
300.236
300.238
300.243
300.252
300.254
300.246
300.249
300.252
300.257
300.263
300.271
300.283
300.3
300.328
300.375
300.447
300.368
300.326
300.302
300.285
300.274
300.267
300.262
300.257
300.252
300.148
300.148
300.148
300.149
300.15
300.152
300.154
300.155
300.156
300.168
300.171
300.152
300.151
300.152
300.152
300.152
300.152
300.152
300.151
300.151
300.173
300.175
300.176
300.177
300.179
300.18
300.181
300.181
300.183
300.208
300.204
300.169
300.167
300.169
300.17
300.171
300.171
300.171
300.171
300.171
300.194
300.195
300.196
300.196
300.197
300.197
300.197
300.196
300.198
300.225
300.223
300.184
300.181
300.183
300.184
300.185
300.185
300.185
300.185
300.184
300.213
300.212
300.212
300.211
300.21
300.209
300.207
300.206
300.209
300.237
300.238
300.197
300.193
300.195
300.196
300.197
300.197
300.197
300.197
300.196
300.235
300.229
300.225
300.222
300.22
300.217
300.215
300.213
300.217
300.245
300.25
300.209
300.202
300.204
300.206
300.207
300.208
300.208
300.209
300.211
300.252
300.244
300.237
300.231
300.227
300.224
300.22
300.218
300.223
300.252
300.261
300.218
300.209
300.211
300.213
300.215
300.217
300.22
300.224
300.234
300.256
300.25
300.244
300.238
300.232
300.228
300.224
300.222
300.227
300.26
300.275
300.226
300.215
300.215
300.218
300.221
300.225
300.231
300.24
300.25
300.254
300.25
300.245
300.239
300.235
300.231
300.228
300.227
300.236
300.274
300.294
300.239
300.222
300.222
300.224
300.227
300.231
300.238
300.247
300.254
300.251
300.249
300.245
300.242
300.24
300.24
300.242
300.247
300.262
300.295
300.323
300.275
300.253
300.243
300.238
300.237
300.238
300.244
300.253
300.255
300.247
300.25
300.253
300.257
300.263
300.27
300.279
300.291
300.307
300.331
300.368
300.333
300.311
300.296
300.284
300.275
300.268
300.263
300.258
300.253
300.151
300.151
300.152
300.152
300.153
300.155
300.156
300.157
300.158
300.157
300.155
300.151
300.152
300.151
300.151
300.151
300.151
300.151
300.151
300.151
300.176
300.177
300.179
300.179
300.18
300.181
300.182
300.182
300.181
300.18
300.175
300.167
300.167
300.168
300.169
300.17
300.17
300.17
300.17
300.17
300.196
300.197
300.198
300.198
300.198
300.198
300.197
300.196
300.194
300.192
300.187
300.181
300.181
300.182
300.184
300.184
300.185
300.185
300.184
300.184
300.215
300.214
300.213
300.212
300.211
300.21
300.208
300.206
300.203
300.202
300.198
300.193
300.194
300.195
300.196
300.197
300.198
300.198
300.198
300.197
300.236
300.23
300.227
300.224
300.221
300.219
300.216
300.213
300.21
300.21
300.207
300.202
300.203
300.205
300.206
300.208
300.209
300.21
300.211
300.212
300.253
300.245
300.239
300.234
300.23
300.226
300.223
300.219
300.215
300.216
300.214
300.209
300.21
300.212
300.215
300.217
300.219
300.222
300.226
300.235
300.256
300.251
300.245
300.24
300.235
300.231
300.227
300.223
300.22
300.221
300.22
300.215
300.215
300.217
300.22
300.223
300.227
300.233
300.24
300.25
300.255
300.251
300.246
300.241
300.237
300.233
300.23
300.228
300.226
300.23
300.232
300.222
300.222
300.223
300.225
300.228
300.232
300.239
300.247
300.254
300.251
300.25
300.246
300.243
300.241
300.24
300.241
300.242
300.247
300.258
300.268
300.253
300.245
300.241
300.239
300.238
300.239
300.246
300.253
300.255
300.247
300.25
300.253
300.257
300.261
300.267
300.274
300.283
300.293
300.305
300.326
300.311
300.299
300.289
300.281
300.273
300.268
300.263
300.258
300.253
300.152
300.152
300.152
300.153
300.154
300.155
300.157
300.158
300.158
300.157
300.155
300.152
300.151
300.15
300.15
300.15
300.15
300.15
300.15
300.15
300.177
300.178
300.179
300.18
300.181
300.182
300.182
300.182
300.181
300.178
300.174
300.169
300.168
300.169
300.17
300.171
300.171
300.171
300.171
300.171
300.196
300.197
300.198
300.198
300.198
300.197
300.197
300.196
300.193
300.19
300.185
300.183
300.182
300.183
300.184
300.185
300.186
300.186
300.186
300.185
300.214
300.214
300.213
300.212
300.211
300.21
300.208
300.206
300.203
300.199
300.196
300.195
300.195
300.196
300.197
300.198
300.199
300.2
300.201
300.201
300.235
300.23
300.228
300.225
300.223
300.22
300.217
300.214
300.21
300.207
300.205
300.204
300.205
300.206
300.208
300.21
300.212
300.214
300.215
300.215
300.253
300.246
300.241
300.236
300.233
300.229
300.225
300.221
300.217
300.212
300.211
300.211
300.212
300.215
300.217
300.22
300.222
300.225
300.229
300.236
300.256
300.252
300.247
300.242
300.238
300.234
300.231
300.227
300.222
300.218
300.215
300.215
300.217
300.22
300.223
300.226
300.23
300.235
300.242
300.25
300.254
300.251
300.247
300.242
300.238
300.235
300.233
300.23
300.226
300.223
300.222
300.222
300.223
300.225
300.227
300.229
300.234
300.24
300.248
300.254
300.251
300.25
300.247
300.244
300.242
300.241
300.24
300.24
300.241
300.243
300.246
300.243
300.241
300.24
300.239
300.238
300.241
300.247
300.252
300.254
300.246
300.249
300.252
300.255
300.259
300.264
300.269
300.275
300.282
300.289
300.302
300.296
300.289
300.283
300.276
300.27
300.266
300.261
300.257
300.252
300.151
300.151
300.151
300.152
300.153
300.155
300.156
300.157
300.157
300.156
300.154
300.152
300.151
300.15
300.15
300.15
300.15
300.15
300.15
300.149
300.177
300.178
300.178
300.179
300.18
300.181
300.181
300.182
300.181
300.178
300.174
300.17
300.169
300.17
300.171
300.173
300.173
300.173
300.173
300.173
300.195
300.196
300.196
300.196
300.196
300.196
300.196
300.195
300.193
300.19
300.187
300.184
300.184
300.184
300.186
300.187
300.188
300.189
300.19
300.19
300.212
300.213
300.213
300.212
300.21
300.209
300.208
300.206
300.203
300.2
300.198
300.196
300.196
300.197
300.198
300.2
300.202
300.205
300.206
300.206
300.235
300.231
300.229
300.227
300.224
300.222
300.218
300.215
300.212
300.208
300.206
300.206
300.206
300.208
300.21
300.213
300.216
300.218
300.22
300.221
300.252
300.247
300.242
300.239
300.235
300.232
300.228
300.224
300.219
300.215
300.213
300.213
300.215
300.217
300.22
300.223
300.226
300.229
300.233
300.238
300.256
300.252
300.248
300.244
300.24
300.237
300.234
300.23
300.225
300.221
300.218
300.218
300.22
300.223
300.226
300.229
300.233
300.237
300.243
300.25
300.254
300.251
300.247
300.244
300.24
300.237
300.235
300.232
300.229
300.226
300.223
300.224
300.225
300.227
300.229
300.231
300.236
300.241
300.248
300.253
300.25
300.249
300.247
300.245
300.242
300.241
300.24
300.239
300.239
300.238
300.238
300.238
300.239
300.239
300.238
300.239
300.242
300.247
300.252
300.253
300.245
300.247
300.25
300.253
300.256
300.26
300.264
300.269
300.273
300.277
300.285
300.284
300.281
300.276
300.272
300.267
300.263
300.259
300.255
300.25
300.15
300.149
300.149
300.15
300.152
300.153
300.155
300.156
300.156
300.155
300.154
300.152
300.151
300.15
300.15
300.15
300.151
300.152
300.151
300.15
300.176
300.176
300.176
300.176
300.178
300.179
300.18
300.181
300.18
300.178
300.174
300.171
300.17
300.171
300.173
300.174
300.175
300.176
300.177
300.177
300.193
300.193
300.193
300.194
300.194
300.195
300.195
300.195
300.193
300.19
300.187
300.185
300.184
300.185
300.187
300.189
300.191
300.194
300.196
300.197
300.215
300.215
300.214
300.212
300.21
300.208
300.207
300.206
300.204
300.201
300.198
300.197
300.197
300.198
300.2
300.203
300.207
300.21
300.213
300.214
300.235
300.233
300.232
300.229
300.227
300.223
300.22
300.216
300.212
300.209
300.207
300.207
300.208
300.21
300.213
300.217
300.221
300.225
300.227
300.228
300.252
300.247
300.244
300.241
300.238
300.234
300.23
300.226
300.221
300.217
300.215
300.215
300.217
300.22
300.223
300.227
300.231
300.234
300.238
300.242
300.255
300.252
300.248
300.245
300.242
300.239
300.236
300.232
300.228
300.224
300.221
300.221
300.223
300.226
300.229
300.232
300.236
300.24
300.244
300.25
300.253
300.251
300.248
300.245
300.242
300.24
300.237
300.234
300.232
300.229
300.227
300.227
300.228
300.229
300.231
300.234
300.238
300.243
300.248
300.252
300.249
300.249
300.247
300.245
300.243
300.241
300.24
300.239
300.238
300.236
300.236
300.237
300.238
300.238
300.239
300.241
300.244
300.247
300.25
300.251
300.243
300.245
300.248
300.25
300.253
300.256
300.26
300.263
300.266
300.269
300.274
300.275
300.273
300.27
300.267
300.263
300.259
300.256
300.252
300.248
300.148
300.147
300.147
300.148
300.15
300.152
300.154
300.155
300.155
300.154
300.153
300.152
300.151
300.15
300.15
300.151
300.153
300.154
300.155
300.156
300.174
300.173
300.173
300.174
300.175
300.177
300.178
300.179
300.178
300.177
300.174
300.171
300.17
300.171
300.173
300.175
300.178
300.18
300.182
300.183
300.195
300.194
300.193
300.192
300.192
300.193
300.193
300.193
300.192
300.19
300.187
300.185
300.185
300.186
300.188
300.191
300.195
300.199
300.204
300.206
300.217
300.216
300.215
300.212
300.21
300.208
300.206
300.205
300.203
300.201
300.198
300.197
300.198
300.199
300.202
300.207
300.212
300.217
300.222
300.224
300.237
300.236
300.234
300.231
300.228
300.224
300.221
300.217
300.213
300.21
300.208
300.208
300.209
300.212
300.216
300.221
300.226
300.231
300.234
300.237
300.251
300.248
300.246
300.243
300.24
300.236
300.232
300.228
300.223
300.219
300.217
300.217
300.219
300.222
300.226
300.231
300.235
300.239
300.242
300.246
300.254
300.252
300.249
300.247
300.244
300.241
300.238
300.235
300.232
300.228
300.225
300.225
300.227
300.23
300.233
300.236
300.239
300.242
300.246
300.25
300.252
300.25
300.248
300.246
300.244
300.242
300.24
300.237
300.235
300.233
300.232
300.231
300.232
300.234
300.236
300.238
300.241
300.244
300.248
300.25
300.247
300.247
300.247
300.246
300.245
300.243
300.242
300.24
300.239
300.238
300.238
300.238
300.239
300.241
300.242
300.244
300.246
300.247
300.249
300.249
300.241
300.243
300.245
300.248
300.25
300.253
300.256
300.259
300.261
300.262
300.267
300.268
300.268
300.266
300.263
300.259
300.256
300.253
300.249
300.245
300.144
300.144
300.145
300.146
300.148
300.151
300.153
300.154
300.154
300.153
300.152
300.152
300.151
300.15
300.15
300.152
300.154
300.158
300.161
300.163
300.172
300.17
300.17
300.171
300.173
300.175
300.176
300.177
300.177
300.176
300.173
300.171
300.17
300.171
300.173
300.176
300.18
300.184
300.189
300.194
300.196
300.193
300.192
300.19
300.19
300.191
300.191
300.192
300.191
300.189
300.187
300.185
300.185
300.186
300.189
300.194
300.199
300.206
300.213
300.218
300.219
300.218
300.216
300.213
300.21
300.207
300.205
300.204
300.202
300.2
300.198
300.197
300.198
300.2
300.205
300.21
300.217
300.225
300.231
300.235
300.241
300.24
300.238
300.234
300.23
300.225
300.221
300.217
300.213
300.21
300.208
300.208
300.21
300.214
300.218
300.225
300.231
300.237
300.241
300.244
300.253
300.251
300.249
300.246
300.242
300.238
300.233
300.229
300.226
300.221
300.219
300.22
300.222
300.225
300.229
300.234
300.239
300.242
300.245
300.248
300.253
300.252
300.25
300.249
300.247
300.244
300.241
300.238
300.235
300.233
300.232
300.231
300.233
300.235
300.237
300.24
300.242
300.245
300.247
300.249
300.25
300.249
300.249
300.248
300.247
300.245
300.243
300.241
300.24
300.239
300.238
300.238
300.239
300.24
300.241
300.243
300.244
300.246
300.247
300.249
300.246
300.246
300.246
300.246
300.246
300.246
300.246
300.245
300.244
300.243
300.243
300.244
300.246
300.247
300.247
300.247
300.247
300.247
300.247
300.247
300.239
300.241
300.243
300.245
300.248
300.25
300.253
300.255
300.257
300.258
300.262
300.263
300.263
300.261
300.259
300.256
300.253
300.249
300.246
300.242
300.141
300.142
300.144
300.146
300.148
300.15
300.151
300.152
300.152
300.152
300.151
300.151
300.151
300.15
300.15
300.151
300.155
300.161
300.167
300.173
300.168
300.167
300.167
300.168
300.17
300.172
300.174
300.176
300.176
300.175
300.173
300.171
300.17
300.171
300.173
300.177
300.182
300.189
300.198
300.206
300.193
300.191
300.19
300.188
300.188
300.189
300.19
300.19
300.19
300.188
300.186
300.185
300.184
300.186
300.19
300.196
300.204
300.213
300.223
300.23
300.223
300.222
300.218
300.214
300.21
300.207
300.205
300.203
300.201
300.199
300.197
300.197
300.198
300.201
300.206
300.213
300.222
300.231
300.238
300.243
300.247
300.246
300.243
300.238
300.232
300.226
300.221
300.218
300.212
300.21
300.209
300.209
300.211
300.215
300.22
300.227
300.234
300.241
300.245
300.247
300.253
300.252
300.251
300.249
300.245
300.24
300.235
300.231
300.229
300.226
300.224
300.224
300.226
300.229
300.233
300.238
300.242
300.245
300.247
300.248
300.252
300.251
300.251
300.25
300.249
300.247
300.245
300.242
300.241
300.241
300.24
300.24
300.24
300.242
300.243
300.244
300.246
300.247
300.247
300.248
300.248
300.248
300.249
300.249
300.249
300.248
300.248
300.247
300.247
300.247
300.247
300.247
300.247
300.248
300.248
300.248
300.248
300.247
300.247
300.246
300.243
300.244
300.245
300.247
300.248
300.248
300.249
300.249
300.25
300.251
300.252
300.253
300.253
300.252
300.252
300.25
300.249
300.247
300.246
300.244
300.237
300.238
300.24
300.243
300.245
300.247
300.249
300.251
300.253
300.254
300.257
300.258
300.258
300.257
300.255
300.252
300.249
300.246
300.243
300.239
300.141
300.143
300.145
300.146
300.147
300.148
300.149
300.149
300.15
300.15
300.15
300.151
300.151
300.15
300.149
300.15
300.156
300.163
300.173
300.184
300.163
300.162
300.163
300.164
300.166
300.17
300.173
300.175
300.176
300.175
300.173
300.171
300.17
300.171
300.173
300.177
300.183
300.194
300.206
300.219
300.19
300.189
300.187
300.185
300.185
300.186
300.188
300.189
300.189
300.187
300.185
300.184
300.184
300.185
300.19
300.197
300.206
300.218
300.23
300.24
300.229
300.226
300.221
300.215
300.209
300.206
300.203
300.201
300.199
300.198
300.196
300.196
300.197
300.201
300.206
300.214
300.224
300.235
300.243
300.246
300.253
300.252
300.248
300.242
300.234
300.227
300.221
300.217
300.213
300.21
300.21
300.211
300.212
300.215
300.221
300.228
300.237
300.244
300.247
300.247
300.252
300.252
300.252
300.252
300.248
300.243
300.238
300.235
300.235
300.234
300.233
300.234
300.235
300.236
300.238
300.242
300.246
300.248
300.248
300.247
300.249
300.25
300.251
300.252
300.252
300.251
300.251
300.25
300.25
300.249
300.249
300.25
300.25
300.25
300.25
300.25
300.25
300.249
300.248
300.245
300.246
300.246
300.248
300.25
300.251
300.251
300.252
300.252
300.253
300.253
300.254
300.254
300.254
300.254
300.253
300.252
300.25
300.249
300.246
300.243
300.241
300.242
300.244
300.246
300.247
300.249
300.25
300.251
300.252
300.252
300.254
300.255
300.255
300.254
300.253
300.251
300.249
300.247
300.244
300.24
300.234
300.236
300.238
300.24
300.242
300.244
300.246
300.248
300.249
300.25
300.252
300.253
300.253
300.252
300.25
300.248
300.245
300.242
300.239
300.235
)
;

boundaryField
{
    floor
    {
        type            fixedValue;
        value           nonuniform List<scalar> 
400
(
300
300
300
300
300
300
300
300
300
300
300
300
300
300
300
300
300
300
300
300
300
300
300
300
300
300
300
300
300
300
300
300
300
300
300
300
300
300
300
300
300
300
300
300
300
300
300
300
300
300
300
300
300
300
300
300
300
300
300
300
300
300
300
300
300
300
300
300
300
300
300
300
300
300
300
300
300
300
300
300
300
300
300
300
300
300
300
300
300
300
300
300
300
300
300
300
300
300
300
300
300
300
300
300
300
300
300
300
300
300
300
300
300
300
300
300
300
300
300
300
300
300
300
300
300
300
300
300
300
300
300
300
300
300
300
300
300
300
300
300
300
300
300
300
300
300
300
300
300
300
300
300
300
300
300
300
300
300
300
300
300
300
300
300
300
300
300
300
300
300
300
300
300
300
300
300
300
300
300
300
300
300
300
300
300
300
300
300
300
600
600
300
300
300
300
300
300
300
300
300
300
300
300
300
300
300
300
300
300
600
600
300
300
300
300
300
300
300
300
300
300
300
300
300
300
300
300
300
300
300
300
300
300
300
300
300
300
300
300
300
300
300
300
300
300
300
300
300
300
300
300
300
300
300
300
300
300
300
300
300
300
300
300
300
300
300
300
300
300
300
300
300
300
300
300
300
300
300
300
300
300
300
300
300
300
300
300
300
300
300
300
300
300
300
300
300
300
300
300
300
300
300
300
300
300
300
300
300
300
300
300
300
300
300
300
300
300
300
300
300
300
300
300
300
300
300
300
300
300
300
300
300
300
300
300
300
300
300
300
300
300
300
300
300
300
300
300
300
300
300
300
300
300
300
300
300
300
300
300
300
300
300
300
300
300
300
300
300
300
300
300
300
300
300
300
300
300
300
300
300
300
300
300
300
300
300
300
300
300
300
300
300
300
300
300
300
300
300
300
300
)
;
    }
    ceiling
    {
        type            fixedValue;
        value           uniform 300;
    }
    fixedWalls
    {
        type            zeroGradient;
    }
}


// ************************************************************************* //
