/*--------------------------------*- C++ -*----------------------------------*\
| =========                 |                                                 |
| \\      /  F ield         | OpenFOAM: The Open Source CFD Toolbox           |
|  \\    /   O peration     | Version:  1.7.1                                 |
|   \\  /    A nd           | Web:      www.OpenFOAM.com                      |
|    \\/     M anipulation  |                                                 |
\*---------------------------------------------------------------------------*/
FoamFile
{
    version     2.0;
    format      ascii;
    class       volScalarField;
    location    "1200";
    object      alphat;
}
// * * * * * * * * * * * * * * * * * * * * * * * * * * * * * * * * * * * * * //

dimensions      [1 -1 -1 0 0 0 0];

internalField   nonuniform List<scalar> 
4000
(
0.000133282
0.000137328
0.000139311
0.000140139
0.000140235
0.000140079
0.000139624
0.000138232
0.000135391
0.000132285
0.000130787
0.000130607
0.000130963
0.000131053
0.000131042
0.000132334
0.000133242
0.0001325
0.000129569
0.000123303
0.000154748
0.000163412
0.000166558
0.000168494
0.000170056
0.000170223
0.000169278
0.000167881
0.000165783
0.000163288
0.000160213
0.000157027
0.000155237
0.000154648
0.000154737
0.000155527
0.000156049
0.000155598
0.000153841
0.000141378
0.000192017
0.000189494
0.000183148
0.000179637
0.000185936
0.000187207
0.000185528
0.000186742
0.000187313
0.0001888
0.000188573
0.000185596
0.000181747
0.000179091
0.000178624
0.000177964
0.000177258
0.000174358
0.000174615
0.000173999
0.000313923
0.000283005
0.0002538
0.000235351
0.00022222
0.000207473
0.000188981
0.000197377
0.000200633
0.000203329
0.000204269
0.000201693
0.000197741
0.000193383
0.00018793
0.000207131
0.000228379
0.000252512
0.00028445
0.000305905
0.000373653
0.00036364
0.000343848
0.00031768
0.000291179
0.000267104
0.000252768
0.000237313
0.000225889
0.000226409
0.000228475
0.000228285
0.000232782
0.000249921
0.000273929
0.000298974
0.000325042
0.0003484
0.00035978
0.000364626
0.000393804
0.000391032
0.000382276
0.000371229
0.000359714
0.000347344
0.00033295
0.000318126
0.000310286
0.00030902
0.000319787
0.000328112
0.000335866
0.000346047
0.000360752
0.000370847
0.000379376
0.000386068
0.000388968
0.000386425
0.00040638
0.000412837
0.00041621
0.000419194
0.000422282
0.000424195
0.000423413
0.000419907
0.000414637
0.000410242
0.000421563
0.000432046
0.000437353
0.00043895
0.000437621
0.000433556
0.000427742
0.000420813
0.000411848
0.000400381
0.000417073
0.000433561
0.000449425
0.000463894
0.000476423
0.000486016
0.000491823
0.000493305
0.000490146
0.000483759
0.00049452
0.00050526
0.000508691
0.000505952
0.000498385
0.000486858
0.000471965
0.000454255
0.000433844
0.000412516
0.000429056
0.000455905
0.000481946
0.0005049
0.000524793
0.000540983
0.000552796
0.000559273
0.000558921
0.000551196
0.000561413
0.000572114
0.000572913
0.000565651
0.000552513
0.000534723
0.000512821
0.000487139
0.000457205
0.000425874
0.000444961
0.000483379
0.00051903
0.000549468
0.000576
0.000598507
0.000616531
0.000629057
0.000634269
0.000628621
0.000637058
0.000642909
0.000637928
0.000625261
0.000606873
0.00058375
0.000556186
0.000523988
0.000485514
0.000443034
0.000137328
0.00014942
0.000155418
0.000158874
0.000160915
0.000163272
0.000164759
0.000162067
0.000156284
0.000151378
0.000149835
0.000150429
0.000152204
0.000154382
0.000155933
0.00015545
0.000153224
0.000148843
0.000142001
0.000127728
0.000163412
0.000324989
0.000371617
0.000415496
0.000467376
0.000507842
0.000518472
0.000518486
0.000509947
0.000496191
0.000481607
0.00047486
0.000477747
0.000485206
0.000489313
0.000473196
0.000447103
0.00041843
0.000360623
0.00014814
0.000189494
0.000283787
0.000355264
0.000462566
0.000533144
0.000555454
0.000545995
0.000556488
0.000562818
0.000572066
0.000572968
0.000560231
0.00054297
0.000531092
0.000520053
0.000508229
0.000499838
0.000480872
0.000380312
0.000172944
0.000283004
0.00032941
0.000339777
0.000364755
0.000396095
0.000420996
0.000492689
0.00048929
0.000468668
0.000483316
0.000496578
0.000479685
0.000466353
0.000490755
0.000511253
0.000420632
0.000374453
0.00035729
0.000336061
0.000274753
0.00036364
0.000474429
0.000466542
0.000430919
0.000399666
0.000379343
0.00037283
0.000372527
0.000372542
0.000375578
0.000380142
0.00037281
0.000371208
0.000382675
0.000392872
0.000403353
0.000433972
0.000464476
0.00045966
0.00035199
0.000391032
0.000504271
0.000525595
0.000512589
0.000479967
0.000442377
0.000412932
0.000390324
0.000375229
0.000367334
0.000371981
0.000379668
0.000391026
0.000412731
0.000445412
0.000484553
0.0005089
0.000514143
0.000488604
0.000382205
0.000412837
0.00053801
0.000575799
0.000588988
0.000593428
0.00058136
0.00054677
0.000505718
0.000473286
0.000458613
0.000477722
0.000507318
0.000537612
0.000570658
0.000599034
0.000599904
0.000587163
0.000565596
0.000522954
0.000406547
0.000433561
0.000570349
0.000624856
0.000665401
0.000703409
0.000729949
0.000739673
0.000730964
0.000702346
0.000670235
0.000705084
0.000759675
0.000784326
0.000780324
0.000755412
0.000715687
0.000667638
0.000617939
0.000557505
0.000429167
0.000455905
0.000588707
0.000654868
0.000705267
0.000752507
0.000791465
0.00081709
0.000823834
0.000801779
0.000753908
0.000794717
0.000861173
0.000882708
0.000866854
0.000828472
0.000776816
0.000716934
0.000655476
0.000581142
0.000452989
0.000483379
0.000528173
0.000571226
0.000609596
0.000644154
0.000674326
0.000699268
0.000717376
0.00072628
0.000722596
0.000730944
0.00073479
0.000725799
0.000707174
0.000681588
0.000650668
0.00061514
0.0005753
0.000529993
0.000482084
0.000139311
0.000155418
0.000163129
0.000167764
0.000171389
0.000175893
0.000179338
0.000177791
0.000172436
0.000168198
0.000166932
0.000167342
0.000168597
0.000169871
0.000169629
0.000167158
0.000163329
0.000157719
0.000148761
0.000129353
0.000166558
0.000371618
0.000427596
0.000480159
0.000547449
0.000608499
0.00063795
0.000649692
0.000642678
0.000620343
0.000598612
0.000594427
0.000603745
0.000616069
0.000621175
0.0006
0.000562946
0.000514376
0.000422619
0.000152207
0.000183148
0.000355265
0.000461634
0.000570914
0.000641673
0.000670134
0.0006802
0.000698056
0.000714443
0.000733644
0.000737726
0.00072491
0.000701804
0.000685619
0.000674302
0.000641058
0.000623635
0.000595138
0.000515877
0.00018355
0.0002538
0.000339778
0.000388578
0.000441691
0.000494496
0.00054837
0.000614669
0.000604894
0.000596065
0.000622221
0.000640205
0.00062515
0.000599691
0.000629864
0.000690454
0.000600299
0.000492251
0.000427933
0.000365062
0.000245232
0.000343848
0.000466542
0.000484231
0.00047048
0.00045755
0.000452558
0.000460235
0.000478325
0.000493652
0.000500652
0.000509831
0.000520447
0.000509464
0.000496852
0.000487474
0.000472713
0.000471819
0.000476955
0.000450197
0.000331461
0.000382276
0.000525595
0.000569613
0.000563552
0.000528874
0.000493018
0.000467861
0.000451656
0.000443304
0.000446264
0.000452308
0.000446984
0.000449125
0.000463599
0.000486979
0.000517439
0.000544063
0.000543185
0.000500204
0.00037243
0.00041621
0.000575799
0.000641539
0.000664156
0.000659138
0.000626261
0.000591123
0.000560189
0.000538262
0.000528167
0.000538594
0.000548
0.000562321
0.000586758
0.000617028
0.000643662
0.000640482
0.000613019
0.000550891
0.000409903
0.000449425
0.000624856
0.000722294
0.000790342
0.000842834
0.000869398
0.000864232
0.000844929
0.000817435
0.000792449
0.000820263
0.000855815
0.000873596
0.000879618
0.000871621
0.000831674
0.000768969
0.000694517
0.000600913
0.000445226
0.000481946
0.000654867
0.000803515
0.000939395
0.00106402
0.00116316
0.00123839
0.00128154
0.00128743
0.00127017
0.00130753
0.00134235
0.00134436
0.00129264
0.00119955
0.00108163
0.000936253
0.000785191
0.000636209
0.000479026
0.00051903
0.000571226
0.000620746
0.000665563
0.000706435
0.000742656
0.000773257
0.000796172
0.000808466
0.000806447
0.000814731
0.000816579
0.000803707
0.000779837
0.000748252
0.000711119
0.000669324
0.000623388
0.000572338
0.000517849
0.000140139
0.000158874
0.000167764
0.000173037
0.000178062
0.000183957
0.00018959
0.000190587
0.000186138
0.00018213
0.000180771
0.000180523
0.000180558
0.000180415
0.000179806
0.000176423
0.000171215
0.000164265
0.000153311
0.000130188
0.000168494
0.000415497
0.000480161
0.000529185
0.000590047
0.000651351
0.000696184
0.000722402
0.000731124
0.000710215
0.000689089
0.000690014
0.000702744
0.0007099
0.000700951
0.000677292
0.000630325
0.000566803
0.000457171
0.000154634
0.000179637
0.000462568
0.000570915
0.000645627
0.000693464
0.000723007
0.000757011
0.000783679
0.000814986
0.000845462
0.000855335
0.000844793
0.000818058
0.000789317
0.000771346
0.000732671
0.000685371
0.000641132
0.000545613
0.000185741
0.000235351
0.000364756
0.000441692
0.000509132
0.000575301
0.000642158
0.000684708
0.000684745
0.000700351
0.000737861
0.000762858
0.000751373
0.000716288
0.000710262
0.000764856
0.000743489
0.000617556
0.00050243
0.000395597
0.000224445
0.000317679
0.000430919
0.00047048
0.000483846
0.000492601
0.000505794
0.000532645
0.000563689
0.000588342
0.00061521
0.000638585
0.000641043
0.00063191
0.000603474
0.00057251
0.000531191
0.000496133
0.000465022
0.00041479
0.000303803
0.000371228
0.000512589
0.000563552
0.000566327
0.000545367
0.000523956
0.000510837
0.000509158
0.000525962
0.000564896
0.00057937
0.000540952
0.000515064
0.000511525
0.000517359
0.000526357
0.0005348
0.000526245
0.000480903
0.000360954
0.000419194
0.000588988
0.000664155
0.000692032
0.000686018
0.000667081
0.00064854
0.000638282
0.000639222
0.000651886
0.000648309
0.000621652
0.000609122
0.000615006
0.000629914
0.000643877
0.000644665
0.000620196
0.000559213
0.000413305
0.000463893
0.000665401
0.000790342
0.000883127
0.000954821
0.000990182
0.000998184
0.000988141
0.00096571
0.000943304
0.000954747
0.000972968
0.000978321
0.000971302
0.000949297
0.000904502
0.000834424
0.000745572
0.000636014
0.000459926
0.000504899
0.000705267
0.000939395
0.00119405
0.00144037
0.00160475
0.00168271
0.00167169
0.00160138
0.0014968
0.00152833
0.00164206
0.00169705
0.00168399
0.00159769
0.00143312
0.00117615
0.00090657
0.000681385
0.000501938
0.000549468
0.000609596
0.000665563
0.000716681
0.00076373
0.000805974
0.000842479
0.000870957
0.000887662
0.000889056
0.000896779
0.000895183
0.000877305
0.000847404
0.000809525
0.000766283
0.000718458
0.0006667
0.000609911
0.000548143
0.000140235
0.000160915
0.000171389
0.000178062
0.000183733
0.000190363
0.000197729
0.000201978
0.000199775
0.000195121
0.000192807
0.000191624
0.000191504
0.000191943
0.00019002
0.000185637
0.000178997
0.000170022
0.000156791
0.000130149
0.000170057
0.000467378
0.000547451
0.000590048
0.000634121
0.000684926
0.000733852
0.000772895
0.00080157
0.000796666
0.000782142
0.000790134
0.000798968
0.000779526
0.000753096
0.000720565
0.000668474
0.000596453
0.000477695
0.000155893
0.000185936
0.000533146
0.000641674
0.000693465
0.000727382
0.000768657
0.00080848
0.000844952
0.000890039
0.000928113
0.000944132
0.000941527
0.00091222
0.00086923
0.000832718
0.000794916
0.000730419
0.000650926
0.000534508
0.000183238
0.00022222
0.000396096
0.000494497
0.000575301
0.000649434
0.000703227
0.000729074
0.000743114
0.00077949
0.000829672
0.000859534
0.000855108
0.000817089
0.000777595
0.000781708
0.000795918
0.000723763
0.000594692
0.000441372
0.000199509
0.000291178
0.000399666
0.00045755
0.000492602
0.000521187
0.000555398
0.000594987
0.000633363
0.000671017
0.000718559
0.00074978
0.000742936
0.000725409
0.000694153
0.000648479
0.000591861
0.000526145
0.000463411
0.000388513
0.000278219
0.000359713
0.000479966
0.000528873
0.000545366
0.000545418
0.00054266
0.000546698
0.00056727
0.00061766
0.000696315
0.000719295
0.000650643
0.000591106
0.000559268
0.000543663
0.000531114
0.000515568
0.000489967
0.000446219
0.000349142
0.000422282
0.000593427
0.000659137
0.000686018
0.000698429
0.000700997
0.000703905
0.000716654
0.000748615
0.000809099
0.000789074
0.00070784
0.000664037
0.000647769
0.000642869
0.0006367
0.000621758
0.000599606
0.000559299
0.000416927
0.000476423
0.000703408
0.000842833
0.000954821
0.00103881
0.00108378
0.00110118
0.00110049
0.00108702
0.00107663
0.00106806
0.00106428
0.00105926
0.00104052
0.00100597
0.000951598
0.000872635
0.000783041
0.000671
0.00047267
0.000524793
0.000752506
0.00106402
0.00144037
0.00172814
0.00186125
0.00193122
0.00193741
0.00185103
0.00169809
0.00172017
0.00186886
0.00193929
0.00191127
0.00181609
0.00166892
0.00140116
0.00102091
0.000725722
0.000521758
0.000576
0.000644154
0.000706435
0.00076373
0.000817013
0.000866671
0.000910944
0.000946922
0.000970759
0.000979302
0.000986511
0.000977503
0.0009523
0.000914763
0.000868949
0.000817827
0.000763815
0.000706365
0.000643791
0.000574463
0.000140079
0.000163272
0.000175893
0.000183957
0.000190363
0.000197097
0.000205549
0.000212573
0.000214201
0.000209415
0.000205439
0.000205239
0.000205648
0.000203573
0.000198996
0.000192875
0.000185087
0.00017463
0.00015895
0.000129625
0.000170223
0.000507842
0.0006085
0.000651352
0.000684926
0.000724947
0.000769536
0.000811456
0.000844466
0.000857293
0.000862301
0.000875329
0.000863973
0.000831606
0.000788305
0.000743226
0.000689198
0.000613881
0.000487018
0.000155637
0.000187207
0.000555455
0.000670135
0.000723008
0.000768657
0.00081112
0.000849182
0.000888773
0.000924353
0.000931496
0.000946505
0.000974699
0.000966345
0.000923532
0.000869554
0.00081928
0.000759539
0.000673592
0.00053774
0.000179741
0.000207473
0.000420997
0.000548371
0.000642159
0.000703227
0.000740087
0.000762954
0.000790943
0.000826424
0.00084346
0.000866218
0.000891541
0.000876831
0.000832791
0.000794002
0.000778726
0.000746901
0.000665641
0.00052968
0.000189583
0.000267103
0.000379343
0.000452559
0.000505794
0.000555398
0.000603683
0.000649197
0.000693506
0.000738854
0.000778492
0.000805889
0.000811268
0.00079434
0.000757297
0.000706454
0.000645208
0.000567452
0.00048064
0.000382233
0.00025778
0.000347343
0.000442376
0.000493018
0.000523956
0.00054266
0.000558808
0.000583085
0.000627016
0.000703755
0.0007997
0.00082623
0.000753286
0.000672097
0.000613776
0.000572481
0.000538855
0.000504354
0.000462541
0.000411925
0.000337228
0.000424195
0.000581359
0.00062626
0.00066708
0.000700997
0.000726004
0.000748239
0.000781929
0.000848786
0.000954191
0.000926995
0.000797261
0.000719523
0.000682233
0.00065819
0.000631918
0.00059762
0.000562145
0.000539487
0.00041937
0.000486016
0.000729949
0.000869397
0.000990181
0.00108377
0.00113878
0.00116695
0.00117324
0.00116369
0.00116369
0.00114128
0.00112182
0.00111432
0.0010886
0.00104175
0.00097615
0.00088769
0.000788735
0.000692973
0.00048243
0.000540983
0.000791464
0.00116316
0.00160475
0.00186125
0.00201837
0.00211492
0.00211919
0.00197852
0.00173582
0.00174254
0.00197922
0.00211135
0.00208985
0.00196656
0.00178451
0.00154052
0.00111528
0.000762256
0.000537829
0.000598507
0.000674326
0.000742655
0.000805974
0.000866671
0.000924399
0.000976954
0.00102143
0.0010542
0.00107334
0.0010805
0.00106087
0.00102648
0.000980305
0.000926062
0.000866852
0.000805143
0.00074189
0.000673487
0.000596724
0.000139624
0.00016476
0.000179339
0.00018959
0.00019773
0.000205549
0.000214256
0.000223168
0.000229276
0.000229976
0.000226413
0.000224188
0.000220248
0.000213916
0.000206422
0.000198003
0.000188322
0.000176202
0.000158982
0.000128847
0.000169278
0.000518472
0.000637951
0.000696186
0.000733853
0.000769536
0.000806393
0.000840792
0.00085367
0.000836402
0.00086502
0.000909072
0.000907014
0.000869231
0.000814328
0.00075748
0.000698267
0.000622534
0.000493319
0.000154846
0.000185528
0.000545996
0.0006802
0.000757011
0.00080848
0.000849182
0.000884891
0.000910511
0.000883888
0.000773773
0.000792263
0.00091431
0.000976433
0.000955216
0.000894933
0.000829
0.000762491
0.000680914
0.00054514
0.00017885
0.000188981
0.000492692
0.000614671
0.000684708
0.000729074
0.000762954
0.000795137
0.000822623
0.000796952
0.00068177
0.000708639
0.000815569
0.000887171
0.000868609
0.00081493
0.000761208
0.000709655
0.00064031
0.000519855
0.000194985
0.000252768
0.00037283
0.000460236
0.000532646
0.000594987
0.000649197
0.000698407
0.000743144
0.00075009
0.000673219
0.000706561
0.000786783
0.000830415
0.000798535
0.000742294
0.000677905
0.000601133
0.000505056
0.000386078
0.000233729
0.000332949
0.000412931
0.000467861
0.000510838
0.000546699
0.000583085
0.000627354
0.000687566
0.000752609
0.000751998
0.000784195
0.000803305
0.000745778
0.000673694
0.000611222
0.000555516
0.000500979
0.000444048
0.000385625
0.000326645
0.000423413
0.000546768
0.000591122
0.000648539
0.000703905
0.000748239
0.00078728
0.000840247
0.000922399
0.000972906
0.000959571
0.000877778
0.000780494
0.000722079
0.000681281
0.000635764
0.000581023
0.000528517
0.000504657
0.000419527
0.000491823
0.000739672
0.000864231
0.000998183
0.00110118
0.00116695
0.00120193
0.00120551
0.0011902
0.00118628
0.00117248
0.00114691
0.00114164
0.00112016
0.00106806
0.000990948
0.000890366
0.00077594
0.000693599
0.00048829
0.000552796
0.000817089
0.00123839
0.00168271
0.00193122
0.00211492
0.00221811
0.00217647
0.00191554
0.00160921
0.00163332
0.00190824
0.00214832
0.00218621
0.00206607
0.00186028
0.00159599
0.00118231
0.000782543
0.000549289
0.000616531
0.000699268
0.000773256
0.000842479
0.000910944
0.000976953
0.00103861
0.00109339
0.0011395
0.00117917
0.00118761
0.00114701
0.00109832
0.0010416
0.000978284
0.000910824
0.000841362
0.000772002
0.000697947
0.000614351
0.000138232
0.000162067
0.000177791
0.000190588
0.000201978
0.000212574
0.000223168
0.000235
0.000246249
0.000256004
0.000255381
0.000247257
0.000236169
0.000223789
0.000212416
0.000201242
0.000189246
0.000175136
0.000156473
0.000127173
0.000167881
0.000518487
0.000649694
0.000722403
0.000772897
0.000811457
0.000840792
0.000843329
0.000770603
0.000619298
0.000685929
0.000861195
0.000915699
0.000893203
0.000837625
0.000774601
0.000707181
0.000624546
0.000488306
0.000152808
0.000186743
0.000556489
0.000698057
0.000783679
0.000844953
0.000888773
0.000910511
0.000868016
0.000688136
0.000552792
0.000610472
0.000745688
0.000918564
0.000960262
0.000916811
0.000847062
0.000770054
0.000680921
0.00054099
0.000176312
0.000197378
0.000489292
0.000604895
0.000684746
0.000743115
0.000790943
0.000822623
0.000786415
0.000608851
0.000635543
0.000730551
0.000668779
0.000823169
0.000878737
0.000837238
0.000769237
0.000695312
0.000610783
0.000490937
0.000192304
0.000237312
0.000372528
0.000478327
0.00056369
0.000633364
0.000693507
0.000743145
0.000740543
0.000598158
0.000751886
0.000895761
0.00068546
0.000786443
0.000817036
0.00076686
0.000697585
0.000618477
0.000521941
0.00039051
0.000210146
0.000318125
0.000390324
0.000451656
0.000509159
0.000567271
0.000627016
0.000687566
0.000725521
0.000641602
0.000854075
0.00103638
0.000732591
0.00077084
0.00073431
0.000662087
0.000586526
0.00050904
0.000432519
0.000364266
0.000317507
0.000419907
0.000505716
0.000560188
0.000638282
0.000716655
0.000781929
0.000840247
0.000897256
0.000871154
0.00105134
0.0011545
0.000873445
0.000848256
0.000779703
0.000717219
0.000649537
0.000570955
0.000497272
0.000466559
0.000416826
0.000493304
0.000730962
0.000844928
0.00098814
0.00110049
0.00117324
0.00120551
0.0012007
0.00117025
0.00123677
0.00130794
0.00116127
0.00114014
0.00112231
0.00107458
0.000990876
0.000878435
0.000750439
0.000673513
0.000489611
0.000559272
0.000823832
0.00128153
0.00167169
0.00193741
0.00211919
0.00217647
0.00201372
0.00172969
0.00173193
0.00180895
0.0017571
0.00197291
0.00211977
0.00206571
0.00186905
0.0015888
0.00120827
0.000781027
0.000555048
0.000629057
0.000717375
0.000796171
0.000870957
0.000946922
0.00102143
0.00109339
0.00116265
0.0012343
0.00131417
0.00132496
0.00124387
0.00116822
0.00109604
0.00102237
0.00094643
0.000869491
0.000794415
0.000715469
0.000626232
0.000135391
0.000156284
0.000172436
0.000186138
0.000199775
0.000214202
0.000229276
0.00024625
0.000261216
0.000273594
0.000274248
0.000267541
0.000252377
0.000233254
0.000217131
0.000202602
0.000187895
0.000171742
0.000152254
0.000125349
0.000165783
0.000509948
0.000642679
0.000731126
0.000801572
0.000844467
0.000853671
0.000770604
0.000587812
0.000716313
0.000776243
0.000680458
0.000849228
0.000893452
0.000857517
0.000796865
0.000723384
0.000631017
0.000482893
0.000150253
0.000187313
0.00056282
0.000714445
0.000814988
0.00089004
0.000924355
0.000883889
0.000688136
0.000585913
0.00110362
0.00114392
0.000642057
0.000753569
0.000910084
0.000928629
0.000876713
0.000796319
0.000698138
0.000548403
0.000174624
0.000200633
0.00046867
0.000596067
0.000700352
0.000779491
0.000826426
0.000796953
0.000608852
0.000726009
0.00159562
0.0016502
0.000810632
0.000672365
0.000820946
0.00085179
0.000796443
0.000718412
0.000626726
0.000503329
0.000191195
0.000225889
0.000372544
0.000493654
0.000588344
0.000671018
0.000738855
0.000750091
0.000598158
0.000903107
0.00206644
0.00215486
0.00105733
0.000667368
0.000781708
0.000786738
0.000721259
0.000637123
0.000541248
0.000421425
0.000202803
0.000310285
0.000375229
0.000443305
0.000525964
0.000617662
0.000703756
0.00075261
0.000641602
0.00103472
0.00240338
0.0025328
0.00122915
0.00069689
0.000772564
0.000728314
0.000638541
0.000536314
0.000435334
0.000351517
0.000308103
0.000414637
0.000473284
0.000538262
0.000639222
0.000748616
0.000848787
0.0009224
0.000871154
0.00119208
0.00257562
0.00270912
0.00133737
0.000855232
0.000862383
0.000781528
0.000676607
0.000562274
0.000467862
0.000431593
0.000411322
0.000490145
0.000702345
0.000817434
0.000965709
0.00108702
0.00116369
0.0011902
0.00117025
0.001354
0.00255831
0.00269875
0.00147284
0.0011353
0.00110032
0.00105283
0.000964634
0.00084207
0.000709493
0.000637101
0.000485853
0.000558921
0.000801778
0.00128743
0.00160138
0.00185103
0.00197852
0.00191554
0.00172969
0.00184279
0.00244852
0.00255983
0.00194193
0.00174374
0.00185684
0.00190753
0.00177632
0.00151227
0.0011942
0.000749284
0.000553476
0.000634268
0.00072628
0.000808466
0.000887661
0.000970759
0.0010542
0.0011395
0.0012343
0.0013492
0.00147484
0.00149027
0.00136007
0.00124122
0.00114238
0.00105459
0.000969606
0.000885404
0.00080585
0.000723358
0.000630235
0.000132285
0.000151379
0.000168198
0.00018213
0.000195122
0.000209416
0.000229976
0.000256004
0.000273594
0.000277136
0.000279689
0.000279474
0.000267243
0.000241133
0.000218346
0.00020028
0.00018335
0.000166188
0.000147265
0.000123743
0.000163288
0.000496193
0.000620345
0.000710217
0.000796668
0.000857295
0.000836404
0.0006193
0.000716313
0.000453958
0.000500895
0.000789167
0.000678404
0.000867862
0.000867221
0.000814629
0.00073549
0.000634272
0.00047709
0.000147362
0.0001888
0.000572068
0.000733647
0.000845464
0.000928115
0.000931499
0.000773775
0.000552794
0.00110362
0.000692006
0.00076886
0.00109786
0.000588902
0.000795539
0.000916898
0.000903569
0.00082591
0.000722312
0.000563666
0.000173793
0.00020333
0.000483319
0.000622224
0.000737863
0.000829674
0.000843462
0.000681771
0.000635543
0.00159563
0.000963179
0.00107648
0.00156344
0.000673307
0.000695869
0.000840136
0.000829496
0.000755155
0.000662933
0.000535744
0.00019371
0.000226409
0.000375581
0.000500655
0.000615213
0.000718562
0.000778494
0.000673221
0.000751886
0.00206644
0.00126828
0.00142481
0.00204997
0.000820852
0.000687867
0.000798259
0.000758901
0.000661391
0.00055957
0.000451178
0.000210461
0.000309019
0.000367334
0.000446266
0.000564898
0.000696318
0.000799702
0.000751999
0.000854075
0.00240338
0.00159366
0.00179428
0.00242255
0.000940816
0.000750211
0.000803712
0.000715445
0.000589458
0.000459777
0.000348714
0.000304539
0.000410241
0.000458612
0.000528166
0.000651887
0.000809101
0.000954193
0.000972908
0.00105134
0.00257562
0.00190309
0.00213883
0.00260743
0.00109662
0.000919571
0.00088475
0.000735052
0.000571331
0.000454418
0.000419682
0.000406963
0.000483759
0.000670235
0.000792449
0.000943303
0.00107663
0.00116369
0.00118628
0.00123677
0.00255831
0.00213263
0.00238661
0.00261344
0.00126898
0.00110385
0.00104087
0.00094009
0.000807182
0.000677328
0.000604604
0.000479218
0.000551196
0.000753908
0.00127017
0.0014968
0.00169809
0.00173582
0.00160922
0.00173193
0.00244852
0.00228722
0.00252453
0.00250896
0.00179072
0.00159818
0.00166898
0.00162256
0.00140484
0.00117458
0.000695972
0.000544896
0.000628621
0.000722596
0.000806447
0.000889056
0.000979302
0.00107334
0.00117917
0.00131417
0.00147484
0.00151582
0.00156693
0.00148095
0.0013179
0.00118111
0.00107273
0.000977014
0.000885413
0.000802749
0.0007186
0.000623224
0.000130787
0.000149836
0.000166933
0.000180772
0.000192808
0.000205439
0.000226413
0.000255382
0.000274249
0.000279689
0.000274003
0.000270236
0.000257648
0.00023177
0.000209759
0.000192229
0.000175836
0.000159762
0.000142683
0.000122381
0.000160213
0.000481609
0.000598614
0.000689091
0.000782144
0.000862303
0.000865023
0.000685932
0.000776245
0.000500896
0.000515712
0.000795325
0.000705163
0.000866346
0.000863883
0.000810586
0.000728722
0.000625344
0.000468195
0.000144523
0.000188573
0.00057297
0.000737729
0.000855338
0.000944135
0.000946509
0.000792267
0.000610473
0.00114392
0.000768861
0.00079493
0.00110417
0.00062022
0.000791534
0.000914874
0.000912386
0.000837595
0.000734094
0.000573007
0.00017267
0.00020427
0.000496581
0.000640208
0.000762862
0.000859537
0.000866221
0.000708642
0.000730552
0.0016502
0.00107649
0.00111791
0.00158321
0.000743569
0.000713198
0.000847399
0.000848981
0.000778666
0.000686285
0.00055497
0.000194819
0.000228474
0.000380145
0.000509834
0.000638589
0.000749783
0.000805892
0.000706564
0.000895763
0.00215487
0.00142481
0.00148666
0.00209073
0.0009345
0.000726428
0.000818873
0.000784854
0.000687381
0.000578841
0.000462336
0.000213229
0.000319787
0.000371981
0.00045231
0.000579373
0.000719299
0.000826235
0.000784199
0.00103639
0.00253281
0.00179429
0.00187936
0.00249593
0.00109008
0.000798216
0.000837634
0.000750987
0.000621016
0.000477039
0.000355197
0.000316833
0.000421563
0.000477722
0.000538594
0.00064831
0.000789076
0.000926998
0.000959575
0.0011545
0.00270913
0.00213883
0.00224399
0.00269579
0.00120305
0.000938719
0.000882742
0.000734031
0.00058151
0.000475741
0.000447502
0.000417421
0.00049452
0.000705084
0.000820263
0.000954747
0.00106806
0.00114128
0.00117248
0.00130794
0.00269876
0.00238661
0.00250183
0.00270896
0.00135385
0.00113249
0.00105752
0.000963294
0.000841552
0.000718048
0.000640224
0.000488853
0.000561414
0.000794718
0.00130753
0.00152833
0.00172017
0.00174255
0.00163332
0.00180895
0.00255983
0.00252454
0.0026337
0.00257918
0.00185928
0.00164479
0.00170565
0.00166759
0.0014577
0.00123197
0.0007468
0.00055504
0.000637059
0.000730944
0.000814732
0.00089678
0.000986511
0.0010805
0.00118761
0.00132496
0.00149027
0.00156693
0.0015724
0.00147725
0.00131655
0.00118187
0.00107531
0.000981617
0.000891888
0.000810502
0.000726952
0.000632119
0.000130607
0.000150429
0.000167342
0.000180523
0.000191624
0.000205239
0.000224188
0.000247257
0.000267541
0.000279474
0.000270236
0.000253695
0.000235723
0.000214949
0.00019823
0.000183697
0.000170025
0.00015647
0.000141248
0.000121976
0.000157028
0.000474862
0.00059443
0.000690016
0.000790136
0.000875332
0.000909075
0.0008612
0.000680462
0.00078917
0.000795325
0.000709597
0.000863503
0.00087995
0.000842443
0.000781444
0.000703545
0.000603003
0.000454967
0.000142682
0.000185596
0.000560234
0.000724913
0.000844797
0.000941531
0.000974703
0.000914313
0.000745691
0.000642061
0.00109787
0.00110418
0.000647444
0.000765926
0.000895841
0.00093308
0.000900514
0.000824061
0.000722949
0.000566202
0.000171525
0.000201693
0.000479688
0.000625154
0.000751377
0.000855112
0.000891544
0.000815571
0.000668782
0.000810638
0.00156345
0.00158322
0.000831193
0.000722867
0.000829268
0.000879123
0.000845414
0.000771617
0.000678015
0.000545086
0.000194211
0.000228285
0.000372812
0.000520451
0.000641047
0.00074294
0.000811272
0.000786785
0.000685465
0.00105733
0.00204998
0.00209074
0.00111995
0.000755885
0.000814377
0.000833826
0.00077847
0.000688163
0.000588511
0.000463126
0.000208587
0.000328111
0.000379668
0.000446985
0.000540955
0.000650647
0.000753291
0.000803309
0.000732597
0.00122916
0.00242256
0.00249593
0.00135135
0.000804633
0.000832044
0.00079391
0.000700159
0.000583603
0.000458604
0.000362976
0.00032675
0.000432046
0.000507317
0.000548
0.000621652
0.000707841
0.000797264
0.000877781
0.00087345
0.00133738
0.00260744
0.0026958
0.00145433
0.00090812
0.000862696
0.000767591
0.000666517
0.000569126
0.00049539
0.000475991
0.000428438
0.00050526
0.000759676
0.000855815
0.000972968
0.00106428
0.00112183
0.00114691
0.00116127
0.00147284
0.00261345
0.00270897
0.00158483
0.0011864
0.00111663
0.00106291
0.000983789
0.000880276
0.000769264
0.000707114
0.000501246
0.000572114
0.000861174
0.00134235
0.00164206
0.00186886
0.00197922
0.00190824
0.00175711
0.00194193
0.00250897
0.00257919
0.00202399
0.00180703
0.00190526
0.00196018
0.00183577
0.00158862
0.00128264
0.000831956
0.000567863
0.000642909
0.00073479
0.000816579
0.000895183
0.000977503
0.00106087
0.00114701
0.00124387
0.00136007
0.00148095
0.00147725
0.00135565
0.0012404
0.00114346
0.00105741
0.000974148
0.000891744
0.000813373
0.000731759
0.000639173
0.000130964
0.000152204
0.000168598
0.000180559
0.000191505
0.000205649
0.000220249
0.00023617
0.000252378
0.000267243
0.000257648
0.000235724
0.00021848
0.00020392
0.000191993
0.00018079
0.000169496
0.000157961
0.000143581
0.000123372
0.000155237
0.000477749
0.000603748
0.000702747
0.000798972
0.000863977
0.000907018
0.000915703
0.000849231
0.000678406
0.000705164
0.000863503
0.000887602
0.000850971
0.000801045
0.000742864
0.000673787
0.000581293
0.000445509
0.000142747
0.000181747
0.000542972
0.000701808
0.000818063
0.000912225
0.00096635
0.000976437
0.000918567
0.000753573
0.000588906
0.000620222
0.000765927
0.000894619
0.000932979
0.000918012
0.000866389
0.000790522
0.000693374
0.00054441
0.000170707
0.000197742
0.000466355
0.000599694
0.000716292
0.000817094
0.000876836
0.000887175
0.000823172
0.00067237
0.000673313
0.000743572
0.000722868
0.000827339
0.000881235
0.000870972
0.000818694
0.000743267
0.000646333
0.000510308
0.000192101
0.000232782
0.000371209
0.000509468
0.000631915
0.000725414
0.000794345
0.000830419
0.000786446
0.000667373
0.00082086
0.000934504
0.000755886
0.000810398
0.000846772
0.000823907
0.000772518
0.000697912
0.000590745
0.000418895
0.000205249
0.000335865
0.000391025
0.000449126
0.000515066
0.00059111
0.000672101
0.000745782
0.000770844
0.000696895
0.000940824
0.00109008
0.000804634
0.000818219
0.000795807
0.000723641
0.000633428
0.000535265
0.000442793
0.000371896
0.000332308
0.000437353
0.000537611
0.00056232
0.000609121
0.000664037
0.000719524
0.000780495
0.000848258
0.000855236
0.00109663
0.00120306
0.000908121
0.000843577
0.000756852
0.00068721
0.000624152
0.000559999
0.000508272
0.000496887
0.000432228
0.000508691
0.000784326
0.000873595
0.000978321
0.00105926
0.00111432
0.00114164
0.00114014
0.00113531
0.00126899
0.00135385
0.0011864
0.00113817
0.00110785
0.00105506
0.000978681
0.000886931
0.000791304
0.000741208
0.000503645
0.000572913
0.000882709
0.00134436
0.00169705
0.00193929
0.00211135
0.00214833
0.00197291
0.00174374
0.00179073
0.00185929
0.00180703
0.00199901
0.00215561
0.00210176
0.00190343
0.00163534
0.00129304
0.000854915
0.000568078
0.000637929
0.000725799
0.000803707
0.000877305
0.0009523
0.00102648
0.00109832
0.00116822
0.00124122
0.0013179
0.00131655
0.0012404
0.00116689
0.00109655
0.00102433
0.000949545
0.000873904
0.000800307
0.00072251
0.000633882
0.000131053
0.000154383
0.000169872
0.000180415
0.000191943
0.000203574
0.000213917
0.00022379
0.000233254
0.000241133
0.00023177
0.000214949
0.00020392
0.000195389
0.000187795
0.00017995
0.000171205
0.000161116
0.000147502
0.000126015
0.000154649
0.000485209
0.000616072
0.000709904
0.00077953
0.00083161
0.000869236
0.000893207
0.000893455
0.000867863
0.000866347
0.000879951
0.000850971
0.000804635
0.000757221
0.000706418
0.000647212
0.000569074
0.000445024
0.000144531
0.000179091
0.000531095
0.000685622
0.000789321
0.000869235
0.000923538
0.000955221
0.000960267
0.000910087
0.000795541
0.000791535
0.000895841
0.000932979
0.000919658
0.000879807
0.000821154
0.000749323
0.000660001
0.000522798
0.000170792
0.000193383
0.000490757
0.000629865
0.000710265
0.0007776
0.000832796
0.000868614
0.000878741
0.000820949
0.000695872
0.000713201
0.000829269
0.000881235
0.000876466
0.000837734
0.000779323
0.000704322
0.000618167
0.000499411
0.000190263
0.000249921
0.000382676
0.000496855
0.000603478
0.000694158
0.000757302
0.00079854
0.00081704
0.000781711
0.00068787
0.000726431
0.000814378
0.000846772
0.000839008
0.000815455
0.000761575
0.000665376
0.000533576
0.000383752
0.000222287
0.000346047
0.00041273
0.000463599
0.000511526
0.00055927
0.000613779
0.000673698
0.000734314
0.000772568
0.000750214
0.000798218
0.000832044
0.000795806
0.00072932
0.000657503
0.000584286
0.000513188
0.000445241
0.000384137
0.00033523
0.00043895
0.000570656
0.000586757
0.000615005
0.000647769
0.000682234
0.00072208
0.000779705
0.000862385
0.000919574
0.00093872
0.000862697
0.000756853
0.000689171
0.000645179
0.000603618
0.000561103
0.000527661
0.00052265
0.000431306
0.000505952
0.000780324
0.000879617
0.000971301
0.00104052
0.0010886
0.00112016
0.00112231
0.00110032
0.00110385
0.00113249
0.00111663
0.00110785
0.00107744
0.00102134
0.000953244
0.000874986
0.000794543
0.000742696
0.000499391
0.000565651
0.000866855
0.00129264
0.00168398
0.00191127
0.00208985
0.00218621
0.00211977
0.00185685
0.00159818
0.00164479
0.00190526
0.00215561
0.00219925
0.00207231
0.00186128
0.00160483
0.00124869
0.000839561
0.000559639
0.000625261
0.000707174
0.000779837
0.000847404
0.000914764
0.000980305
0.0010416
0.00109604
0.00114238
0.00118111
0.00118187
0.00114347
0.00109655
0.00104122
0.000978735
0.000911903
0.000843316
0.00077567
0.000703027
0.000620331
0.000131042
0.000155934
0.00016963
0.000179807
0.000190021
0.000198997
0.000206423
0.000212416
0.000217131
0.000218347
0.00020976
0.00019823
0.000191993
0.000187795
0.000183767
0.000178901
0.000172702
0.000164243
0.00015126
0.000128457
0.000154737
0.000489316
0.000621178
0.000700955
0.0007531
0.000788309
0.000814332
0.000837628
0.00085752
0.000867222
0.000863883
0.000842444
0.000801045
0.000757221
0.000715938
0.000672413
0.000622485
0.0005565
0.000444209
0.000147471
0.000178625
0.000520057
0.000674306
0.00077135
0.000832723
0.000869559
0.000894938
0.000916816
0.000928632
0.000916899
0.000914875
0.000933081
0.000918012
0.000879807
0.000830789
0.000776134
0.000714225
0.000635071
0.000506933
0.000172286
0.00018793
0.000511259
0.000690459
0.000764858
0.000781711
0.000794006
0.000814934
0.000837243
0.000851794
0.000840137
0.0008474
0.000879124
0.000870972
0.000837734
0.000792129
0.000741476
0.000702065
0.000644421
0.000521268
0.00018993
0.000273928
0.000392873
0.000487476
0.000572513
0.000648483
0.000706459
0.000742298
0.000766864
0.000786741
0.000798261
0.000818875
0.000833826
0.000823907
0.000815455
0.000781825
0.000701143
0.000603011
0.000500047
0.000387739
0.000247886
0.000360751
0.000445411
0.000486979
0.00051736
0.000543664
0.000572483
0.000611225
0.00066209
0.000728317
0.000803715
0.000837635
0.00079391
0.000723641
0.000657503
0.000601381
0.000552945
0.000506652
0.00045836
0.000407595
0.000341499
0.000437621
0.000599034
0.000617026
0.000629913
0.000642868
0.00065819
0.000681282
0.00071722
0.000781529
0.000884751
0.000882743
0.000767592
0.000687211
0.00064518
0.000618575
0.000595142
0.000571608
0.000552939
0.000548564
0.00042743
0.000498385
0.000755412
0.00087162
0.000949295
0.00100597
0.00104175
0.00106806
0.00107458
0.00105283
0.00104087
0.00105752
0.00106291
0.00105506
0.00102134
0.000973893
0.000920972
0.000857526
0.000791151
0.000721331
0.000490256
0.000552513
0.000828472
0.00119955
0.00159769
0.00181609
0.00196656
0.00206607
0.00206571
0.00190754
0.00166898
0.00170565
0.00196018
0.00210176
0.00207231
0.00193789
0.00175463
0.00153554
0.0011576
0.000799985
0.000545195
0.000606873
0.000681588
0.000748252
0.000809524
0.000868949
0.000926062
0.000978284
0.00102237
0.00105459
0.00107273
0.00107531
0.00105741
0.00102433
0.000978735
0.00092469
0.000865776
0.000804793
0.000743376
0.000676564
0.000600996
0.000132334
0.00015545
0.000167159
0.000176424
0.000185638
0.000192876
0.000198003
0.000201243
0.000202603
0.000200281
0.000192229
0.000183697
0.000180789
0.000179949
0.000178901
0.000176583
0.000172197
0.000164875
0.000152701
0.000129776
0.000155527
0.0004732
0.000600004
0.000677296
0.000720569
0.00074323
0.000757484
0.000774604
0.000796867
0.00081463
0.000810587
0.000781445
0.000742864
0.000706418
0.000672413
0.00063792
0.000598513
0.000541021
0.000435559
0.000149334
0.000177964
0.000508232
0.000641062
0.000732676
0.000794921
0.000819285
0.000829005
0.000847066
0.000876716
0.00090357
0.000912387
0.000900515
0.000866389
0.000821154
0.000776133
0.000732438
0.000681044
0.000605853
0.000484514
0.000173774
0.00020713
0.000420637
0.000600307
0.000743496
0.000795922
0.000778729
0.000761212
0.00076924
0.000796445
0.000829498
0.000848982
0.000845414
0.000818694
0.000779323
0.000741476
0.000737264
0.000728943
0.000652115
0.000499772
0.000185509
0.000298974
0.000403353
0.000472715
0.000531194
0.000591865
0.000645212
0.000677909
0.000697588
0.000721262
0.000758903
0.000784855
0.00077847
0.000772518
0.000761574
0.000701143
0.000626056
0.000555026
0.00047879
0.000391833
0.000275216
0.000370847
0.000484552
0.000517438
0.000526356
0.000531114
0.000538857
0.000555518
0.000586529
0.000638544
0.000715447
0.000750987
0.000700159
0.000633428
0.000584286
0.000552945
0.000528918
0.000506023
0.000479342
0.0004405
0.000352996
0.000433555
0.000599903
0.00064366
0.000643876
0.000636699
0.000631918
0.000635764
0.000649537
0.000676607
0.000735053
0.000734032
0.000666518
0.000624153
0.000603618
0.000595142
0.000590992
0.000586633
0.000579514
0.000562896
0.000421817
0.000486858
0.000715687
0.000831673
0.0009045
0.000951597
0.00097615
0.000990948
0.000990876
0.000964635
0.000940092
0.000963297
0.000983792
0.000978683
0.000953246
0.000920973
0.000882211
0.000830802
0.000775241
0.000682614
0.000477416
0.000534723
0.000776815
0.00108163
0.00143312
0.00166892
0.00178451
0.00186028
0.00186905
0.00177632
0.00162256
0.00166759
0.00183577
0.00190343
0.00186129
0.00175463
0.0016094
0.0013838
0.00103627
0.000745989
0.000526271
0.000583749
0.000650668
0.000711119
0.000766283
0.000817827
0.000866852
0.000910824
0.00094643
0.000969607
0.000977015
0.000981618
0.000974149
0.000949546
0.000911903
0.000865776
0.000814664
0.000761331
0.000705747
0.000644922
0.000577051
0.000133242
0.000153225
0.000163329
0.000171216
0.000178998
0.000185087
0.000188323
0.000189247
0.000187895
0.00018335
0.000175837
0.000170025
0.000169496
0.000171205
0.000172702
0.000172197
0.000168811
0.000162432
0.000151618
0.00013052
0.00015605
0.000447107
0.000562951
0.00063033
0.000668478
0.000689202
0.00069827
0.000707184
0.000723386
0.000735491
0.000728723
0.000703546
0.000673787
0.000647211
0.000622485
0.000598513
0.000564969
0.000510189
0.000410371
0.000149016
0.000177259
0.000499841
0.000623639
0.000685375
0.000730424
0.000759544
0.000762495
0.000770057
0.000796321
0.000825911
0.000837596
0.000824061
0.000790522
0.000749322
0.000714224
0.000681043
0.000627269
0.000560708
0.000461252
0.000174364
0.000228378
0.000374454
0.000492255
0.000617562
0.00072377
0.000746905
0.000709657
0.000695315
0.000718414
0.000755157
0.000778667
0.000771617
0.000743267
0.000704321
0.000702065
0.000728942
0.00066695
0.000523716
0.0003757
0.000208346
0.000325041
0.000433971
0.000471819
0.000496134
0.000526148
0.000567455
0.000601136
0.00061848
0.000637126
0.000661393
0.000687382
0.000688164
0.000697911
0.000665375
0.000603011
0.000555026
0.000503409
0.000452792
0.000398872
0.000298834
0.000379375
0.0005089
0.000544062
0.0005348
0.000515568
0.000504355
0.00050098
0.000509042
0.000536316
0.000589459
0.000621016
0.000583603
0.000535264
0.000513188
0.000506652
0.000506023
0.000508123
0.000505472
0.000475387
0.000362426
0.000427742
0.000587163
0.000640481
0.000644664
0.000621757
0.00059762
0.000581023
0.000570955
0.000562274
0.000571332
0.000581511
0.000569127
0.00056
0.000561103
0.000571608
0.000586633
0.000600029
0.000599872
0.000555596
0.000415341
0.000471965
0.000667638
0.000768968
0.000834423
0.000872634
0.00088769
0.000890366
0.000878436
0.000842072
0.000807184
0.000841555
0.000880279
0.000886933
0.000874987
0.000857527
0.000830802
0.000788815
0.000726303
0.000635819
0.000461862
0.000512821
0.000716934
0.000936252
0.00117614
0.00140116
0.00154052
0.00159599
0.0015888
0.00151227
0.00140484
0.0014577
0.00158862
0.00163534
0.00160483
0.00153555
0.0013838
0.00115024
0.000899899
0.000687549
0.000503838
0.000556186
0.00061514
0.000669323
0.000718458
0.000763815
0.000805142
0.000841362
0.000869491
0.000885404
0.000885413
0.000891889
0.000891744
0.000873904
0.000843316
0.000804793
0.000761331
0.000714507
0.000664321
0.000609253
0.000549052
0.0001325
0.000148844
0.000157719
0.000164265
0.000170023
0.000174631
0.000176203
0.000175137
0.000171742
0.000166189
0.000159763
0.00015647
0.000157961
0.000161116
0.000164243
0.000164875
0.000162432
0.00015801
0.000149655
0.000131417
0.000155599
0.000418434
0.00051438
0.000566806
0.000596456
0.000613884
0.000622537
0.000624548
0.000631018
0.000634273
0.000625345
0.000603004
0.000581293
0.000569074
0.0005565
0.000541021
0.000510189
0.000459827
0.000372606
0.000148399
0.000174359
0.000480876
0.000595141
0.000641134
0.000650929
0.000673596
0.000680917
0.000680924
0.00069814
0.000722314
0.000734095
0.00072295
0.000693374
0.00066
0.000635071
0.000605853
0.000560708
0.000516839
0.000439067
0.000173973
0.000252511
0.000357291
0.000427934
0.000502434
0.000594697
0.000665645
0.000640312
0.000610784
0.000626728
0.000662935
0.000686286
0.000678016
0.000646333
0.000618166
0.000644421
0.000652115
0.000523716
0.000405604
0.000331877
0.000233721
0.000348399
0.000464475
0.000476954
0.000465022
0.000463412
0.000480642
0.000505058
0.000521943
0.000541249
0.000559571
0.000578842
0.000588511
0.000590745
0.000533576
0.000500046
0.00047879
0.000452792
0.00044588
0.000430905
0.000325143
0.000386068
0.000514142
0.000543184
0.000526244
0.000489967
0.000462541
0.000444049
0.000432519
0.000435335
0.000459778
0.000477039
0.000458604
0.000442793
0.000445241
0.00045836
0.000479342
0.000505472
0.000520329
0.000490397
0.000370703
0.000420813
0.000565595
0.000613019
0.000620196
0.000599605
0.000562145
0.000528517
0.000497272
0.000467862
0.000454419
0.000475742
0.000495392
0.000508273
0.000527662
0.000552939
0.000579514
0.000599872
0.000588534
0.000541104
0.000408785
0.000454255
0.000617938
0.000694516
0.000745571
0.000783041
0.000788735
0.00077594
0.00075044
0.000709495
0.000677329
0.00071805
0.000769267
0.000791306
0.000794544
0.000791152
0.000775241
0.000726303
0.000668452
0.000591828
0.000444299
0.000487139
0.000655476
0.00078519
0.000906569
0.00102091
0.00111528
0.00118231
0.00120827
0.00119421
0.00117458
0.00123197
0.00128265
0.00129304
0.00124869
0.0011576
0.00103627
0.000899899
0.000765139
0.000632591
0.000478351
0.000523988
0.0005753
0.000623388
0.0006667
0.000706365
0.00074189
0.000772002
0.000794415
0.00080585
0.00080275
0.000810503
0.000813374
0.000800307
0.00077567
0.000743376
0.000705747
0.000664321
0.000619475
0.000569911
0.000516922
0.000129569
0.000142001
0.000148761
0.000153312
0.000156792
0.00015895
0.000158982
0.000156474
0.000152254
0.000147265
0.000142683
0.000141248
0.00014358
0.000147502
0.000151259
0.000152701
0.000151618
0.000149655
0.000144157
0.000130991
0.000153841
0.000360624
0.000422621
0.000457173
0.000477697
0.00048702
0.000493321
0.000488308
0.000482895
0.000477091
0.000468196
0.000454967
0.000445509
0.000445023
0.000444208
0.000435558
0.00041037
0.000372606
0.000314845
0.000147782
0.000174615
0.000380321
0.00051588
0.000545615
0.000534509
0.000537743
0.000545142
0.000540991
0.000548405
0.000563667
0.000573008
0.000566202
0.00054441
0.000522798
0.000506932
0.000484513
0.000461252
0.000439067
0.000384211
0.000170828
0.000284449
0.000336061
0.000365063
0.000395598
0.000441375
0.000529684
0.000519856
0.000490938
0.000503331
0.000535745
0.000554971
0.000545087
0.000510309
0.000499411
0.000521268
0.000499772
0.0003757
0.000331877
0.000314308
0.000264837
0.00035978
0.00045966
0.000450196
0.00041479
0.000388513
0.000382234
0.000386079
0.000390511
0.000421427
0.000451179
0.000462337
0.000463126
0.000418895
0.000383752
0.000387739
0.000391833
0.000398872
0.000430904
0.000442058
0.000344285
0.000388967
0.000488604
0.000500204
0.000480902
0.000446218
0.000411925
0.000385625
0.000364266
0.000351518
0.000348714
0.000355198
0.000362976
0.000371896
0.000384137
0.000407595
0.0004405
0.000475387
0.000490396
0.00047428
0.000376358
0.000411848
0.000522953
0.000550891
0.000559213
0.000559298
0.000539487
0.000504657
0.00046656
0.000431594
0.000419683
0.000447502
0.000475992
0.000496888
0.00052265
0.000548564
0.000562896
0.000555596
0.000541104
0.000508047
0.00040145
0.000433843
0.000557504
0.000600912
0.000636013
0.000671
0.000692973
0.0006936
0.000673514
0.000637103
0.000604605
0.000640225
0.000707115
0.000741209
0.000742698
0.000721332
0.000682615
0.000635819
0.000591828
0.000542612
0.000424904
0.000457205
0.000581141
0.000636208
0.000681384
0.000725722
0.000762256
0.000782544
0.000781028
0.000749285
0.000695973
0.000746801
0.000831958
0.000854916
0.000839561
0.000799985
0.000745989
0.00068755
0.000632591
0.000569397
0.000449312
0.000485513
0.000529993
0.000572337
0.00060991
0.000643791
0.000673486
0.000697947
0.000715469
0.000723358
0.0007186
0.000726953
0.000731759
0.000722511
0.000703027
0.000676564
0.000644923
0.000609253
0.000569911
0.000525612
0.00047894
0.000123304
0.000127729
0.000129354
0.000130188
0.00013015
0.000129625
0.000128847
0.000127174
0.000125349
0.000123743
0.000122382
0.000121976
0.000123372
0.000126015
0.000128457
0.000129775
0.00013052
0.000131417
0.000130991
0.000127405
0.000141378
0.000148141
0.000152208
0.000154635
0.000155893
0.000155638
0.000154846
0.000152808
0.000150254
0.000147362
0.000144523
0.000142682
0.000142747
0.000144531
0.000147471
0.000149334
0.000149016
0.000148399
0.000147782
0.000140892
0.000173999
0.000172945
0.000183551
0.000185742
0.000183238
0.000179741
0.000178851
0.000176312
0.000174624
0.000173793
0.00017267
0.000171526
0.000170707
0.000170792
0.000172286
0.000173774
0.000174364
0.000173973
0.000170828
0.000171255
0.000305903
0.000274753
0.000245231
0.000224444
0.000199508
0.000189584
0.000194986
0.000192305
0.000191195
0.00019371
0.000194819
0.000194211
0.000192101
0.000190264
0.00018993
0.000185509
0.000208346
0.000233721
0.000264837
0.000291053
0.000364625
0.00035199
0.000331461
0.000303802
0.000278219
0.00025778
0.000233729
0.000210146
0.000202804
0.000210462
0.000213229
0.000208587
0.000205249
0.000222287
0.000247886
0.000275215
0.000298833
0.000325143
0.000344285
0.000352764
0.000386425
0.000382205
0.00037243
0.000360954
0.000349142
0.000337228
0.000326646
0.000317507
0.000308103
0.000304539
0.000316833
0.00032675
0.000332308
0.00033523
0.000341498
0.000352995
0.000362426
0.000370703
0.000376358
0.000376398
0.00040038
0.000406547
0.000409902
0.000413305
0.000416927
0.00041937
0.000419527
0.000416826
0.000411323
0.000406964
0.000417421
0.000428438
0.000432228
0.000431306
0.00042743
0.000421817
0.000415341
0.000408785
0.00040145
0.000391677
0.000412515
0.000429167
0.000445225
0.000459926
0.00047267
0.00048243
0.00048829
0.000489611
0.000485854
0.000479219
0.000488853
0.000501246
0.000503645
0.000499391
0.000490256
0.000477416
0.000461862
0.000444299
0.000424904
0.000404847
0.000425874
0.000452988
0.000479026
0.000501937
0.000521757
0.000537829
0.000549289
0.000555048
0.000553476
0.000544896
0.00055504
0.000567863
0.000568078
0.000559639
0.000545196
0.000526271
0.000503838
0.000478352
0.000449312
0.000419148
0.000443033
0.000482084
0.000517849
0.000548143
0.000574463
0.000596724
0.000614351
0.000626233
0.000630235
0.000623224
0.000632119
0.000639173
0.000633882
0.000620331
0.000600996
0.000577051
0.000549052
0.000516922
0.00047894
0.000437131
)
;

boundaryField
{
    floor
    {
        type            alphatWallFunction;
        Prt             0.85;
        value           nonuniform List<scalar> 
400
(
9.33515e-06
1.00609e-05
1.04084e-05
1.05517e-05
1.05671e-05
1.05455e-05
1.0477e-05
1.0218e-05
9.68397e-06
9.08392e-06
8.78505e-06
8.74884e-06
8.82237e-06
8.85442e-06
8.85484e-06
9.08309e-06
9.26204e-06
9.14519e-06
8.62119e-06
7.44702e-06
1.00609e-05
1.22565e-05
1.33461e-05
1.3972e-05
1.43322e-05
1.47231e-05
1.50458e-05
1.46073e-05
1.35541e-05
1.2635e-05
1.23324e-05
1.24233e-05
1.27335e-05
1.31233e-05
1.33896e-05
1.33069e-05
1.29258e-05
1.21468e-05
1.08893e-05
8.24533e-06
1.04084e-05
1.33461e-05
1.47469e-05
1.55843e-05
1.61721e-05
1.6919e-05
1.75986e-05
1.74137e-05
1.64532e-05
1.56768e-05
1.54298e-05
1.54772e-05
1.56782e-05
1.58935e-05
1.58421e-05
1.53984e-05
1.46786e-05
1.36427e-05
1.20344e-05
8.51061e-06
1.05517e-05
1.3972e-05
1.55843e-05
1.6507e-05
1.7309e-05
1.82984e-05
1.93238e-05
1.96149e-05
1.88794e-05
1.81571e-05
1.78905e-05
1.78133e-05
1.77891e-05
1.77373e-05
1.75755e-05
1.69146e-05
1.59502e-05
1.47023e-05
1.27692e-05
8.63609e-06
1.05671e-05
1.43322e-05
1.61721e-05
1.7309e-05
1.8251e-05
1.93521e-05
2.06578e-05
2.15256e-05
2.12709e-05
2.04422e-05
1.99973e-05
1.97371e-05
1.96353e-05
1.96427e-05
1.92489e-05
1.84299e-05
1.72406e-05
1.56709e-05
1.33684e-05
8.62829e-06
1.05454e-05
1.47231e-05
1.69189e-05
1.82984e-05
1.9352e-05
2.04574e-05
2.19404e-05
2.32682e-05
2.36942e-05
2.29488e-05
2.21659e-05
2.19901e-05
2.198e-05
2.15617e-05
2.07249e-05
1.96472e-05
1.8295e-05
1.64901e-05
1.37657e-05
8.5329e-06
1.0477e-05
1.50457e-05
1.75985e-05
1.93238e-05
2.06577e-05
2.19404e-05
2.34215e-05
2.50122e-05
2.61892e-05
2.64431e-05
2.56722e-05
2.51446e-05
2.4411e-05
2.32884e-05
2.19844e-05
2.05361e-05
1.88829e-05
1.68014e-05
1.37917e-05
8.37419e-06
1.0218e-05
1.46073e-05
1.74136e-05
1.96149e-05
2.15255e-05
2.32681e-05
2.50122e-05
2.70207e-05
2.90076e-05
3.0764e-05
3.04858e-05
2.89961e-05
2.70933e-05
2.49794e-05
2.30454e-05
2.11462e-05
1.90953e-05
1.66496e-05
1.33527e-05
8.05367e-06
9.68395e-06
1.35541e-05
1.64532e-05
1.88793e-05
2.12708e-05
2.36942e-05
2.61891e-05
2.90076e-05
3.15179e-05
3.35396e-05
3.354e-05
3.23712e-05
2.98599e-05
2.66479e-05
2.39251e-05
2.14495e-05
1.89096e-05
1.60744e-05
1.25983e-05
7.71119e-06
9.08389e-06
1.2635e-05
1.56767e-05
1.81571e-05
2.04421e-05
2.29487e-05
2.6443e-05
3.0764e-05
3.35395e-05
1.01594e-05
1.03395e-05
3.43654e-05
3.24388e-05
2.80771e-05
2.42032e-05
2.10925e-05
1.81401e-05
1.51024e-05
1.17051e-05
7.42447e-06
8.785e-06
1.23323e-05
1.54297e-05
1.78904e-05
1.99972e-05
2.21658e-05
2.56721e-05
3.04858e-05
3.35399e-05
1.03394e-05
9.86805e-06
3.2942e-05
3.08867e-05
2.65231e-05
2.27491e-05
1.97085e-05
1.68411e-05
1.39881e-05
1.09071e-05
7.19423e-06
8.74879e-06
1.24232e-05
1.54771e-05
1.78132e-05
1.9737e-05
2.199e-05
2.51446e-05
2.8996e-05
3.23711e-05
3.43653e-05
3.2942e-05
3.01809e-05
2.71649e-05
2.36414e-05
2.07776e-05
1.82681e-05
1.58785e-05
1.34844e-05
1.07268e-05
7.15871e-06
8.82231e-06
1.27334e-05
1.56781e-05
1.7789e-05
1.96352e-05
2.19799e-05
2.44109e-05
2.70933e-05
2.98598e-05
3.24387e-05
3.08867e-05
2.71649e-05
2.42343e-05
2.17561e-05
1.97178e-05
1.77937e-05
1.58383e-05
1.38251e-05
1.12304e-05
7.46225e-06
8.85436e-06
1.31232e-05
1.58934e-05
1.77371e-05
1.96427e-05
2.15616e-05
2.32883e-05
2.49793e-05
2.66478e-05
2.80771e-05
2.65231e-05
2.36413e-05
2.17561e-05
2.03031e-05
1.90116e-05
1.76744e-05
1.61714e-05
1.44066e-05
1.19627e-05
7.97645e-06
8.85478e-06
1.33895e-05
1.5842e-05
1.75754e-05
1.92488e-05
2.07248e-05
2.19843e-05
2.30453e-05
2.3925e-05
2.42031e-05
2.2749e-05
2.07776e-05
1.97179e-05
1.90116e-05
1.83358e-05
1.75133e-05
1.64512e-05
1.49747e-05
1.26499e-05
8.43859e-06
9.08305e-06
1.33068e-05
1.53983e-05
1.69145e-05
1.84298e-05
1.96471e-05
2.0536e-05
2.11461e-05
2.14495e-05
2.10924e-05
1.97085e-05
1.82681e-05
1.77937e-05
1.76744e-05
1.75134e-05
1.71262e-05
1.63792e-05
1.51003e-05
1.29113e-05
8.68066e-06
9.26201e-06
1.29257e-05
1.46785e-05
1.59501e-05
1.72405e-05
1.82949e-05
1.88828e-05
1.90952e-05
1.89095e-05
1.814e-05
1.6841e-05
1.58785e-05
1.58383e-05
1.61715e-05
1.64512e-05
1.63792e-05
1.57994e-05
1.46625e-05
1.26993e-05
8.80233e-06
9.14516e-06
1.21467e-05
1.36426e-05
1.47021e-05
1.56708e-05
1.649e-05
1.68013e-05
1.66495e-05
1.60743e-05
1.51023e-05
1.3988e-05
1.34844e-05
1.38251e-05
1.44066e-05
1.49748e-05
1.51003e-05
1.46625e-05
1.38275e-05
1.22918e-05
8.9467e-06
8.62116e-06
1.08892e-05
1.20343e-05
1.27691e-05
1.33683e-05
1.37656e-05
1.37916e-05
1.33526e-05
1.25983e-05
1.1705e-05
1.0907e-05
1.07268e-05
1.12305e-05
1.19628e-05
1.26499e-05
1.29113e-05
1.26993e-05
1.22918e-05
1.12763e-05
8.86357e-06
7.44697e-06
8.24526e-06
8.51055e-06
8.63602e-06
8.62823e-06
8.53284e-06
8.37413e-06
8.05361e-06
7.71115e-06
7.42444e-06
7.19422e-06
7.15872e-06
7.46229e-06
7.97649e-06
8.43863e-06
8.68068e-06
8.80235e-06
8.94672e-06
8.86357e-06
8.20454e-06
)
;
    }
    ceiling
    {
        type            alphatWallFunction;
        Prt             0.85;
        value           nonuniform List<scalar> 
400
(
6.1398e-05
6.73037e-05
7.27021e-05
7.72603e-05
8.12081e-05
8.45449e-05
8.72126e-05
8.90709e-05
8.98538e-05
8.90497e-05
9.03127e-05
9.11558e-05
9.04098e-05
8.85311e-05
8.58041e-05
8.23627e-05
7.82384e-05
7.33853e-05
6.75274e-05
6.0983e-05
6.73037e-05
7.40892e-05
8.05222e-05
8.61975e-05
9.12791e-05
9.57005e-05
9.93497e-05
0.000102006
0.000103328
0.000102833
0.000104064
0.000104594
0.000103266
0.000100537
9.67907e-05
9.22484e-05
8.70041e-05
8.10836e-05
7.42866e-05
6.70153e-05
7.27021e-05
8.05222e-05
8.78503e-05
9.44198e-05
0.000100375
0.000105633
0.000110068
0.000113397
0.000115202
0.000114962
0.000116169
0.000116392
0.00011451
0.000111046
0.000106465
0.000101061
9.49514e-05
8.81925e-05
8.06138e-05
7.2434e-05
7.72603e-05
8.61975e-05
9.44199e-05
0.00010186
0.000108663
0.000114744
0.000119994
0.000124094
0.000126517
0.000126762
0.000127872
0.000127601
0.000125015
0.000120712
0.000115259
0.000109016
0.000102079
9.45217e-05
8.61574e-05
7.69601e-05
8.12081e-05
9.12791e-05
0.000100375
0.000108663
0.000116317
0.000123428
0.000129747
0.000134878
0.000138285
0.000139531
0.000140542
0.000139229
0.000135627
0.000130273
0.000123726
0.000116392
0.000108606
0.000100274
9.11165e-05
8.08577e-05
8.45449e-05
9.57006e-05
0.000105633
0.000114744
0.000123428
0.000131643
0.000139093
0.000145384
0.000150015
0.000152721
0.000153706
0.000150921
0.000146057
0.000139522
0.000131823
0.000123382
0.000114532
0.000105405
9.54418e-05
8.41352e-05
8.72126e-05
9.93498e-05
0.000110068
0.000119994
0.000129747
0.000139094
0.000147783
0.000155474
0.000161922
0.00016744
0.000168576
0.00016292
0.000156108
0.000148136
0.000139199
0.00012963
0.000119711
0.000109739
9.89913e-05
8.67187e-05
8.9071e-05
0.000102006
0.000113397
0.000124094
0.000134878
0.000145384
0.000155474
0.000165127
0.000175039
0.000185999
0.000187428
0.000176294
0.000165833
0.000155767
0.000145416
0.000134685
0.000123732
0.000112963
0.000101531
8.84529e-05
8.98539e-05
0.000103328
0.000115202
0.000126517
0.000138285
0.000150015
0.000161922
0.000175039
0.000190776
0.000207826
0.000209846
0.000192181
0.000175908
0.000162234
0.000149964
0.000137985
0.000126019
0.000114614
0.000102672
8.90252e-05
8.90498e-05
0.000102833
0.000114962
0.000126762
0.000139531
0.000152721
0.00016744
0.000185999
0.000207826
0.000213563
0.000220241
0.000208568
0.000186413
0.000167607
0.000152524
0.000139057
0.000126051
0.000114188
0.000101983
8.79776e-05
9.03127e-05
0.000104064
0.000116169
0.000127872
0.000140542
0.000153706
0.000168576
0.000187428
0.000209845
0.000220241
0.000220962
0.000208109
0.000186266
0.000167743
0.000152916
0.000139746
0.000127017
0.000115353
0.000103241
8.93175e-05
9.11558e-05
0.000104594
0.000116392
0.000127601
0.000139229
0.000150921
0.00016292
0.000176294
0.00019218
0.000208568
0.000208109
0.000191604
0.000175812
0.000162396
0.000150377
0.000138659
0.00012697
0.000115747
0.000103936
9.03687e-05
9.04098e-05
0.000103266
0.00011451
0.000125015
0.000135627
0.000146057
0.000156108
0.000165833
0.000175908
0.000186413
0.000186266
0.000175812
0.00016564
0.00015583
0.000145698
0.000135149
0.000124403
0.000113856
0.000102592
8.96007e-05
8.85311e-05
0.000100537
0.000111046
0.000120712
0.000130273
0.000139522
0.000148136
0.000155767
0.000162234
0.000167607
0.000167743
0.000162396
0.00015583
0.000148059
0.000139255
0.000129794
0.00012002
0.000110302
9.97625e-05
8.76168e-05
8.58041e-05
9.67907e-05
0.000106465
0.000115259
0.000123726
0.000131823
0.000139199
0.000145416
0.000149964
0.000152524
0.000152916
0.000150377
0.000145698
0.000139255
0.000131602
0.000123223
0.000114494
0.000105638
9.59111e-05
8.47752e-05
8.23627e-05
9.22484e-05
0.000101061
0.000109016
0.000116392
0.000123382
0.00012963
0.000134685
0.000137985
0.000139057
0.000139746
0.000138659
0.000135149
0.000129794
0.000123223
0.000115913
0.000108241
0.000100189
9.12911e-05
8.12411e-05
7.82385e-05
8.70041e-05
9.49515e-05
0.000102079
0.000108606
0.000114532
0.000119711
0.000123732
0.000126019
0.000126051
0.000127017
0.00012697
0.000124403
0.00012002
0.000114494
0.000108241
0.00010147
9.41585e-05
8.60544e-05
7.70814e-05
7.33853e-05
8.10836e-05
8.81925e-05
9.45217e-05
0.000100274
0.000105405
0.000109739
0.000112963
0.000114614
0.000114188
0.000115353
0.000115747
0.000113856
0.000110302
0.000105638
0.000100189
9.41585e-05
8.75808e-05
8.0231e-05
7.22631e-05
6.75274e-05
7.42866e-05
8.06139e-05
8.61574e-05
9.11165e-05
9.54418e-05
9.89913e-05
0.000101531
0.000102672
0.000101982
0.000103241
0.000103936
0.000102592
9.97625e-05
9.5911e-05
9.12911e-05
8.60544e-05
8.0231e-05
7.35931e-05
6.64893e-05
6.09831e-05
6.70153e-05
7.24341e-05
7.69601e-05
8.08578e-05
8.41352e-05
8.67187e-05
8.84529e-05
8.90252e-05
8.79775e-05
8.93174e-05
9.03686e-05
8.96007e-05
8.76168e-05
8.47752e-05
8.1241e-05
7.70814e-05
7.22631e-05
6.64893e-05
6.00242e-05
)
;
    }
    fixedWalls
    {
        type            alphatWallFunction;
        Prt             0.85;
        value           nonuniform List<scalar> 
800
(
9.31873e-06
1.32419e-05
2.01415e-05
4.07444e-05
5.0069e-05
5.32724e-05
5.52768e-05
5.69752e-05
5.88596e-05
6.13377e-05
1.0044e-05
1.47259e-05
1.95962e-05
3.56162e-05
4.84461e-05
5.28275e-05
5.62907e-05
5.95472e-05
6.30192e-05
6.72385e-05
1.03913e-05
1.52762e-05
1.84007e-05
3.06834e-05
4.52083e-05
5.1407e-05
5.67932e-05
6.1985e-05
6.69986e-05
7.26321e-05
1.05346e-05
1.55988e-05
1.75771e-05
2.74775e-05
4.08948e-05
4.96041e-05
5.72264e-05
6.41911e-05
7.0474e-05
7.71862e-05
1.05501e-05
1.58511e-05
1.8651e-05
2.51594e-05
3.65066e-05
4.77441e-05
5.76915e-05
6.60998e-05
7.34716e-05
8.11304e-05
1.05285e-05
1.58838e-05
1.88826e-05
2.25528e-05
3.26018e-05
4.57481e-05
5.79966e-05
6.75639e-05
7.59042e-05
8.44641e-05
1.046e-05
1.57338e-05
1.85964e-05
1.92058e-05
3.0259e-05
4.35965e-05
5.79096e-05
6.84546e-05
7.76757e-05
8.71293e-05
1.02011e-05
1.55063e-05
1.88133e-05
2.06596e-05
2.77105e-05
4.14352e-05
5.74137e-05
6.86892e-05
7.86474e-05
8.89859e-05
9.66743e-06
1.51518e-05
1.89189e-05
2.12601e-05
2.58916e-05
4.03346e-05
5.66363e-05
6.82185e-05
7.85996e-05
8.97681e-05
9.06784e-06
1.47143e-05
1.91746e-05
2.17447e-05
2.60748e-05
4.01511e-05
5.5966e-05
6.72562e-05
7.7455e-05
8.89649e-05
8.76918e-06
1.41583e-05
1.91289e-05
2.19016e-05
2.6437e-05
4.17933e-05
5.7684e-05
6.88861e-05
7.90025e-05
9.02272e-05
8.73295e-06
1.35689e-05
1.8603e-05
2.14531e-05
2.63699e-05
4.30282e-05
5.92844e-05
7.05187e-05
8.06072e-05
9.10695e-05
8.80636e-06
1.32299e-05
1.79189e-05
2.07434e-05
2.70108e-05
4.4172e-05
6.00751e-05
7.10293e-05
8.07205e-05
9.03243e-05
8.83837e-06
1.31174e-05
1.7428e-05
1.99386e-05
2.97887e-05
4.5679e-05
6.02888e-05
7.05991e-05
7.96237e-05
8.84473e-05
8.83884e-06
1.3135e-05
1.73317e-05
1.90026e-05
3.37596e-05
4.7929e-05
6.00543e-05
6.94332e-05
7.76426e-05
8.57229e-05
9.06694e-06
1.32838e-05
1.72074e-05
2.23492e-05
3.78532e-05
4.95063e-05
5.94049e-05
6.766e-05
7.49533e-05
8.22846e-05
9.24569e-06
1.33953e-05
1.71069e-05
2.6072e-05
4.20653e-05
5.08572e-05
5.84929e-05
6.53658e-05
7.16282e-05
7.81641e-05
9.12878e-06
1.33361e-05
1.66431e-05
3.01742e-05
4.58601e-05
5.19185e-05
5.741e-05
6.26287e-05
6.77062e-05
7.33152e-05
8.60498e-06
1.30058e-05
1.67439e-05
3.5496e-05
4.76787e-05
5.23627e-05
5.59947e-05
5.94563e-05
6.30992e-05
6.74623e-05
7.43144e-06
1.07606e-05
1.66922e-05
3.8972e-05
4.84426e-05
5.19495e-05
5.41891e-05
5.61245e-05
5.82367e-05
6.09234e-05
7.43139e-06
1.07606e-05
1.66922e-05
3.89722e-05
4.84427e-05
5.19495e-05
5.41892e-05
5.61246e-05
5.82368e-05
6.09234e-05
8.22921e-06
1.19725e-05
1.63701e-05
3.37933e-05
4.63785e-05
5.12567e-05
5.51577e-05
5.87397e-05
6.24597e-05
6.69507e-05
8.49448e-06
1.26132e-05
1.81765e-05
2.88551e-05
4.29423e-05
4.96453e-05
5.56403e-05
6.12046e-05
6.64399e-05
7.23648e-05
8.61998e-06
1.30058e-05
1.85624e-05
2.52918e-05
3.83454e-05
4.77415e-05
5.61171e-05
6.34338e-05
6.98976e-05
7.68869e-05
8.61224e-06
1.32351e-05
1.81344e-05
2.10431e-05
3.40171e-05
4.57616e-05
5.66334e-05
6.5354e-05
7.28639e-05
8.07811e-05
8.51692e-06
1.32031e-05
1.75131e-05
1.9063e-05
3.06454e-05
4.37784e-05
5.69777e-05
6.68163e-05
7.5253e-05
8.40555e-05
8.3583e-06
1.30578e-05
1.73395e-05
2.01147e-05
2.66607e-05
4.20554e-05
5.69824e-05
6.76827e-05
7.69423e-05
8.66366e-05
8.038e-06
1.26966e-05
1.68943e-05
1.97038e-05
2.26574e-05
4.05951e-05
5.65494e-05
6.78596e-05
7.77778e-05
8.83692e-05
7.69583e-06
1.22378e-05
1.65924e-05
1.9506e-05
2.13168e-05
3.9092e-05
5.56776e-05
6.72646e-05
7.75188e-05
8.89409e-05
7.40938e-06
1.1727e-05
1.64403e-05
1.99457e-05
2.27606e-05
3.8469e-05
5.49781e-05
6.62379e-05
7.62196e-05
8.78943e-05
7.17936e-06
1.12379e-05
1.62536e-05
2.01524e-05
2.33118e-05
4.04528e-05
5.66064e-05
6.77024e-05
7.77464e-05
8.92334e-05
7.14391e-06
1.09483e-05
1.60807e-05
2.00598e-05
2.25666e-05
4.20899e-05
5.83372e-05
6.96126e-05
7.96939e-05
9.02837e-05
7.44721e-06
1.09998e-05
1.59529e-05
1.96989e-05
2.19866e-05
4.30081e-05
5.89477e-05
6.99994e-05
7.97492e-05
8.95165e-05
7.96093e-06
1.13355e-05
1.59789e-05
1.93832e-05
2.4879e-05
4.34801e-05
5.88299e-05
6.93767e-05
7.85094e-05
8.75345e-05
8.42261e-06
1.18727e-05
1.62382e-05
1.93189e-05
2.92007e-05
4.45286e-05
5.82607e-05
6.80125e-05
7.63673e-05
8.46955e-05
8.66443e-06
1.22075e-05
1.64916e-05
1.85444e-05
3.37868e-05
4.64811e-05
5.74283e-05
6.60806e-05
7.35437e-05
8.11645e-05
8.78596e-06
1.2144e-05
1.65682e-05
2.257e-05
3.7792e-05
4.80456e-05
5.64589e-05
6.37235e-05
7.01733e-05
7.70086e-05
8.93011e-06
1.20264e-05
1.64869e-05
2.70013e-05
4.20919e-05
4.94081e-05
5.54671e-05
6.10379e-05
6.63088e-05
7.21944e-05
8.84687e-06
1.19028e-05
1.59594e-05
3.23201e-05
4.51627e-05
5.03226e-05
5.43277e-05
5.80336e-05
6.18494e-05
6.64254e-05
8.18816e-06
1.0668e-05
1.61525e-05
3.66582e-05
4.65266e-05
5.03228e-05
5.27738e-05
5.48784e-05
5.71441e-05
5.99655e-05
9.31873e-06
1.32419e-05
2.01415e-05
4.07444e-05
5.0069e-05
5.32724e-05
5.52768e-05
5.69752e-05
5.88596e-05
6.13377e-05
1.0044e-05
1.47259e-05
1.95962e-05
3.56163e-05
4.84462e-05
5.28276e-05
5.62907e-05
5.95472e-05
6.30192e-05
6.72385e-05
1.03913e-05
1.52762e-05
1.84007e-05
3.06835e-05
4.52083e-05
5.14071e-05
5.67933e-05
6.1985e-05
6.69986e-05
7.26321e-05
1.05346e-05
1.55988e-05
1.75771e-05
2.74775e-05
4.08949e-05
4.96042e-05
5.72264e-05
6.41912e-05
7.04741e-05
7.71862e-05
1.05501e-05
1.58511e-05
1.86509e-05
2.51594e-05
3.65067e-05
4.77442e-05
5.76915e-05
6.60999e-05
7.34716e-05
8.11304e-05
1.05284e-05
1.58838e-05
1.88826e-05
2.25528e-05
3.26019e-05
4.57483e-05
5.79967e-05
6.7564e-05
7.59042e-05
8.44641e-05
1.046e-05
1.57338e-05
1.85964e-05
1.92058e-05
3.02591e-05
4.35967e-05
5.79096e-05
6.84547e-05
7.76758e-05
8.71294e-05
1.02011e-05
1.55062e-05
1.88133e-05
2.06595e-05
2.77106e-05
4.14354e-05
5.74138e-05
6.86893e-05
7.86475e-05
8.8986e-05
9.66741e-06
1.51517e-05
1.89188e-05
2.12601e-05
2.58916e-05
4.03347e-05
5.66364e-05
6.82186e-05
7.85996e-05
8.97681e-05
9.06781e-06
1.47143e-05
1.91745e-05
2.17447e-05
2.60749e-05
4.01513e-05
5.5966e-05
6.72562e-05
7.7455e-05
8.89649e-05
8.76913e-06
1.41582e-05
1.91288e-05
2.19015e-05
2.64371e-05
4.17934e-05
5.7684e-05
6.88861e-05
7.90024e-05
9.02271e-05
8.7329e-06
1.35689e-05
1.86029e-05
2.14531e-05
2.63699e-05
4.30282e-05
5.92844e-05
7.05187e-05
8.06072e-05
9.10695e-05
8.8063e-06
1.32298e-05
1.79188e-05
2.07433e-05
2.70108e-05
4.41721e-05
6.00751e-05
7.10292e-05
8.07205e-05
9.03243e-05
8.83831e-06
1.31173e-05
1.74279e-05
1.99385e-05
2.97888e-05
4.56791e-05
6.02888e-05
7.05991e-05
7.96237e-05
8.84473e-05
8.83878e-06
1.31349e-05
1.73316e-05
1.90026e-05
3.37598e-05
4.79291e-05
6.00544e-05
6.94332e-05
7.76426e-05
8.57229e-05
9.0669e-06
1.32838e-05
1.72073e-05
2.23493e-05
3.78533e-05
4.95063e-05
5.94049e-05
6.766e-05
7.49533e-05
8.22847e-05
9.24566e-06
1.33952e-05
1.71067e-05
2.60721e-05
4.20654e-05
5.08573e-05
5.8493e-05
6.53659e-05
7.16282e-05
7.81641e-05
9.12875e-06
1.33361e-05
1.6643e-05
3.01744e-05
4.58602e-05
5.19186e-05
5.74101e-05
6.26288e-05
6.77063e-05
7.33152e-05
8.60495e-06
1.30057e-05
1.67439e-05
3.54962e-05
4.76788e-05
5.23628e-05
5.59948e-05
5.94563e-05
6.30992e-05
6.74623e-05
7.43139e-06
1.07606e-05
1.66922e-05
3.89722e-05
4.84427e-05
5.19495e-05
5.41892e-05
5.61246e-05
5.82368e-05
6.09234e-05
7.43144e-06
1.07606e-05
1.66922e-05
3.8972e-05
4.84426e-05
5.19495e-05
5.41891e-05
5.61245e-05
5.82367e-05
6.09234e-05
8.22928e-06
1.19725e-05
1.63702e-05
3.37932e-05
4.63784e-05
5.12566e-05
5.51576e-05
5.87396e-05
6.24596e-05
6.69506e-05
8.49455e-06
1.26133e-05
1.81766e-05
2.88551e-05
4.29422e-05
4.96452e-05
5.56402e-05
6.12046e-05
6.64399e-05
7.23648e-05
8.62005e-06
1.30059e-05
1.85625e-05
2.52917e-05
3.83453e-05
4.77414e-05
5.61171e-05
6.34338e-05
6.98976e-05
7.68869e-05
8.6123e-06
1.32352e-05
1.81345e-05
2.10429e-05
3.40171e-05
4.57616e-05
5.66333e-05
6.5354e-05
7.28639e-05
8.0781e-05
8.51698e-06
1.32032e-05
1.75132e-05
1.90632e-05
3.06454e-05
4.37784e-05
5.69777e-05
6.68163e-05
7.5253e-05
8.40555e-05
8.35836e-06
1.30579e-05
1.73396e-05
2.01148e-05
2.66607e-05
4.20554e-05
5.69824e-05
6.76827e-05
7.69423e-05
8.66366e-05
8.03806e-06
1.26967e-05
1.68944e-05
1.97038e-05
2.26574e-05
4.05952e-05
5.65494e-05
6.78597e-05
7.77778e-05
8.83692e-05
7.69588e-06
1.22378e-05
1.65925e-05
1.95061e-05
2.13169e-05
3.9092e-05
5.56776e-05
6.72647e-05
7.75188e-05
8.89409e-05
7.40941e-06
1.17271e-05
1.64404e-05
1.99458e-05
2.27606e-05
3.84691e-05
5.49782e-05
6.62379e-05
7.62196e-05
8.78943e-05
7.17938e-06
1.1238e-05
1.62536e-05
2.01524e-05
2.33119e-05
4.04529e-05
5.66065e-05
6.77024e-05
7.77464e-05
8.92334e-05
7.1439e-06
1.09483e-05
1.60808e-05
2.00599e-05
2.25666e-05
4.20899e-05
5.83373e-05
6.96126e-05
7.96939e-05
9.02837e-05
7.44716e-06
1.09998e-05
1.59529e-05
1.9699e-05
2.19866e-05
4.30081e-05
5.89478e-05
6.99994e-05
7.97492e-05
8.95165e-05
7.96088e-06
1.13355e-05
1.59789e-05
1.93832e-05
2.4879e-05
4.34801e-05
5.88299e-05
6.93768e-05
7.85094e-05
8.75345e-05
8.42257e-06
1.18727e-05
1.62382e-05
1.93189e-05
2.92006e-05
4.45286e-05
5.82608e-05
6.80125e-05
7.63673e-05
8.46955e-05
8.6644e-06
1.22075e-05
1.64915e-05
1.85444e-05
3.37867e-05
4.6481e-05
5.74283e-05
6.60806e-05
7.35437e-05
8.11646e-05
8.78594e-06
1.2144e-05
1.65682e-05
2.25699e-05
3.77919e-05
4.80456e-05
5.64589e-05
6.37235e-05
7.01733e-05
7.70086e-05
8.93009e-06
1.20264e-05
1.64869e-05
2.70012e-05
4.20918e-05
4.94081e-05
5.54671e-05
6.1038e-05
6.63088e-05
7.21944e-05
8.84687e-06
1.19027e-05
1.59594e-05
3.232e-05
4.51626e-05
5.03226e-05
5.43277e-05
5.80336e-05
6.18494e-05
6.64254e-05
8.18816e-06
1.0668e-05
1.61525e-05
3.66582e-05
4.65266e-05
5.03228e-05
5.27738e-05
5.48784e-05
5.71441e-05
5.99655e-05
)
;
    }
}


// ************************************************************************* //
