/*--------------------------------*- C++ -*----------------------------------*\
| =========                 |                                                 |
| \\      /  F ield         | OpenFOAM: The Open Source CFD Toolbox           |
|  \\    /   O peration     | Version:  1.7.1                                 |
|   \\  /    A nd           | Web:      www.OpenFOAM.com                      |
|    \\/     M anipulation  |                                                 |
\*---------------------------------------------------------------------------*/
FoamFile
{
    version     2.0;
    format      ascii;
    class       volScalarField;
    location    "1200";
    object      epsilon;
}
// * * * * * * * * * * * * * * * * * * * * * * * * * * * * * * * * * * * * * //

dimensions      [0 2 -3 0 0 0 0];

internalField   nonuniform List<scalar> 
4000
(
1.42307e-08
1.55166e-08
1.61564e-08
1.64245e-08
1.64529e-08
1.64156e-08
1.62942e-08
1.58028e-08
1.48206e-08
1.37623e-08
1.32513e-08
1.31901e-08
1.33153e-08
1.33768e-08
1.33789e-08
1.37552e-08
1.40667e-08
1.38782e-08
1.30166e-08
1.12014e-08
2.22914e-08
2.598e-08
2.74666e-08
2.83514e-08
2.90495e-08
2.91475e-08
2.87334e-08
2.81071e-08
2.7138e-08
2.59611e-08
2.45049e-08
2.30167e-08
2.21852e-08
2.19134e-08
2.19562e-08
2.23147e-08
2.25959e-08
2.24711e-08
2.16767e-08
1.68695e-08
4.3993e-08
4.17808e-08
3.73805e-08
3.43871e-08
3.79736e-08
3.88013e-08
3.78058e-08
3.85714e-08
3.89524e-08
3.98643e-08
3.96919e-08
3.78218e-08
3.54819e-08
3.38496e-08
3.35255e-08
3.31207e-08
3.28274e-08
3.14389e-08
3.18046e-08
3.17047e-08
1.90301e-07
1.39373e-07
1.00301e-07
7.94485e-08
6.64146e-08
5.36948e-08
3.99878e-08
4.54983e-08
4.79801e-08
5.00358e-08
5.06975e-08
4.87944e-08
4.58597e-08
4.26629e-08
3.92326e-08
5.25769e-08
7.10385e-08
9.61277e-08
1.37267e-07
1.69905e-07
3.12677e-07
2.87851e-07
2.42491e-07
1.90286e-07
1.46015e-07
1.1359e-07
9.68209e-08
8.06625e-08
7.0522e-08
7.16979e-08
7.37282e-08
7.32862e-08
7.66879e-08
9.36755e-08
1.22738e-07
1.58886e-07
2.03394e-07
2.50769e-07
2.75951e-07
2.87005e-07
3.65875e-07
3.58111e-07
3.34019e-07
3.051e-07
2.77301e-07
2.4957e-07
2.22697e-07
1.98121e-07
1.86575e-07
1.84676e-07
2.02549e-07
2.16646e-07
2.30303e-07
2.49269e-07
2.80061e-07
3.03406e-07
3.24597e-07
3.41987e-07
3.49371e-07
3.42353e-07
4.02372e-07
4.21686e-07
4.31329e-07
4.39685e-07
4.4891e-07
4.5516e-07
4.53625e-07
4.43951e-07
4.28852e-07
4.15982e-07
4.49472e-07
4.82464e-07
4.99252e-07
5.03673e-07
4.98339e-07
4.84209e-07
4.64973e-07
4.42881e-07
4.15075e-07
3.81493e-07
4.35268e-07
4.88324e-07
5.42501e-07
5.95021e-07
6.4333e-07
6.82291e-07
7.06851e-07
7.13496e-07
7.00481e-07
6.743e-07
7.19137e-07
7.66232e-07
7.81294e-07
7.68356e-07
7.34279e-07
6.84589e-07
6.23942e-07
5.5671e-07
4.85399e-07
4.17771e-07
4.73861e-07
5.67112e-07
6.67615e-07
7.65096e-07
8.56944e-07
9.37059e-07
9.98671e-07
1.03369e-06
1.032e-06
9.91065e-07
1.0471e-06
1.10739e-06
1.11165e-06
1.06996e-06
9.97577e-07
9.0499e-07
7.99147e-07
6.85945e-07
5.68045e-07
4.60013e-07
5.28105e-07
6.74298e-07
8.30826e-07
9.81543e-07
1.12691e-06
1.26123e-06
1.37657e-06
1.46135e-06
1.49833e-06
1.46105e-06
1.52095e-06
1.56138e-06
1.5251e-06
1.43672e-06
1.31508e-06
1.17224e-06
1.01596e-06
8.51631e-07
6.79403e-07
5.17884e-07
1.55166e-08
1.99472e-08
2.24597e-08
2.40018e-08
2.49155e-08
2.59129e-08
2.68324e-08
2.56946e-08
2.30054e-08
2.08126e-08
2.01154e-08
2.03054e-08
2.09982e-08
2.19009e-08
2.25244e-08
2.23295e-08
2.14477e-08
1.97022e-08
1.70796e-08
1.23976e-08
2.598e-08
3.02593e-08
2.95223e-08
2.85915e-08
2.87541e-08
2.9567e-08
2.94957e-08
2.81589e-08
2.72588e-08
2.69041e-08
2.63804e-08
2.55552e-08
2.51787e-08
2.59482e-08
2.84532e-08
2.93719e-08
2.70693e-08
2.44712e-08
2.22648e-08
1.93502e-08
4.17808e-08
4.20402e-08
4.53704e-08
4.92266e-08
4.56105e-08
4.07632e-08
3.98682e-08
3.60377e-08
3.45415e-08
3.45281e-08
3.44805e-08
3.35041e-08
3.22467e-08
3.21606e-08
3.59531e-08
3.56871e-08
3.81997e-08
4.316e-08
4.046e-08
3.05909e-08
1.39373e-07
1.34027e-07
1.08243e-07
9.23072e-08
8.3646e-08
7.52151e-08
6.59342e-08
5.15211e-08
4.53411e-08
4.39741e-08
4.36175e-08
4.28202e-08
4.3345e-08
5.01917e-08
6.70185e-08
7.44862e-08
8.16626e-08
9.83321e-08
1.21197e-07
1.22702e-07
2.87851e-07
3.07586e-07
2.55581e-07
1.94083e-07
1.45836e-07
1.13845e-07
9.79481e-08
8.50273e-08
6.93446e-08
6.04823e-08
6.03809e-08
6.56471e-08
8.11695e-08
1.03177e-07
1.25572e-07
1.52695e-07
2.00922e-07
2.5332e-07
2.83786e-07
2.57515e-07
3.5811e-07
3.22885e-07
3.03462e-07
2.77905e-07
2.42611e-07
2.03806e-07
1.73632e-07
1.50703e-07
1.36812e-07
1.29134e-07
1.35689e-07
1.47641e-07
1.61364e-07
1.82262e-07
2.16563e-07
2.58066e-07
2.84874e-07
2.9918e-07
3.0607e-07
3.30792e-07
4.21686e-07
3.6761e-07
3.69842e-07
3.75255e-07
3.80539e-07
3.70549e-07
3.35435e-07
2.93663e-07
2.63217e-07
2.52277e-07
2.73274e-07
3.03822e-07
3.37801e-07
3.74162e-07
4.03161e-07
4.01409e-07
3.87883e-07
3.70643e-07
3.54873e-07
3.99239e-07
4.88323e-07
4.47641e-07
4.81015e-07
5.20787e-07
5.60446e-07
5.87647e-07
5.93612e-07
5.74839e-07
5.34372e-07
4.93132e-07
5.37136e-07
6.08224e-07
6.49603e-07
6.56322e-07
6.33555e-07
5.92119e-07
5.41577e-07
4.88834e-07
4.39734e-07
4.70327e-07
5.67112e-07
6.03696e-07
7.02872e-07
8.03233e-07
9.04853e-07
9.95156e-07
1.06036e-06
1.08591e-06
1.0519e-06
9.56044e-07
1.02923e-06
1.15315e-06
1.18787e-06
1.14757e-06
1.06293e-06
9.54598e-07
8.36827e-07
7.20352e-07
6.02148e-07
5.53001e-07
6.74298e-07
8.74978e-07
1.10093e-06
1.33199e-06
1.56642e-06
1.79314e-06
1.99724e-06
2.15611e-06
2.23881e-06
2.20862e-06
2.2868e-06
2.32015e-06
2.23506e-06
2.06775e-06
1.85298e-06
1.6145e-06
1.36727e-06
1.12185e-06
8.8054e-07
6.65749e-07
1.61564e-08
2.24598e-08
2.60203e-08
2.83315e-08
2.9976e-08
3.21838e-08
3.44191e-08
3.39162e-08
3.09091e-08
2.86089e-08
2.789e-08
2.79992e-08
2.85464e-08
2.91533e-08
2.89967e-08
2.77353e-08
2.57462e-08
2.30835e-08
1.93872e-08
1.27999e-08
2.74667e-08
2.95223e-08
3.02543e-08
3.08246e-08
3.21549e-08
3.39819e-08
3.48713e-08
3.41782e-08
3.37228e-08
3.36141e-08
3.30799e-08
3.19832e-08
3.1224e-08
3.14964e-08
3.38033e-08
3.48861e-08
3.21352e-08
2.79985e-08
2.4179e-08
2.06978e-08
3.73805e-08
4.53705e-08
5.09859e-08
5.26389e-08
4.855e-08
4.6434e-08
4.65345e-08
4.28528e-08
4.15092e-08
4.16039e-08
4.16207e-08
4.05682e-08
3.95983e-08
3.93777e-08
4.42989e-08
4.60095e-08
4.38821e-08
4.61928e-08
4.74567e-08
3.62776e-08
1.00301e-07
1.08243e-07
1.00072e-07
9.43367e-08
9.10155e-08
8.54873e-08
7.56063e-08
6.18158e-08
5.42648e-08
5.20894e-08
5.20227e-08
5.17782e-08
5.44699e-08
6.13747e-08
8.19299e-08
9.26065e-08
8.92642e-08
9.27349e-08
9.69069e-08
8.72818e-08
2.4249e-07
2.5558e-07
2.19547e-07
1.74575e-07
1.38856e-07
1.14307e-07
1.01488e-07
9.05898e-08
7.71843e-08
6.73461e-08
6.59153e-08
7.27049e-08
9.19831e-08
1.1449e-07
1.31351e-07
1.44905e-07
1.72995e-07
2.08362e-07
2.29594e-07
2.13051e-07
3.34018e-07
3.03462e-07
2.7476e-07
2.42064e-07
2.03489e-07
1.69829e-07
1.45839e-07
1.28445e-07
1.14912e-07
1.0501e-07
1.08423e-07
1.20747e-07
1.31925e-07
1.47152e-07
1.72399e-07
2.04507e-07
2.36158e-07
2.587e-07
2.78931e-07
3.04957e-07
4.31328e-07
3.69842e-07
3.45717e-07
3.279e-07
3.08649e-07
2.77204e-07
2.46545e-07
2.18264e-07
1.98517e-07
1.91476e-07
2.02398e-07
2.15544e-07
2.34189e-07
2.58565e-07
2.85225e-07
3.11754e-07
3.24212e-07
3.32864e-07
3.49904e-07
4.08023e-07
5.42501e-07
4.81015e-07
4.95949e-07
5.12849e-07
5.22067e-07
5.11399e-07
4.77537e-07
4.33054e-07
3.95039e-07
3.61694e-07
3.89929e-07
4.40303e-07
4.74783e-07
5.10772e-07
5.34998e-07
5.35128e-07
5.14523e-07
4.85177e-07
4.63114e-07
5.23668e-07
6.67614e-07
7.02872e-07
8.63437e-07
1.04218e-06
1.21862e-06
1.37069e-06
1.47973e-06
1.50425e-06
1.38317e-06
1.17321e-06
1.2718e-06
1.545e-06
1.65929e-06
1.60014e-06
1.45083e-06
1.26691e-06
1.0604e-06
8.5864e-07
6.88539e-07
6.5177e-07
8.30826e-07
1.10093e-06
1.40545e-06
1.72525e-06
2.05701e-06
2.38571e-06
2.6909e-06
2.93787e-06
3.07896e-06
3.06141e-06
3.15769e-06
3.17449e-06
3.02448e-06
2.76242e-06
2.44142e-06
2.09808e-06
1.7529e-06
1.42027e-06
1.10347e-06
8.21558e-07
1.64245e-08
2.40018e-08
2.83315e-08
3.10184e-08
3.34176e-08
3.66229e-08
4.02775e-08
4.14921e-08
3.88723e-08
3.63475e-08
3.54223e-08
3.51296e-08
3.50163e-08
3.48166e-08
3.42296e-08
3.20689e-08
2.91422e-08
2.56826e-08
2.09548e-08
1.29869e-08
2.83515e-08
2.85916e-08
3.08246e-08
3.27123e-08
3.51684e-08
3.78765e-08
3.95839e-08
3.99978e-08
4.04033e-08
4.09208e-08
4.05437e-08
3.88955e-08
3.73855e-08
3.67708e-08
3.76533e-08
3.86565e-08
3.59323e-08
3.11063e-08
2.62256e-08
2.15663e-08
3.43872e-08
4.92268e-08
5.2639e-08
5.11706e-08
4.97945e-08
5.16297e-08
5.12583e-08
4.90256e-08
4.87752e-08
4.9978e-08
5.04673e-08
4.87395e-08
4.74517e-08
4.6423e-08
4.88167e-08
5.34786e-08
4.94971e-08
4.53503e-08
4.30504e-08
3.76019e-08
7.94484e-08
9.23072e-08
9.43367e-08
9.49475e-08
9.37897e-08
8.77459e-08
7.79371e-08
6.78157e-08
6.17832e-08
6.11828e-08
6.21134e-08
6.06024e-08
6.35272e-08
6.92794e-08
8.33576e-08
9.95798e-08
9.62725e-08
9.07861e-08
8.43852e-08
6.66754e-08
1.90285e-07
1.94082e-07
1.74575e-07
1.49113e-07
1.27122e-07
1.1186e-07
1.03139e-07
9.44812e-08
8.27394e-08
7.6308e-08
7.63902e-08
7.99707e-08
9.83694e-08
1.20152e-07
1.34781e-07
1.39081e-07
1.46835e-07
1.60677e-07
1.69086e-07
1.62721e-07
3.05099e-07
2.77904e-07
2.42063e-07
2.06462e-07
1.72766e-07
1.4661e-07
1.28316e-07
1.15646e-07
1.07511e-07
1.06899e-07
1.09099e-07
1.11696e-07
1.19485e-07
1.28476e-07
1.44688e-07
1.65613e-07
1.90138e-07
2.16918e-07
2.48115e-07
2.76296e-07
4.39684e-07
3.75254e-07
3.279e-07
2.90062e-07
2.54912e-07
2.28445e-07
2.07797e-07
1.92291e-07
1.83323e-07
1.82999e-07
1.88277e-07
1.86594e-07
1.90866e-07
2.03295e-07
2.20394e-07
2.41528e-07
2.6849e-07
3.02984e-07
3.52167e-07
4.16748e-07
5.9502e-07
5.20787e-07
5.12848e-07
5.06878e-07
4.93434e-07
4.81926e-07
4.76419e-07
4.63041e-07
4.35146e-07
3.99257e-07
4.23583e-07
4.68067e-07
4.86546e-07
4.85997e-07
4.75884e-07
4.65727e-07
4.77758e-07
4.83242e-07
4.98156e-07
5.75335e-07
7.65095e-07
8.03232e-07
1.04217e-06
1.36297e-06
1.711e-06
1.94342e-06
2.07791e-06
2.12047e-06
1.98996e-06
1.72149e-06
1.83512e-06
2.16231e-06
2.26989e-06
2.16388e-06
1.96646e-06
1.72473e-06
1.34929e-06
1.01164e-06
7.80775e-07
7.46986e-07
9.81542e-07
1.33199e-06
1.72525e-06
2.14625e-06
2.59072e-06
3.04034e-06
3.47125e-06
3.83729e-06
4.06675e-06
4.09188e-06
4.20036e-06
4.17237e-06
3.9234e-06
3.53376e-06
3.08096e-06
2.61509e-06
2.15886e-06
1.72945e-06
1.32898e-06
9.69858e-07
1.64529e-08
2.49156e-08
2.9976e-08
3.34176e-08
3.64529e-08
4.02508e-08
4.52339e-08
4.89416e-08
4.80604e-08
4.46982e-08
4.29249e-08
4.18747e-08
4.13945e-08
4.13367e-08
3.98245e-08
3.68858e-08
3.29543e-08
2.82796e-08
2.23334e-08
1.29739e-08
2.90496e-08
2.87541e-08
3.2155e-08
3.51684e-08
3.8486e-08
4.18593e-08
4.42743e-08
4.62179e-08
4.83874e-08
5.04852e-08
5.02018e-08
4.71223e-08
4.42574e-08
4.21614e-08
4.07656e-08
4.02446e-08
3.78746e-08
3.30426e-08
2.76821e-08
2.21085e-08
3.79738e-08
4.56108e-08
4.85501e-08
4.97945e-08
5.29108e-08
5.52703e-08
5.47943e-08
5.4414e-08
5.61685e-08
6.03836e-08
6.21324e-08
5.86406e-08
5.48442e-08
5.27186e-08
5.15933e-08
5.41564e-08
5.37414e-08
4.79513e-08
4.12456e-08
3.61515e-08
6.64146e-08
8.36462e-08
9.10156e-08
9.37898e-08
9.15276e-08
8.52568e-08
7.73635e-08
7.04282e-08
6.74164e-08
7.19721e-08
7.48536e-08
7.01274e-08
6.9387e-08
7.34144e-08
8.01425e-08
9.21719e-08
9.54399e-08
8.81539e-08
7.61149e-08
4.70587e-08
1.46014e-07
1.45835e-07
1.38855e-07
1.27122e-07
1.16351e-07
1.08597e-07
1.02905e-07
9.50314e-08
8.6565e-08
8.79044e-08
9.03262e-08
8.67105e-08
9.86014e-08
1.17761e-07
1.31936e-07
1.34605e-07
1.3129e-07
1.29353e-07
1.25711e-07
1.23594e-07
2.773e-07
2.4261e-07
2.03489e-07
1.72766e-07
1.47892e-07
1.28915e-07
1.15803e-07
1.08883e-07
1.10136e-07
1.23252e-07
1.26312e-07
1.14545e-07
1.14418e-07
1.17822e-07
1.26093e-07
1.38389e-07
1.53728e-07
1.74724e-07
2.09921e-07
2.48523e-07
4.48908e-07
3.80538e-07
3.08648e-07
2.54911e-07
2.22669e-07
2.02885e-07
1.91478e-07
1.87123e-07
1.90841e-07
2.10207e-07
2.08362e-07
1.83811e-07
1.74589e-07
1.76008e-07
1.84328e-07
1.98899e-07
2.23982e-07
2.72527e-07
3.54176e-07
4.26409e-07
6.43329e-07
5.60445e-07
5.22066e-07
4.93433e-07
4.98237e-07
5.28427e-07
5.60306e-07
5.7682e-07
5.61035e-07
5.24515e-07
5.38684e-07
5.74315e-07
5.78178e-07
5.44891e-07
4.96059e-07
4.49768e-07
4.30103e-07
4.76155e-07
5.3581e-07
6.22611e-07
8.56942e-07
9.04851e-07
1.21862e-06
1.71099e-06
2.15095e-06
2.56707e-06
2.92815e-06
3.12153e-06
2.97842e-06
2.54192e-06
2.67418e-06
3.12496e-06
3.23768e-06
2.98415e-06
2.55579e-06
2.07003e-06
1.63581e-06
1.16742e-06
8.76365e-07
8.36094e-07
1.12691e-06
1.56641e-06
2.057e-06
2.59072e-06
3.1648e-06
3.77457e-06
4.3829e-06
4.92604e-06
5.31285e-06
5.46045e-06
5.58099e-06
5.42296e-06
5.0087e-06
4.43586e-06
3.801e-06
3.16975e-06
2.58513e-06
2.04927e-06
1.5567e-06
1.11184e-06
1.64157e-08
2.59131e-08
3.21839e-08
3.6623e-08
4.02509e-08
4.43297e-08
5.04089e-08
5.64919e-08
5.87233e-08
5.53684e-08
5.17331e-08
5.07696e-08
5.06108e-08
4.87584e-08
4.52987e-08
4.11586e-08
3.63838e-08
3.06672e-08
2.33054e-08
1.28208e-08
2.91476e-08
2.95671e-08
3.3982e-08
3.78765e-08
4.18593e-08
4.59571e-08
4.99113e-08
5.36483e-08
5.83448e-08
6.46238e-08
6.56279e-08
5.88578e-08
5.22437e-08
4.76542e-08
4.39206e-08
4.09434e-08
3.7795e-08
3.33134e-08
2.76257e-08
2.20441e-08
3.88015e-08
4.07634e-08
4.64342e-08
5.16297e-08
5.52703e-08
5.70584e-08
5.7988e-08
5.98012e-08
6.46411e-08
7.45553e-08
7.924e-08
7.10564e-08
6.18429e-08
5.72074e-08
5.37948e-08
5.20465e-08
5.10386e-08
4.73587e-08
4.03067e-08
3.40932e-08
5.36948e-08
7.52154e-08
8.54876e-08
8.7746e-08
8.52568e-08
8.06882e-08
7.56782e-08
7.20636e-08
7.35819e-08
8.72899e-08
9.51777e-08
8.25685e-08
7.38725e-08
7.40315e-08
7.62103e-08
8.03367e-08
8.34664e-08
8.03627e-08
6.89989e-08
3.91769e-08
1.1359e-07
1.13844e-07
1.14307e-07
1.1186e-07
1.08597e-07
1.05154e-07
1.00164e-07
9.37377e-08
9.13946e-08
1.06841e-07
1.15073e-07
9.72153e-08
9.67783e-08
1.08884e-07
1.20395e-07
1.2517e-07
1.2097e-07
1.12786e-07
1.03185e-07
9.84329e-08
2.49568e-07
2.03805e-07
1.69829e-07
1.4661e-07
1.28915e-07
1.15694e-07
1.07846e-07
1.06983e-07
1.18058e-07
1.51725e-07
1.59305e-07
1.2464e-07
1.13761e-07
1.11784e-07
1.13807e-07
1.19688e-07
1.28848e-07
1.43813e-07
1.72548e-07
2.2284e-07
4.55158e-07
3.70548e-07
2.77204e-07
2.28445e-07
2.02885e-07
1.90548e-07
1.87178e-07
1.92983e-07
2.13584e-07
2.68661e-07
2.60733e-07
1.99519e-07
1.74817e-07
1.66054e-07
1.66231e-07
1.74366e-07
1.94386e-07
2.38835e-07
3.37029e-07
4.32916e-07
6.82289e-07
5.87645e-07
5.11397e-07
4.81925e-07
5.28427e-07
5.9949e-07
6.69541e-07
7.1186e-07
6.97127e-07
6.59613e-07
6.59416e-07
6.91595e-07
6.97547e-07
6.3896e-07
5.51733e-07
4.67924e-07
4.15503e-07
4.48791e-07
5.61148e-07
6.60375e-07
9.37057e-07
9.95153e-07
1.37068e-06
1.94341e-06
2.56707e-06
3.24292e-06
3.83871e-06
4.15456e-06
3.87775e-06
3.18942e-06
3.283e-06
3.98627e-06
4.2702e-06
3.90072e-06
3.23013e-06
2.48611e-06
1.80935e-06
1.30966e-06
9.62209e-07
9.13078e-07
1.26122e-06
1.79314e-06
2.38571e-06
3.04034e-06
3.77457e-06
4.57756e-06
5.40469e-06
6.18174e-06
6.80278e-06
7.18575e-06
7.32775e-06
6.92767e-06
6.26774e-06
5.45354e-06
4.59445e-06
3.76818e-06
3.02142e-06
2.36817e-06
1.77683e-06
1.24211e-06
1.62942e-08
2.68325e-08
3.44193e-08
4.02777e-08
4.52341e-08
5.04091e-08
5.69947e-08
6.48706e-08
7.13372e-08
7.29867e-08
6.84969e-08
6.54792e-08
6.16809e-08
5.62618e-08
5.04455e-08
4.45342e-08
3.84376e-08
3.16443e-08
2.3386e-08
1.25598e-08
2.87335e-08
2.94958e-08
3.48714e-08
3.95839e-08
4.42743e-08
4.99113e-08
5.60089e-08
6.3315e-08
7.53265e-08
9.81147e-08
1.02579e-07
7.97237e-08
6.32629e-08
5.36732e-08
4.72056e-08
4.18982e-08
3.69478e-08
3.17009e-08
2.58615e-08
2.16996e-08
3.78059e-08
3.98684e-08
4.65347e-08
5.12583e-08
5.47943e-08
5.79879e-08
6.14623e-08
6.76149e-08
8.30145e-08
1.22853e-07
1.35634e-07
9.83178e-08
7.24357e-08
6.10629e-08
5.51587e-08
5.05604e-08
4.63969e-08
4.12745e-08
3.49171e-08
3.35175e-08
3.9988e-08
6.59346e-08
7.56065e-08
7.79372e-08
7.73635e-08
7.56783e-08
7.41589e-08
7.59969e-08
9.25048e-08
1.62008e-07
1.90169e-07
1.20977e-07
8.33015e-08
7.36648e-08
7.16846e-08
7.0633e-08
6.87481e-08
6.30841e-08
5.37446e-08
4.32042e-08
9.68206e-08
9.7948e-08
1.01488e-07
1.03139e-07
1.02905e-07
1.00164e-07
9.59571e-08
9.39772e-08
1.09737e-07
2.06452e-07
2.50236e-07
1.36642e-07
9.91996e-08
9.91977e-08
1.04405e-07
1.08061e-07
1.06349e-07
9.84504e-08
8.61103e-08
7.3726e-08
2.22695e-07
1.73631e-07
1.45838e-07
1.28316e-07
1.15803e-07
1.07846e-07
1.05031e-07
1.10407e-07
1.4065e-07
2.74272e-07
3.25079e-07
1.59156e-07
1.18235e-07
1.09206e-07
1.06275e-07
1.07256e-07
1.1163e-07
1.21752e-07
1.44851e-07
2.02279e-07
4.53623e-07
3.35433e-07
2.46545e-07
2.07797e-07
1.91478e-07
1.87178e-07
1.92056e-07
2.09179e-07
2.6031e-07
4.55072e-07
4.59408e-07
2.47442e-07
1.89325e-07
1.69191e-07
1.61499e-07
1.61923e-07
1.7431e-07
2.10109e-07
3.03227e-07
4.32876e-07
7.06849e-07
5.9361e-07
4.77535e-07
4.76418e-07
5.60305e-07
6.69541e-07
7.72566e-07
8.23858e-07
7.92871e-07
8.53633e-07
8.4763e-07
7.73452e-07
7.93719e-07
7.32244e-07
6.16255e-07
4.97349e-07
4.10106e-07
4.13885e-07
5.60231e-07
6.83412e-07
9.98668e-07
1.06035e-06
1.47972e-06
2.07791e-06
2.92814e-06
3.83871e-06
4.65212e-06
4.98313e-06
4.34379e-06
3.9001e-06
3.96627e-06
4.34009e-06
4.97832e-06
4.66738e-06
3.81005e-06
2.85409e-06
1.95713e-06
1.40495e-06
1.02178e-06
9.70347e-07
1.37656e-06
1.99723e-06
2.69089e-06
3.47124e-06
4.38289e-06
5.40469e-06
6.49678e-06
7.5869e-06
8.59569e-06
9.53077e-06
9.73009e-06
8.75742e-06
7.67939e-06
6.54139e-06
5.41391e-06
4.36764e-06
3.44358e-06
2.66378e-06
1.9733e-06
1.35212e-06
1.58029e-08
2.56947e-08
3.39163e-08
4.14923e-08
4.89419e-08
5.64922e-08
6.48708e-08
7.57227e-08
8.78637e-08
9.97951e-08
9.74784e-08
8.74088e-08
7.58989e-08
6.44676e-08
5.51696e-08
4.70306e-08
3.92505e-08
3.12184e-08
2.23288e-08
1.20542e-08
2.81072e-08
2.8159e-08
3.41783e-08
3.99979e-08
4.6218e-08
5.36484e-08
6.3315e-08
7.98421e-08
1.14452e-07
1.88844e-07
1.95931e-07
1.23294e-07
8.23834e-08
6.14866e-08
5.06527e-08
4.30805e-08
3.64703e-08
3.01478e-08
2.39298e-08
2.08697e-08
3.85716e-08
3.60378e-08
4.28529e-08
4.90256e-08
5.4414e-08
5.98012e-08
6.76149e-08
8.78359e-08
1.58219e-07
4.7206e-07
4.81475e-07
1.82755e-07
9.67134e-08
6.71369e-08
5.62455e-08
4.94943e-08
4.34401e-08
3.72106e-08
3.10793e-08
3.21191e-08
4.54986e-08
5.15213e-08
6.18159e-08
6.78158e-08
7.04283e-08
7.20636e-08
7.59969e-08
9.70443e-08
2.20248e-07
9.58905e-07
1.02104e-06
3.07927e-07
1.14893e-07
7.61799e-08
6.73767e-08
6.29827e-08
5.82123e-08
5.17065e-08
4.33727e-08
4.17209e-08
8.06622e-08
8.50272e-08
9.05898e-08
9.44812e-08
9.50314e-08
9.37377e-08
9.39772e-08
1.12585e-07
2.86772e-07
1.53596e-06
1.71676e-06
4.19129e-07
1.31169e-07
9.46818e-08
9.07975e-08
8.99998e-08
8.74809e-08
8.07317e-08
6.74362e-08
5.36477e-08
1.98119e-07
1.50703e-07
1.28444e-07
1.15645e-07
1.08883e-07
1.06983e-07
1.10407e-07
1.34466e-07
3.4921e-07
1.99857e-06
2.33652e-06
4.57348e-07
1.49394e-07
1.12394e-07
1.03974e-07
9.99266e-08
9.88682e-08
1.04446e-07
1.2426e-07
1.86061e-07
4.43949e-07
2.93661e-07
2.18263e-07
1.92291e-07
1.87123e-07
1.92983e-07
2.09179e-07
2.55201e-07
5.39006e-07
2.47083e-06
2.60153e-06
5.72519e-07
2.38353e-07
1.8503e-07
1.65899e-07
1.56939e-07
1.59866e-07
1.84921e-07
2.67864e-07
4.24331e-07
7.13494e-07
5.74837e-07
4.33052e-07
4.63039e-07
5.76819e-07
7.11859e-07
8.23858e-07
8.5996e-07
9.8366e-07
2.49075e-06
2.5489e-06
9.87514e-07
8.15269e-07
7.68955e-07
6.51882e-07
5.1187e-07
3.98264e-07
3.75753e-07
5.35707e-07
6.88013e-07
1.03368e-06
1.0859e-06
1.50425e-06
2.12047e-06
3.12152e-06
4.15456e-06
4.98313e-06
4.94365e-06
4.64115e-06
6.6606e-06
6.59332e-06
4.64481e-06
4.79207e-06
4.85819e-06
4.08102e-06
3.02695e-06
2.01006e-06
1.41079e-06
1.04072e-06
9.99449e-07
1.46135e-06
2.15611e-06
2.93787e-06
3.83728e-06
4.92603e-06
6.18174e-06
7.5869e-06
9.12962e-06
1.09306e-05
1.31979e-05
1.35129e-05
1.11714e-05
9.24667e-06
7.62712e-06
6.18171e-06
4.90048e-06
3.79937e-06
2.9003e-06
2.12307e-06
1.42969e-06
1.48207e-08
2.30055e-08
3.09093e-08
3.88725e-08
4.80606e-08
5.87236e-08
7.13375e-08
8.78639e-08
1.04848e-07
1.20022e-07
1.1974e-07
1.10614e-07
9.29985e-08
7.34727e-08
5.93934e-08
4.83689e-08
3.86507e-08
2.95321e-08
2.05823e-08
1.15339e-08
2.71382e-08
2.72589e-08
3.3723e-08
4.04034e-08
4.83876e-08
5.83449e-08
7.53266e-08
1.14452e-07
2.2276e-07
1.00429e-06
9.80685e-07
2.0964e-07
1.16827e-07
7.35936e-08
5.48841e-08
4.44236e-08
3.6205e-08
2.89508e-08
2.2313e-08
1.98445e-08
3.89526e-08
3.45417e-08
4.15093e-08
4.87753e-08
5.61686e-08
6.46412e-08
8.30145e-08
1.58218e-07
6.56349e-07
4.82389e-06
4.27476e-06
5.85409e-07
1.63925e-07
8.11623e-08
5.90663e-08
4.93006e-08
4.16296e-08
3.49349e-08
2.9025e-08
3.11896e-08
4.79803e-08
4.53412e-08
5.42649e-08
6.17833e-08
6.74165e-08
7.35819e-08
9.25048e-08
2.20248e-07
1.41943e-06
1.01401e-05
9.03203e-06
1.33979e-06
2.45678e-07
9.34875e-08
6.71222e-08
5.81038e-08
5.16247e-08
4.52147e-08
3.84801e-08
4.09818e-08
7.05217e-08
6.93446e-08
7.71844e-08
8.27395e-08
8.65651e-08
9.13947e-08
1.09737e-07
2.86772e-07
2.41544e-06
1.61694e-05
1.4626e-05
2.46439e-06
3.38609e-07
1.11705e-07
8.49692e-08
7.76672e-08
7.19781e-08
6.55803e-08
5.57912e-08
4.77891e-08
1.86574e-07
1.36811e-07
1.14912e-07
1.07511e-07
1.10136e-07
1.18058e-07
1.4065e-07
3.4921e-07
3.21718e-06
2.07982e-05
1.91437e-05
3.42549e-06
4.07039e-07
1.38613e-07
1.09197e-07
9.81189e-08
9.06591e-08
9.01103e-08
1.08001e-07
1.70376e-07
4.2885e-07
2.63216e-07
1.98516e-07
1.83322e-07
1.90841e-07
2.13584e-07
2.6031e-07
5.39006e-07
3.70997e-06
2.23501e-05
2.06352e-05
3.81658e-06
5.43603e-07
2.30851e-07
1.80588e-07
1.55703e-07
1.46433e-07
1.64857e-07
2.38564e-07
4.07561e-07
7.00479e-07
5.3437e-07
3.95038e-07
4.35144e-07
5.61034e-07
6.97126e-07
7.9287e-07
9.83659e-07
3.48837e-06
1.93543e-05
1.81638e-05
3.58118e-06
9.53182e-07
7.23454e-07
6.22124e-07
4.85933e-07
3.64624e-07
3.35731e-07
4.9595e-07
6.71686e-07
1.032e-06
1.0519e-06
1.38317e-06
1.98996e-06
2.97841e-06
3.87775e-06
4.34379e-06
4.64115e-06
7.16234e-06
1.53857e-05
1.47159e-05
7.09454e-06
4.60778e-06
4.17822e-06
3.74223e-06
2.86395e-06
1.87002e-06
1.27894e-06
1.00012e-06
9.8998e-07
1.49833e-06
2.2388e-06
3.07895e-06
4.06674e-06
5.31285e-06
6.80277e-06
8.59569e-06
1.09306e-05
1.42817e-05
1.86665e-05
1.92363e-05
1.46066e-05
1.10943e-05
8.64212e-06
6.79098e-06
5.27273e-06
4.01349e-06
3.02728e-06
2.19297e-06
1.45579e-06
1.37624e-08
2.08128e-08
2.86091e-08
3.63477e-08
4.46986e-08
5.53687e-08
7.29871e-08
9.97954e-08
1.20022e-07
1.24733e-07
1.27154e-07
1.26284e-07
1.11412e-07
8.19627e-08
6.08526e-08
4.69651e-08
3.6029e-08
2.68065e-08
1.86449e-08
1.11182e-08
2.59612e-08
2.69042e-08
3.36143e-08
4.0921e-08
5.04854e-08
6.46241e-08
9.81147e-08
1.88844e-07
1.00429e-06
1.22085e-06
1.25001e-06
8.78252e-07
1.82527e-07
9.70961e-08
6.08399e-08
4.6022e-08
3.58512e-08
2.78479e-08
2.10265e-08
1.87533e-08
3.98646e-08
3.45283e-08
4.16041e-08
4.99782e-08
6.03838e-08
7.45555e-08
1.22853e-07
4.72061e-07
4.82389e-06
2.86987e-06
2.99284e-06
3.97071e-06
4.16886e-07
1.16631e-07
6.61398e-08
5.12263e-08
4.11565e-08
3.36973e-08
2.8039e-08
3.07252e-08
5.0036e-08
4.39742e-08
5.20896e-08
6.1183e-08
7.19723e-08
8.72901e-08
1.62008e-07
9.58906e-07
1.01401e-05
5.14537e-06
5.47374e-06
8.2442e-06
8.52929e-07
1.56941e-07
7.69429e-08
5.92734e-08
4.94266e-08
4.19795e-08
3.67923e-08
4.26286e-08
7.16975e-08
6.04823e-08
6.73462e-08
7.63082e-08
8.79047e-08
1.06842e-07
2.06452e-07
1.53596e-06
1.61694e-05
7.99404e-06
8.65265e-06
1.33274e-05
1.43263e-06
2.0684e-07
9.69411e-08
7.69474e-08
6.41154e-08
5.49089e-08
4.99558e-08
5.41828e-08
1.84674e-07
1.29133e-07
1.0501e-07
1.06899e-07
1.23252e-07
1.51726e-07
2.74272e-07
1.99856e-06
2.07982e-05
1.11392e-05
1.22043e-05
1.75063e-05
1.9288e-06
2.66824e-07
1.34054e-07
1.06028e-07
8.86663e-08
8.02565e-08
9.52842e-08
1.63986e-07
4.15981e-07
2.52276e-07
1.91476e-07
1.82999e-07
2.10208e-07
2.68662e-07
4.55073e-07
2.47083e-06
2.23501e-05
1.39366e-05
1.54034e-05
1.89766e-05
2.30361e-06
4.07945e-07
2.23539e-07
1.6793e-07
1.43833e-07
1.58237e-07
2.30687e-07
3.94401e-07
6.743e-07
4.93131e-07
3.61693e-07
3.99257e-07
5.24515e-07
6.59613e-07
8.53633e-07
2.49075e-06
1.93543e-05
1.52832e-05
1.69678e-05
1.67363e-05
2.34713e-06
7.76401e-07
5.74172e-07
4.4129e-07
3.26769e-07
3.04458e-07
4.59249e-07
6.44373e-07
9.91065e-07
9.56043e-07
1.17321e-06
1.72149e-06
2.54192e-06
3.18942e-06
3.9001e-06
6.66059e-06
1.53857e-05
1.57195e-05
1.72473e-05
1.38734e-05
6.36572e-06
3.83408e-06
3.08953e-06
2.44163e-06
1.60826e-06
1.05653e-06
9.06221e-07
9.44656e-07
1.46105e-06
2.20862e-06
3.0614e-06
4.09188e-06
5.46045e-06
7.18575e-06
9.53077e-06
1.31979e-05
1.86665e-05
2.03513e-05
2.24027e-05
1.88692e-05
1.32827e-05
9.55435e-06
7.15224e-06
5.39874e-06
4.01748e-06
2.99471e-06
2.15053e-06
1.40755e-06
1.32514e-08
2.01155e-08
2.78903e-08
3.54226e-08
4.29252e-08
5.17335e-08
6.84972e-08
9.74787e-08
1.19741e-07
1.27154e-07
1.2047e-07
1.15252e-07
1.00294e-07
7.30137e-08
5.40715e-08
4.16009e-08
3.18732e-08
2.39221e-08
1.7045e-08
1.07989e-08
2.4505e-08
2.63806e-08
3.30801e-08
4.0544e-08
5.02021e-08
6.56284e-08
1.0258e-07
1.95931e-07
9.8069e-07
1.25001e-06
1.19444e-06
8.35993e-07
1.85539e-07
9.92475e-08
6.07482e-08
4.48737e-08
3.45832e-08
2.68228e-08
2.01757e-08
1.77588e-08
3.96922e-08
3.44807e-08
4.16209e-08
5.04675e-08
6.21327e-08
7.92406e-08
1.35635e-07
4.81476e-07
4.27477e-06
2.99284e-06
2.87848e-06
3.6026e-06
4.24259e-07
1.26963e-07
6.95887e-08
5.20635e-08
4.11885e-08
3.35167e-08
2.77609e-08
3.01797e-08
5.06979e-08
4.36177e-08
5.20229e-08
6.21137e-08
7.4854e-08
9.51784e-08
1.9017e-07
1.02104e-06
9.03207e-06
5.47375e-06
5.31684e-06
7.56206e-06
9.05894e-07
1.84013e-07
8.49805e-08
6.2329e-08
5.09145e-08
4.25813e-08
3.70314e-08
4.34351e-08
7.37279e-08
6.03808e-08
6.59153e-08
7.63905e-08
9.03268e-08
1.15074e-07
2.50237e-07
1.71676e-06
1.4626e-05
8.65266e-06
8.48619e-06
1.23476e-05
1.56542e-06
2.49525e-07
1.07631e-07
8.08255e-08
6.59359e-08
5.5426e-08
5.00691e-08
5.68224e-08
2.02548e-07
1.35688e-07
1.08422e-07
1.09099e-07
1.26313e-07
1.59306e-07
3.25081e-07
2.33654e-06
1.91438e-05
1.22043e-05
1.20644e-05
1.64535e-05
2.17048e-06
3.19087e-07
1.46901e-07
1.13541e-07
9.44904e-08
8.48574e-08
1.03105e-07
1.84408e-07
4.49472e-07
2.73273e-07
2.02397e-07
1.88277e-07
2.08363e-07
2.60734e-07
4.59412e-07
2.60155e-06
2.06353e-05
1.54034e-05
1.53142e-05
1.79591e-05
2.44493e-06
4.34398e-07
2.29685e-07
1.75612e-07
1.56163e-07
1.75743e-07
2.58466e-07
4.25204e-07
7.19137e-07
5.37136e-07
3.89929e-07
4.23584e-07
5.38684e-07
6.59417e-07
8.47633e-07
2.54891e-06
1.81639e-05
1.69678e-05
1.68754e-05
1.60099e-05
2.42925e-06
8.09744e-07
6.05064e-07
4.7682e-07
3.61447e-07
3.35458e-07
4.97694e-07
6.83337e-07
1.0471e-06
1.02923e-06
1.2718e-06
1.83512e-06
2.67418e-06
3.28301e-06
3.96627e-06
6.59334e-06
1.4716e-05
1.72473e-05
1.71031e-05
1.33318e-05
6.29222e-06
3.90472e-06
3.21326e-06
2.60761e-06
1.75427e-06
1.1892e-06
9.79363e-07
9.97955e-07
1.52095e-06
2.2868e-06
3.15769e-06
4.20036e-06
5.581e-06
7.32776e-06
9.7301e-06
1.3513e-05
1.92363e-05
2.24027e-05
2.26345e-05
1.87435e-05
1.3253e-05
9.58032e-06
7.21003e-06
5.48164e-06
4.11173e-06
3.08715e-06
2.22943e-06
1.46963e-06
1.31902e-08
2.03056e-08
2.79995e-08
3.513e-08
4.18751e-08
5.07699e-08
6.54796e-08
8.74093e-08
1.10615e-07
1.26285e-07
1.15252e-07
9.53609e-08
7.65904e-08
5.81854e-08
4.57538e-08
3.65377e-08
2.90698e-08
2.27522e-08
1.67455e-08
1.07675e-08
2.30169e-08
2.55554e-08
3.19835e-08
3.88958e-08
4.71226e-08
5.88583e-08
7.97244e-08
1.23296e-07
2.09641e-07
8.78257e-07
8.35993e-07
1.87728e-07
1.15523e-07
7.14114e-08
5.11931e-08
4.02881e-08
3.25334e-08
2.60804e-08
2.0068e-08
1.72076e-08
3.78221e-08
3.35044e-08
4.05684e-08
4.87397e-08
5.8641e-08
7.1057e-08
9.83189e-08
1.82757e-07
5.85412e-07
3.97073e-06
3.6026e-06
5.10736e-07
1.66091e-07
8.68183e-08
6.03968e-08
4.81741e-08
3.97005e-08
3.31856e-08
2.79004e-08
2.96993e-08
4.87947e-08
4.28204e-08
5.17784e-08
6.06026e-08
7.01278e-08
8.25692e-08
1.20979e-07
3.07933e-07
1.3398e-06
8.24423e-06
7.56208e-06
1.20784e-06
2.72703e-07
1.1081e-07
7.28893e-08
5.87622e-08
5.01845e-08
4.32477e-08
3.75417e-08
4.3097e-08
7.3286e-08
6.56469e-08
7.27049e-08
7.99708e-08
8.67108e-08
9.7216e-08
1.36644e-07
4.19137e-07
2.46441e-06
1.33275e-05
1.23477e-05
2.32604e-06
3.99287e-07
1.32251e-07
9.03073e-08
7.7763e-08
6.87931e-08
6.12203e-08
5.27666e-08
5.3506e-08
2.16645e-07
1.4764e-07
1.20747e-07
1.11696e-07
1.14545e-07
1.24641e-07
1.59158e-07
4.57354e-07
3.42552e-06
1.75063e-05
1.64535e-05
3.41976e-06
5.00421e-07
1.62765e-07
1.20898e-07
1.07674e-07
9.85301e-08
9.82409e-08
1.22086e-07
2.02743e-07
4.82464e-07
3.03821e-07
2.15543e-07
1.86594e-07
1.83811e-07
1.9952e-07
2.47444e-07
5.72525e-07
3.81661e-06
1.89767e-05
1.79592e-05
3.81998e-06
5.97842e-07
2.39176e-07
1.82557e-07
1.61303e-07
1.60166e-07
1.88642e-07
2.83642e-07
4.59925e-07
7.66233e-07
6.08224e-07
4.40303e-07
4.68067e-07
5.74315e-07
6.91595e-07
7.73453e-07
9.87518e-07
3.5812e-06
1.67363e-05
1.601e-05
3.61328e-06
1.00622e-06
7.53254e-07
6.55102e-07
5.25642e-07
4.12214e-07
3.87638e-07
5.71017e-07
7.36941e-07
1.10739e-06
1.15315e-06
1.54501e-06
2.16231e-06
3.12496e-06
3.98627e-06
4.34009e-06
4.64483e-06
7.09456e-06
1.38735e-05
1.33318e-05
6.94764e-06
4.6525e-06
4.28403e-06
3.94552e-06
3.08933e-06
2.10207e-06
1.48591e-06
1.11848e-06
1.06929e-06
1.56138e-06
2.32015e-06
3.17449e-06
4.17238e-06
5.42297e-06
6.92768e-06
8.75744e-06
1.11714e-05
1.46066e-05
1.88692e-05
1.87435e-05
1.44725e-05
1.1077e-05
8.66941e-06
6.84904e-06
5.35233e-06
4.1064e-06
3.11788e-06
2.27328e-06
1.51951e-06
1.33154e-08
2.09984e-08
2.85467e-08
3.50167e-08
4.13948e-08
5.06111e-08
6.16813e-08
7.58994e-08
9.2999e-08
1.11413e-07
1.00294e-07
7.65904e-08
6.10192e-08
4.97634e-08
4.16986e-08
3.49922e-08
2.90054e-08
2.36487e-08
1.7799e-08
1.12253e-08
2.21853e-08
2.5179e-08
3.12243e-08
3.73859e-08
4.42578e-08
5.22441e-08
6.32634e-08
8.2384e-08
1.16827e-07
1.82528e-07
1.85539e-07
1.15524e-07
7.57388e-08
5.36193e-08
4.31271e-08
3.6633e-08
3.13472e-08
2.62343e-08
2.08256e-08
1.73366e-08
3.54822e-08
3.2247e-08
3.95986e-08
4.7452e-08
5.48446e-08
6.18434e-08
7.24364e-08
9.67145e-08
1.63926e-07
4.16889e-07
4.2426e-07
1.66091e-07
9.34174e-08
6.33783e-08
5.11696e-08
4.43518e-08
3.89659e-08
3.38667e-08
2.85439e-08
2.93429e-08
4.58601e-08
4.33452e-08
5.44701e-08
6.35274e-08
6.93872e-08
7.38729e-08
8.33023e-08
1.14895e-07
2.45682e-07
8.52937e-07
9.05898e-07
2.72704e-07
1.20441e-07
7.64852e-08
6.2564e-08
5.69009e-08
5.25566e-08
4.70315e-08
3.92547e-08
4.17409e-08
7.66876e-08
8.11692e-08
9.19831e-08
9.83695e-08
9.86016e-08
9.67786e-08
9.92001e-08
1.3117e-07
3.38614e-07
1.43264e-06
1.56543e-06
3.99288e-07
1.42294e-07
9.37438e-08
8.57544e-08
8.49303e-08
8.37954e-08
7.68823e-08
6.06018e-08
5.09571e-08
2.30302e-07
1.61364e-07
1.31925e-07
1.19485e-07
1.14418e-07
1.13762e-07
1.18236e-07
1.49396e-07
4.07045e-07
1.92882e-06
2.17049e-06
5.00422e-07
1.67072e-07
1.21523e-07
1.14245e-07
1.10688e-07
1.08847e-07
1.14426e-07
1.39105e-07
2.13589e-07
4.99251e-07
3.378e-07
2.34189e-07
1.90866e-07
1.74589e-07
1.74817e-07
1.89326e-07
2.38354e-07
5.43608e-07
2.30363e-06
2.44495e-06
5.97844e-07
2.4067e-07
1.79224e-07
1.58853e-07
1.52775e-07
1.62509e-07
2.00285e-07
3.04068e-07
4.72751e-07
7.81294e-07
6.49604e-07
4.74783e-07
4.86545e-07
5.78178e-07
6.97547e-07
7.93719e-07
8.15269e-07
9.53186e-07
2.34715e-06
2.42927e-06
1.00622e-06
8.21388e-07
7.78187e-07
6.63455e-07
5.27285e-07
4.2581e-07
4.17058e-07
6.12188e-07
7.48316e-07
1.11165e-06
1.18787e-06
1.65929e-06
2.26989e-06
3.23768e-06
4.2702e-06
4.97832e-06
4.79207e-06
4.60779e-06
6.36574e-06
6.29223e-06
4.65251e-06
4.80973e-06
5.00468e-06
4.28446e-06
3.19858e-06
2.18053e-06
1.58129e-06
1.14734e-06
1.07164e-06
1.5251e-06
2.23506e-06
3.02448e-06
3.9234e-06
5.0087e-06
6.26774e-06
7.6794e-06
9.24669e-06
1.10944e-05
1.32827e-05
1.3253e-05
1.1077e-05
9.21312e-06
7.63616e-06
6.21863e-06
4.95241e-06
3.86249e-06
2.96955e-06
2.18894e-06
1.48328e-06
1.33769e-08
2.19011e-08
2.91537e-08
3.4817e-08
4.1337e-08
4.87588e-08
5.62622e-08
6.4468e-08
7.34731e-08
8.1963e-08
7.30141e-08
5.81854e-08
4.97634e-08
4.39151e-08
3.91546e-08
3.46321e-08
3.00056e-08
2.51417e-08
1.93459e-08
1.20063e-08
2.19136e-08
2.59484e-08
3.14967e-08
3.67711e-08
4.21618e-08
4.76546e-08
5.36737e-08
6.14871e-08
7.3594e-08
9.70964e-08
9.92479e-08
7.14116e-08
5.36194e-08
4.38011e-08
3.86397e-08
3.49263e-08
3.12512e-08
2.70332e-08
2.21181e-08
1.80236e-08
3.38499e-08
3.21609e-08
3.9378e-08
4.64233e-08
5.27191e-08
5.72079e-08
6.10634e-08
6.71374e-08
8.11629e-08
1.16632e-07
1.26964e-07
8.68186e-08
6.33784e-08
5.17803e-08
4.68877e-08
4.38074e-08
4.00181e-08
3.47983e-08
2.91126e-08
2.94291e-08
4.26634e-08
5.01918e-08
6.13748e-08
6.92796e-08
7.34147e-08
7.40318e-08
7.36652e-08
7.61805e-08
9.34884e-08
1.56943e-07
1.84015e-07
1.1081e-07
7.64852e-08
6.39979e-08
6.16937e-08
6.15728e-08
5.86547e-08
5.13653e-08
4.16784e-08
4.05782e-08
9.36749e-08
1.03176e-07
1.1449e-07
1.20152e-07
1.17762e-07
1.08884e-07
9.91981e-08
9.46823e-08
1.11706e-07
2.06843e-07
2.49527e-07
1.32251e-07
9.37438e-08
8.95822e-08
9.72699e-08
1.04854e-07
1.05266e-07
9.52003e-08
7.85996e-08
6.44897e-08
2.49268e-07
1.82261e-07
1.47151e-07
1.28476e-07
1.17823e-07
1.11785e-07
1.09207e-07
1.12394e-07
1.38614e-07
2.66827e-07
3.19089e-07
1.62765e-07
1.21523e-07
1.168e-07
1.16937e-07
1.15415e-07
1.16159e-07
1.24569e-07
1.51305e-07
2.19284e-07
5.03672e-07
3.74161e-07
2.58565e-07
2.03295e-07
1.76008e-07
1.66054e-07
1.69191e-07
1.8503e-07
2.30852e-07
4.07948e-07
4.344e-07
2.39176e-07
1.79224e-07
1.57147e-07
1.49505e-07
1.53622e-07
1.72733e-07
2.19637e-07
3.31113e-07
4.70463e-07
7.68355e-07
6.56322e-07
5.10771e-07
4.85996e-07
5.4489e-07
6.38959e-07
7.32244e-07
7.68955e-07
7.23455e-07
7.76403e-07
8.09748e-07
7.53255e-07
7.78187e-07
7.17968e-07
6.01663e-07
4.89821e-07
4.16624e-07
4.33502e-07
6.20505e-07
7.30635e-07
1.06996e-06
1.14757e-06
1.60014e-06
2.16388e-06
2.98414e-06
3.90072e-06
4.66737e-06
4.85819e-06
4.17822e-06
3.83409e-06
3.90473e-06
4.28403e-06
5.00468e-06
4.77655e-06
3.91727e-06
2.93091e-06
2.02391e-06
1.52368e-06
1.10175e-06
1.02625e-06
1.43672e-06
2.06775e-06
2.76242e-06
3.53375e-06
4.43586e-06
5.45354e-06
6.54139e-06
7.62713e-06
8.64213e-06
9.55437e-06
9.58034e-06
8.66942e-06
7.63616e-06
6.52994e-06
5.42024e-06
4.3847e-06
3.47084e-06
2.70494e-06
2.01866e-06
1.3923e-06
1.3379e-08
2.25246e-08
2.89971e-08
3.423e-08
3.98249e-08
4.5299e-08
5.04459e-08
5.517e-08
5.93937e-08
6.08529e-08
5.40718e-08
4.57538e-08
4.16985e-08
3.91546e-08
3.68309e-08
3.41342e-08
3.08533e-08
2.66588e-08
2.08741e-08
1.27349e-08
2.19564e-08
2.84535e-08
3.38036e-08
3.76537e-08
4.0766e-08
4.39209e-08
4.7206e-08
5.0653e-08
5.48845e-08
6.08401e-08
6.07485e-08
5.11932e-08
4.31272e-08
3.86397e-08
3.6187e-08
3.39107e-08
3.12361e-08
2.79706e-08
2.37032e-08
1.91527e-08
3.35258e-08
3.59534e-08
4.4299e-08
4.88168e-08
5.15936e-08
5.37952e-08
5.51592e-08
5.62459e-08
5.90666e-08
6.61402e-08
6.95891e-08
6.03969e-08
5.11697e-08
4.68877e-08
4.57962e-08
4.38594e-08
4.01832e-08
3.58334e-08
3.05744e-08
3.01857e-08
3.92327e-08
6.70186e-08
8.19298e-08
8.33574e-08
8.01425e-08
7.62105e-08
7.16849e-08
6.7377e-08
6.71225e-08
7.69435e-08
8.4981e-08
7.28894e-08
6.2564e-08
6.16936e-08
6.5256e-08
6.55774e-08
6.27133e-08
5.98176e-08
5.17049e-08
4.03355e-08
1.22737e-07
1.25572e-07
1.31352e-07
1.34782e-07
1.31937e-07
1.20395e-07
1.04406e-07
9.07978e-08
8.49696e-08
9.69417e-08
1.07632e-07
9.03074e-08
8.57543e-08
9.72698e-08
1.12994e-07
1.22119e-07
1.22238e-07
1.14321e-07
1.02107e-07
8.92947e-08
2.8006e-07
2.16562e-07
1.72398e-07
1.44687e-07
1.26093e-07
1.13808e-07
1.06276e-07
1.03975e-07
1.09198e-07
1.34054e-07
1.46902e-07
1.20898e-07
1.14245e-07
1.16936e-07
1.1756e-07
1.19551e-07
1.27076e-07
1.4237e-07
1.73408e-07
2.32477e-07
4.98338e-07
4.0316e-07
2.85224e-07
2.20393e-07
1.84327e-07
1.66231e-07
1.61499e-07
1.65899e-07
1.80588e-07
2.23539e-07
2.29685e-07
1.82557e-07
1.58853e-07
1.49505e-07
1.51015e-07
1.62159e-07
1.87899e-07
2.41696e-07
3.55945e-07
4.58905e-07
7.34279e-07
6.33554e-07
5.34996e-07
4.75883e-07
4.96058e-07
5.51732e-07
6.16254e-07
6.51882e-07
6.22124e-07
5.74173e-07
6.05066e-07
6.55103e-07
6.63457e-07
6.01664e-07
5.17055e-07
4.44891e-07
4.0835e-07
4.56428e-07
5.98678e-07
6.92691e-07
9.97577e-07
1.06293e-06
1.45083e-06
1.96646e-06
2.55578e-06
3.23013e-06
3.81005e-06
4.08101e-06
3.74223e-06
3.08953e-06
3.21326e-06
3.94552e-06
4.28447e-06
3.91727e-06
3.2331e-06
2.48295e-06
1.80093e-06
1.37269e-06
1.01233e-06
9.50889e-07
1.31508e-06
1.85298e-06
2.44142e-06
3.08096e-06
3.801e-06
4.59445e-06
5.41391e-06
6.18171e-06
6.79099e-06
7.15225e-06
7.21004e-06
6.84904e-06
6.21863e-06
5.42024e-06
4.57038e-06
3.7536e-06
3.01872e-06
2.38391e-06
1.80238e-06
1.26894e-06
1.37553e-08
2.23297e-08
2.77357e-08
3.20693e-08
3.68861e-08
4.11589e-08
4.45346e-08
4.7031e-08
4.83692e-08
4.69655e-08
4.16011e-08
3.65378e-08
3.49921e-08
3.4632e-08
3.41341e-08
3.2921e-08
3.06547e-08
2.70122e-08
2.14762e-08
1.31252e-08
2.23148e-08
2.93723e-08
3.48866e-08
3.86569e-08
4.02449e-08
4.09436e-08
4.18985e-08
4.30808e-08
4.44238e-08
4.60222e-08
4.48739e-08
4.02882e-08
3.6633e-08
3.49263e-08
3.39107e-08
3.26706e-08
3.14008e-08
2.94452e-08
2.57723e-08
1.98779e-08
3.3121e-08
3.56875e-08
4.601e-08
5.3479e-08
5.41566e-08
5.20467e-08
5.05607e-08
4.94946e-08
4.93008e-08
5.12265e-08
5.20637e-08
4.81742e-08
4.43518e-08
4.38074e-08
4.38593e-08
4.23488e-08
4.15995e-08
4.01746e-08
3.465e-08
3.09336e-08
5.25764e-08
7.44864e-08
9.26071e-08
9.95802e-08
9.21718e-08
8.03366e-08
7.06331e-08
6.29828e-08
5.8104e-08
5.92736e-08
6.23293e-08
5.87623e-08
5.69009e-08
6.15727e-08
6.55773e-08
6.77123e-08
7.72021e-08
8.12217e-08
6.85242e-08
3.75787e-08
1.58886e-07
1.52694e-07
1.44905e-07
1.39081e-07
1.34606e-07
1.2517e-07
1.08061e-07
8.99999e-08
7.76674e-08
7.69477e-08
8.08258e-08
7.77631e-08
8.49302e-08
1.04854e-07
1.22119e-07
1.31942e-07
1.33203e-07
1.30244e-07
1.26157e-07
1.22457e-07
3.03405e-07
2.58065e-07
2.04506e-07
1.65613e-07
1.38389e-07
1.19688e-07
1.07256e-07
9.9927e-08
9.81193e-08
1.06028e-07
1.13541e-07
1.07674e-07
1.10687e-07
1.15415e-07
1.19551e-07
1.29899e-07
1.46108e-07
1.70046e-07
2.09448e-07
2.58691e-07
4.84208e-07
4.01408e-07
3.11753e-07
2.41527e-07
1.98899e-07
1.74366e-07
1.61923e-07
1.56939e-07
1.55703e-07
1.67931e-07
1.75612e-07
1.61303e-07
1.52776e-07
1.53622e-07
1.62159e-07
1.78701e-07
2.08921e-07
2.64558e-07
3.66081e-07
4.42316e-07
6.84589e-07
5.92119e-07
5.35126e-07
4.65725e-07
4.49766e-07
4.67923e-07
4.97348e-07
5.1187e-07
4.85934e-07
4.41291e-07
4.76822e-07
5.25644e-07
5.27287e-07
4.89822e-07
4.44891e-07
4.11225e-07
4.07873e-07
4.72457e-07
5.53065e-07
6.41304e-07
9.04989e-07
9.54597e-07
1.2669e-06
1.72473e-06
2.07002e-06
2.48611e-06
2.85408e-06
3.02695e-06
2.86395e-06
2.44164e-06
2.60762e-06
3.08933e-06
3.19858e-06
2.93092e-06
2.48295e-06
1.99262e-06
1.57003e-06
1.18113e-06
9.006e-07
8.57584e-07
1.17224e-06
1.6145e-06
2.09808e-06
2.61509e-06
3.16974e-06
3.76818e-06
4.36764e-06
4.90049e-06
5.27273e-06
5.39875e-06
5.48165e-06
5.35233e-06
4.95241e-06
4.3847e-06
3.7536e-06
3.13067e-06
2.55968e-06
2.04432e-06
1.56535e-06
1.12658e-06
1.40668e-08
2.14478e-08
2.57465e-08
2.91426e-08
3.29547e-08
3.63841e-08
3.84379e-08
3.92509e-08
3.8651e-08
3.60293e-08
3.18734e-08
2.90698e-08
2.90053e-08
3.00055e-08
3.08532e-08
3.06546e-08
2.8973e-08
2.58314e-08
2.09748e-08
1.33163e-08
2.2596e-08
2.70697e-08
3.21356e-08
3.59328e-08
3.7875e-08
3.77953e-08
3.6948e-08
3.64706e-08
3.62052e-08
3.58514e-08
3.45833e-08
3.25335e-08
3.13472e-08
3.12512e-08
3.1236e-08
3.14008e-08
3.17253e-08
2.99063e-08
2.57867e-08
1.97341e-08
3.28277e-08
3.81998e-08
4.38824e-08
4.94976e-08
5.37418e-08
5.10387e-08
4.63971e-08
4.34403e-08
4.16297e-08
4.11567e-08
4.11887e-08
3.97006e-08
3.89658e-08
4.0018e-08
4.01831e-08
4.15995e-08
4.45719e-08
4.07583e-08
3.51163e-08
3.1137e-08
7.10378e-08
8.16621e-08
8.92642e-08
9.62728e-08
9.54402e-08
8.34663e-08
6.8748e-08
5.82124e-08
5.16248e-08
4.94267e-08
5.09147e-08
5.01846e-08
5.25566e-08
5.86546e-08
6.27132e-08
7.72021e-08
9.23578e-08
8.24447e-08
6.90011e-08
5.3574e-08
2.03393e-07
2.00921e-07
1.72994e-07
1.46835e-07
1.3129e-07
1.2097e-07
1.06349e-07
8.7481e-08
7.19781e-08
6.41156e-08
6.59361e-08
6.87932e-08
8.37953e-08
1.05265e-07
1.22238e-07
1.33203e-07
1.38688e-07
1.47044e-07
1.57995e-07
1.58175e-07
3.24595e-07
2.84873e-07
2.36157e-07
1.90137e-07
1.53727e-07
1.28848e-07
1.1163e-07
9.88685e-08
9.06593e-08
8.86666e-08
9.44905e-08
9.85301e-08
1.08847e-07
1.16159e-07
1.27076e-07
1.46108e-07
1.71622e-07
2.05324e-07
2.48513e-07
2.81019e-07
4.64972e-07
3.87882e-07
3.24211e-07
2.68489e-07
2.23981e-07
1.94386e-07
1.7431e-07
1.59866e-07
1.46433e-07
1.43833e-07
1.56163e-07
1.60167e-07
1.62509e-07
1.72733e-07
1.87899e-07
2.08921e-07
2.41092e-07
2.92245e-07
3.54183e-07
4.23492e-07
6.23941e-07
5.41576e-07
5.14521e-07
4.77756e-07
4.30102e-07
4.15502e-07
4.10106e-07
3.98264e-07
3.64625e-07
3.2677e-07
3.61449e-07
4.12215e-07
4.25812e-07
4.16625e-07
4.0835e-07
4.07874e-07
4.29362e-07
4.66209e-07
5.01139e-07
5.82271e-07
7.99146e-07
8.36825e-07
1.06039e-06
1.34929e-06
1.63581e-06
1.80935e-06
1.95713e-06
2.01006e-06
1.87002e-06
1.60826e-06
1.75427e-06
2.10207e-06
2.18053e-06
2.02391e-06
1.80093e-06
1.57003e-06
1.29513e-06
9.95013e-07
7.86235e-07
7.54863e-07
1.01596e-06
1.36727e-06
1.7529e-06
2.15885e-06
2.58513e-06
3.02142e-06
3.44358e-06
3.79937e-06
4.01349e-06
4.01749e-06
4.11173e-06
4.1064e-06
3.86249e-06
3.47084e-06
3.01872e-06
2.55968e-06
2.12104e-06
1.71025e-06
1.32443e-06
9.73913e-07
1.38783e-08
1.97024e-08
2.30837e-08
2.5683e-08
2.82799e-08
3.06675e-08
3.16446e-08
3.12187e-08
2.95324e-08
2.68068e-08
2.39222e-08
2.27522e-08
2.36485e-08
2.51416e-08
2.66586e-08
2.70121e-08
2.58314e-08
2.36488e-08
2.00195e-08
1.35442e-08
2.24713e-08
2.44715e-08
2.79988e-08
3.11067e-08
3.3043e-08
3.33137e-08
3.17011e-08
3.0148e-08
2.8951e-08
2.7848e-08
2.68229e-08
2.60805e-08
2.62342e-08
2.70331e-08
2.79706e-08
2.94451e-08
2.99063e-08
2.73033e-08
2.32957e-08
1.94732e-08
3.14392e-08
4.31602e-08
4.61929e-08
4.53505e-08
4.79517e-08
4.73588e-08
4.12747e-08
3.72108e-08
3.49351e-08
3.36975e-08
3.35168e-08
3.31857e-08
3.38667e-08
3.47982e-08
3.58333e-08
4.01745e-08
4.07583e-08
3.93142e-08
3.75788e-08
3.08781e-08
9.61264e-08
9.83312e-08
9.27344e-08
9.0786e-08
8.8154e-08
8.03626e-08
6.3084e-08
5.17066e-08
4.52147e-08
4.19796e-08
4.25814e-08
4.32477e-08
4.70314e-08
5.13652e-08
5.98175e-08
8.12216e-08
8.24447e-08
7.53336e-08
7.74216e-08
7.62889e-08
2.50768e-07
2.53319e-07
2.08361e-07
1.60676e-07
1.29353e-07
1.12786e-07
9.84505e-08
8.07317e-08
6.55803e-08
5.49091e-08
5.54261e-08
6.12204e-08
7.68822e-08
9.51999e-08
1.1432e-07
1.30244e-07
1.47043e-07
1.79414e-07
2.1316e-07
2.03745e-07
3.41986e-07
2.99179e-07
2.58699e-07
2.16917e-07
1.74724e-07
1.43813e-07
1.21752e-07
1.04446e-07
9.01105e-08
8.02567e-08
8.48576e-08
9.82409e-08
1.14426e-07
1.24569e-07
1.42369e-07
1.70046e-07
2.05323e-07
2.4194e-07
2.72612e-07
3.01516e-07
4.4288e-07
3.70642e-07
3.32863e-07
3.02983e-07
2.72526e-07
2.38835e-07
2.10109e-07
1.84921e-07
1.64857e-07
1.58238e-07
1.75743e-07
1.88642e-07
2.00285e-07
2.19637e-07
2.41696e-07
2.64558e-07
2.92245e-07
3.13496e-07
3.42969e-07
4.04769e-07
5.56709e-07
4.88832e-07
4.85175e-07
4.83241e-07
4.76154e-07
4.48791e-07
4.13886e-07
3.75754e-07
3.35733e-07
3.04459e-07
3.35459e-07
3.87639e-07
4.17059e-07
4.33503e-07
4.56428e-07
4.72457e-07
4.66209e-07
4.5707e-07
4.54175e-07
5.19738e-07
6.85944e-07
7.2035e-07
8.58638e-07
1.01164e-06
1.16742e-06
1.30966e-06
1.40495e-06
1.41079e-06
1.27894e-06
1.05654e-06
1.1892e-06
1.48591e-06
1.58129e-06
1.52368e-06
1.37269e-06
1.18113e-06
9.95013e-07
8.23589e-07
6.79763e-07
6.48071e-07
8.5163e-07
1.12185e-06
1.42027e-06
1.72945e-06
2.04926e-06
2.36817e-06
2.66378e-06
2.9003e-06
3.02729e-06
2.99472e-06
3.08716e-06
3.11788e-06
2.96955e-06
2.70494e-06
2.38391e-06
2.04432e-06
1.71025e-06
1.39207e-06
1.08868e-06
8.15962e-07
1.30166e-08
1.70798e-08
1.93875e-08
2.0955e-08
2.23337e-08
2.33056e-08
2.33862e-08
2.23291e-08
2.05825e-08
1.8645e-08
1.70451e-08
1.67454e-08
1.77989e-08
1.93458e-08
2.0874e-08
2.14761e-08
2.09748e-08
2.00195e-08
1.78514e-08
1.34032e-08
2.16768e-08
2.22649e-08
2.41793e-08
2.62259e-08
2.76824e-08
2.76259e-08
2.58617e-08
2.393e-08
2.23132e-08
2.10267e-08
2.01758e-08
2.0068e-08
2.08255e-08
2.2118e-08
2.37031e-08
2.57721e-08
2.57867e-08
2.32957e-08
2.08728e-08
1.91976e-08
3.18046e-08
4.04607e-08
4.74568e-08
4.30505e-08
4.12458e-08
4.03069e-08
3.49172e-08
3.10795e-08
2.90252e-08
2.80391e-08
2.7761e-08
2.79005e-08
2.85439e-08
2.91125e-08
3.05743e-08
3.46499e-08
3.51163e-08
3.75788e-08
3.79287e-08
2.93451e-08
1.37265e-07
1.21196e-07
9.69062e-08
8.43849e-08
7.61147e-08
6.89988e-08
5.37446e-08
4.33728e-08
3.84802e-08
3.67924e-08
3.70315e-08
3.75418e-08
3.92547e-08
4.16783e-08
5.17048e-08
6.85241e-08
6.90011e-08
7.74216e-08
9.65445e-08
1.11681e-07
2.7595e-07
2.83785e-07
2.29593e-07
1.69085e-07
1.25711e-07
1.03185e-07
8.61103e-08
6.74362e-08
5.57913e-08
4.99559e-08
5.00692e-08
5.27667e-08
6.06017e-08
7.85993e-08
1.02106e-07
1.26156e-07
1.57994e-07
2.1316e-07
2.59991e-07
2.41395e-07
3.4937e-07
3.06069e-07
2.7893e-07
2.48114e-07
2.0992e-07
1.72548e-07
1.44851e-07
1.2426e-07
1.08001e-07
9.52844e-08
1.03105e-07
1.22086e-07
1.39105e-07
1.51305e-07
1.73407e-07
2.09448e-07
2.48512e-07
2.72612e-07
2.88529e-07
3.15782e-07
4.15073e-07
3.54872e-07
3.49903e-07
3.52166e-07
3.54176e-07
3.37029e-07
3.03228e-07
2.67865e-07
2.38565e-07
2.30688e-07
2.58466e-07
2.83643e-07
3.04069e-07
3.31113e-07
3.55945e-07
3.66081e-07
3.54183e-07
3.42969e-07
3.36595e-07
3.8382e-07
4.85397e-07
4.39733e-07
4.63112e-07
4.98155e-07
5.3581e-07
5.61148e-07
5.60232e-07
5.35708e-07
4.95952e-07
4.5925e-07
4.97695e-07
5.71017e-07
6.12189e-07
6.20506e-07
5.98679e-07
5.53066e-07
5.0114e-07
4.54175e-07
4.18498e-07
4.55441e-07
5.68044e-07
6.02147e-07
6.88538e-07
7.80774e-07
8.76364e-07
9.62209e-07
1.02178e-06
1.04072e-06
1.00012e-06
9.06223e-07
9.79365e-07
1.11848e-06
1.14735e-06
1.10175e-06
1.01233e-06
9.00601e-07
7.86236e-07
6.79763e-07
5.78395e-07
5.38494e-07
6.79402e-07
8.80538e-07
1.10347e-06
1.32898e-06
1.5567e-06
1.77682e-06
1.9733e-06
2.12307e-06
2.19297e-06
2.15053e-06
2.22944e-06
2.27329e-06
2.18894e-06
2.01866e-06
1.80238e-06
1.56535e-06
1.32443e-06
1.08868e-06
8.57849e-07
6.51417e-07
1.12015e-08
1.23977e-08
1.28e-08
1.2987e-08
1.2974e-08
1.28209e-08
1.25599e-08
1.20543e-08
1.1534e-08
1.11183e-08
1.07989e-08
1.07675e-08
1.12252e-08
1.20062e-08
1.27349e-08
1.31251e-08
1.33162e-08
1.35442e-08
1.34031e-08
1.23436e-08
1.68695e-08
1.93503e-08
2.0698e-08
2.15665e-08
2.21088e-08
2.20443e-08
2.16998e-08
2.08698e-08
1.98446e-08
1.87534e-08
1.77588e-08
1.72076e-08
1.73366e-08
1.80236e-08
1.91527e-08
1.98779e-08
1.97341e-08
1.94731e-08
1.91976e-08
1.66869e-08
3.17047e-08
3.05911e-08
3.6278e-08
3.76022e-08
3.61518e-08
3.40935e-08
3.35177e-08
3.21193e-08
3.11898e-08
3.07253e-08
3.01798e-08
2.96994e-08
2.9343e-08
2.94291e-08
3.01857e-08
3.09336e-08
3.1137e-08
3.08781e-08
2.93451e-08
3.0026e-08
1.69903e-07
1.22701e-07
8.72813e-08
6.66751e-08
4.70581e-08
3.91773e-08
4.32046e-08
4.17211e-08
4.0982e-08
4.26289e-08
4.34353e-08
4.30972e-08
4.1741e-08
4.05783e-08
4.03355e-08
3.75786e-08
5.35738e-08
7.62885e-08
1.1168e-07
1.47915e-07
2.87004e-07
2.57514e-07
2.1305e-07
1.6272e-07
1.23594e-07
9.84327e-08
7.37258e-08
5.36477e-08
4.77896e-08
5.41831e-08
5.68227e-08
5.35062e-08
5.09572e-08
6.44895e-08
8.92941e-08
1.22456e-07
1.58174e-07
2.03744e-07
2.41395e-07
2.59654e-07
3.42352e-07
3.30791e-07
3.04956e-07
2.76295e-07
2.48523e-07
2.2284e-07
2.02279e-07
1.86062e-07
1.70376e-07
1.63986e-07
1.84408e-07
2.02744e-07
2.13589e-07
2.19284e-07
2.32476e-07
2.58691e-07
2.81018e-07
3.01516e-07
3.15782e-07
3.15747e-07
3.81492e-07
3.99238e-07
4.08022e-07
4.16747e-07
4.26408e-07
4.32916e-07
4.32877e-07
4.24332e-07
4.07562e-07
3.94401e-07
4.25205e-07
4.59925e-07
4.72752e-07
4.70464e-07
4.58906e-07
4.42316e-07
4.23492e-07
4.04769e-07
3.8382e-07
3.56324e-07
4.1777e-07
4.70325e-07
5.23667e-07
5.75334e-07
6.2261e-07
6.60375e-07
6.83412e-07
6.88014e-07
6.71687e-07
6.44374e-07
6.83338e-07
7.36941e-07
7.48317e-07
7.30636e-07
6.92692e-07
6.41305e-07
5.82272e-07
5.19738e-07
4.55442e-07
3.94029e-07
4.60012e-07
5.52999e-07
6.51769e-07
7.46984e-07
8.36093e-07
9.13078e-07
9.70347e-07
9.99449e-07
9.89981e-07
9.44657e-07
9.97957e-07
1.06929e-06
1.07164e-06
1.02625e-06
9.5089e-07
8.57585e-07
7.54864e-07
6.48071e-07
5.38494e-07
4.37623e-07
5.17883e-07
6.65747e-07
8.21556e-07
9.69857e-07
1.11184e-06
1.24211e-06
1.35212e-06
1.42969e-06
1.45579e-06
1.40756e-06
1.46963e-06
1.51951e-06
1.48328e-06
1.3923e-06
1.26894e-06
1.12658e-06
9.73914e-07
8.15963e-07
6.51417e-07
4.96445e-07
)
;

boundaryField
{
    floor
    {
        type            compressible::epsilonWallFunction;
        Cmu             0.09;
        kappa           0.41;
        E               9.8;
        value           nonuniform List<scalar> 
400
(
1.42307e-08
1.55166e-08
1.61564e-08
1.64245e-08
1.64529e-08
1.64157e-08
1.62942e-08
1.58029e-08
1.48207e-08
1.37624e-08
1.32514e-08
1.31902e-08
1.33154e-08
1.33769e-08
1.3379e-08
1.37553e-08
1.40668e-08
1.38783e-08
1.30166e-08
1.12015e-08
1.55166e-08
1.99472e-08
2.24598e-08
2.40018e-08
2.49156e-08
2.59131e-08
2.68325e-08
2.56947e-08
2.30055e-08
2.08128e-08
2.01155e-08
2.03056e-08
2.09984e-08
2.19011e-08
2.25246e-08
2.23297e-08
2.14478e-08
1.97024e-08
1.70798e-08
1.23977e-08
1.61564e-08
2.24597e-08
2.60203e-08
2.83315e-08
2.9976e-08
3.21839e-08
3.44193e-08
3.39163e-08
3.09093e-08
2.86091e-08
2.78903e-08
2.79995e-08
2.85467e-08
2.91537e-08
2.89971e-08
2.77357e-08
2.57465e-08
2.30837e-08
1.93875e-08
1.28e-08
1.64245e-08
2.40018e-08
2.83315e-08
3.10184e-08
3.34176e-08
3.6623e-08
4.02777e-08
4.14923e-08
3.88725e-08
3.63477e-08
3.54226e-08
3.513e-08
3.50167e-08
3.4817e-08
3.423e-08
3.20693e-08
2.91426e-08
2.5683e-08
2.0955e-08
1.2987e-08
1.64529e-08
2.49155e-08
2.9976e-08
3.34176e-08
3.64529e-08
4.02509e-08
4.52341e-08
4.89419e-08
4.80606e-08
4.46986e-08
4.29252e-08
4.18751e-08
4.13948e-08
4.1337e-08
3.98249e-08
3.68861e-08
3.29547e-08
2.82799e-08
2.23337e-08
1.2974e-08
1.64156e-08
2.59129e-08
3.21838e-08
3.66229e-08
4.02508e-08
4.43297e-08
5.04091e-08
5.64922e-08
5.87236e-08
5.53687e-08
5.17335e-08
5.07699e-08
5.06111e-08
4.87588e-08
4.5299e-08
4.11589e-08
3.63841e-08
3.06675e-08
2.33056e-08
1.28209e-08
1.62942e-08
2.68324e-08
3.44191e-08
4.02775e-08
4.52339e-08
5.04089e-08
5.69947e-08
6.48708e-08
7.13375e-08
7.29871e-08
6.84972e-08
6.54796e-08
6.16813e-08
5.62622e-08
5.04459e-08
4.45346e-08
3.84379e-08
3.16446e-08
2.33862e-08
1.25599e-08
1.58028e-08
2.56946e-08
3.39162e-08
4.14921e-08
4.89416e-08
5.64919e-08
6.48706e-08
7.57227e-08
8.78639e-08
9.97954e-08
9.74787e-08
8.74093e-08
7.58994e-08
6.4468e-08
5.517e-08
4.7031e-08
3.92509e-08
3.12187e-08
2.23291e-08
1.20543e-08
1.48206e-08
2.30054e-08
3.09091e-08
3.88723e-08
4.80604e-08
5.87233e-08
7.13372e-08
8.78637e-08
1.04848e-07
1.20022e-07
1.19741e-07
1.10615e-07
9.2999e-08
7.34731e-08
5.93937e-08
4.83692e-08
3.8651e-08
2.95324e-08
2.05825e-08
1.1534e-08
1.37623e-08
2.08126e-08
2.86089e-08
3.63475e-08
4.46982e-08
5.53684e-08
7.29867e-08
9.97951e-08
1.20022e-07
1.24733e-07
1.27154e-07
1.26285e-07
1.11413e-07
8.1963e-08
6.08529e-08
4.69655e-08
3.60293e-08
2.68068e-08
1.8645e-08
1.11183e-08
1.32513e-08
2.01154e-08
2.789e-08
3.54223e-08
4.29249e-08
5.17331e-08
6.84969e-08
9.74784e-08
1.1974e-07
1.27154e-07
1.2047e-07
1.15252e-07
1.00294e-07
7.30141e-08
5.40718e-08
4.16011e-08
3.18734e-08
2.39222e-08
1.70451e-08
1.07989e-08
1.31901e-08
2.03054e-08
2.79992e-08
3.51296e-08
4.18747e-08
5.07696e-08
6.54792e-08
8.74088e-08
1.10614e-07
1.26284e-07
1.15252e-07
9.53609e-08
7.65904e-08
5.81854e-08
4.57538e-08
3.65378e-08
2.90698e-08
2.27522e-08
1.67454e-08
1.07675e-08
1.33153e-08
2.09982e-08
2.85464e-08
3.50163e-08
4.13945e-08
5.06108e-08
6.16809e-08
7.58989e-08
9.29985e-08
1.11412e-07
1.00294e-07
7.65904e-08
6.10192e-08
4.97634e-08
4.16985e-08
3.49921e-08
2.90053e-08
2.36485e-08
1.77989e-08
1.12252e-08
1.33768e-08
2.19009e-08
2.91533e-08
3.48166e-08
4.13367e-08
4.87584e-08
5.62618e-08
6.44676e-08
7.34727e-08
8.19627e-08
7.30137e-08
5.81854e-08
4.97634e-08
4.39151e-08
3.91546e-08
3.4632e-08
3.00055e-08
2.51416e-08
1.93458e-08
1.20062e-08
1.33789e-08
2.25244e-08
2.89967e-08
3.42296e-08
3.98245e-08
4.52987e-08
5.04455e-08
5.51696e-08
5.93934e-08
6.08526e-08
5.40715e-08
4.57538e-08
4.16986e-08
3.91546e-08
3.68309e-08
3.41341e-08
3.08532e-08
2.66586e-08
2.0874e-08
1.27349e-08
1.37552e-08
2.23295e-08
2.77353e-08
3.20689e-08
3.68858e-08
4.11586e-08
4.45342e-08
4.70306e-08
4.83689e-08
4.69651e-08
4.16009e-08
3.65377e-08
3.49922e-08
3.46321e-08
3.41342e-08
3.2921e-08
3.06546e-08
2.70121e-08
2.14761e-08
1.31251e-08
1.40667e-08
2.14477e-08
2.57462e-08
2.91422e-08
3.29543e-08
3.63838e-08
3.84376e-08
3.92505e-08
3.86507e-08
3.6029e-08
3.18732e-08
2.90698e-08
2.90054e-08
3.00056e-08
3.08533e-08
3.06547e-08
2.8973e-08
2.58314e-08
2.09748e-08
1.33162e-08
1.38782e-08
1.97022e-08
2.30835e-08
2.56826e-08
2.82796e-08
3.06672e-08
3.16443e-08
3.12184e-08
2.95321e-08
2.68065e-08
2.39221e-08
2.27522e-08
2.36487e-08
2.51417e-08
2.66588e-08
2.70122e-08
2.58314e-08
2.36488e-08
2.00195e-08
1.35442e-08
1.30166e-08
1.70796e-08
1.93872e-08
2.09548e-08
2.23334e-08
2.33054e-08
2.3386e-08
2.23288e-08
2.05823e-08
1.86449e-08
1.7045e-08
1.67455e-08
1.7799e-08
1.93459e-08
2.08741e-08
2.14762e-08
2.09748e-08
2.00195e-08
1.78514e-08
1.34031e-08
1.12014e-08
1.23976e-08
1.27999e-08
1.29869e-08
1.29739e-08
1.28208e-08
1.25598e-08
1.20542e-08
1.15339e-08
1.11182e-08
1.07989e-08
1.07675e-08
1.12253e-08
1.20063e-08
1.27349e-08
1.31252e-08
1.33163e-08
1.35442e-08
1.34032e-08
1.23436e-08
)
;
    }
    ceiling
    {
        type            compressible::epsilonWallFunction;
        Cmu             0.09;
        kappa           0.41;
        E               9.8;
        value           nonuniform List<scalar> 
400
(
5.28105e-07
6.74298e-07
8.30826e-07
9.81542e-07
1.12691e-06
1.26122e-06
1.37656e-06
1.46135e-06
1.49833e-06
1.46105e-06
1.52095e-06
1.56138e-06
1.5251e-06
1.43672e-06
1.31508e-06
1.17224e-06
1.01596e-06
8.5163e-07
6.79402e-07
5.17883e-07
6.74298e-07
8.74978e-07
1.10093e-06
1.33199e-06
1.56641e-06
1.79314e-06
1.99723e-06
2.15611e-06
2.2388e-06
2.20862e-06
2.2868e-06
2.32015e-06
2.23506e-06
2.06775e-06
1.85298e-06
1.6145e-06
1.36727e-06
1.12185e-06
8.80538e-07
6.65747e-07
8.30826e-07
1.10093e-06
1.40545e-06
1.72525e-06
2.057e-06
2.38571e-06
2.69089e-06
2.93787e-06
3.07895e-06
3.0614e-06
3.15769e-06
3.17449e-06
3.02448e-06
2.76242e-06
2.44142e-06
2.09808e-06
1.7529e-06
1.42027e-06
1.10347e-06
8.21556e-07
9.81543e-07
1.33199e-06
1.72525e-06
2.14625e-06
2.59072e-06
3.04034e-06
3.47124e-06
3.83728e-06
4.06674e-06
4.09188e-06
4.20036e-06
4.17238e-06
3.9234e-06
3.53375e-06
3.08096e-06
2.61509e-06
2.15885e-06
1.72945e-06
1.32898e-06
9.69857e-07
1.12691e-06
1.56642e-06
2.05701e-06
2.59072e-06
3.1648e-06
3.77457e-06
4.38289e-06
4.92603e-06
5.31285e-06
5.46045e-06
5.581e-06
5.42297e-06
5.0087e-06
4.43586e-06
3.801e-06
3.16974e-06
2.58513e-06
2.04926e-06
1.5567e-06
1.11184e-06
1.26123e-06
1.79314e-06
2.38571e-06
3.04034e-06
3.77457e-06
4.57756e-06
5.40469e-06
6.18174e-06
6.80277e-06
7.18575e-06
7.32776e-06
6.92768e-06
6.26774e-06
5.45354e-06
4.59445e-06
3.76818e-06
3.02142e-06
2.36817e-06
1.77682e-06
1.24211e-06
1.37657e-06
1.99724e-06
2.6909e-06
3.47125e-06
4.3829e-06
5.40469e-06
6.49678e-06
7.5869e-06
8.59569e-06
9.53077e-06
9.7301e-06
8.75744e-06
7.6794e-06
6.54139e-06
5.41391e-06
4.36764e-06
3.44358e-06
2.66378e-06
1.9733e-06
1.35212e-06
1.46135e-06
2.15611e-06
2.93787e-06
3.83729e-06
4.92604e-06
6.18174e-06
7.5869e-06
9.12962e-06
1.09306e-05
1.31979e-05
1.3513e-05
1.11714e-05
9.24669e-06
7.62713e-06
6.18171e-06
4.90049e-06
3.79937e-06
2.9003e-06
2.12307e-06
1.42969e-06
1.49833e-06
2.23881e-06
3.07896e-06
4.06675e-06
5.31285e-06
6.80278e-06
8.59569e-06
1.09306e-05
1.42817e-05
1.86665e-05
1.92363e-05
1.46066e-05
1.10944e-05
8.64213e-06
6.79099e-06
5.27273e-06
4.01349e-06
3.02729e-06
2.19297e-06
1.45579e-06
1.46105e-06
2.20862e-06
3.06141e-06
4.09188e-06
5.46045e-06
7.18575e-06
9.53077e-06
1.31979e-05
1.86665e-05
2.03513e-05
2.24027e-05
1.88692e-05
1.32827e-05
9.55437e-06
7.15225e-06
5.39875e-06
4.01749e-06
2.99472e-06
2.15053e-06
1.40756e-06
1.52095e-06
2.2868e-06
3.15769e-06
4.20036e-06
5.58099e-06
7.32775e-06
9.73009e-06
1.35129e-05
1.92363e-05
2.24027e-05
2.26345e-05
1.87435e-05
1.3253e-05
9.58034e-06
7.21004e-06
5.48165e-06
4.11173e-06
3.08716e-06
2.22944e-06
1.46963e-06
1.56138e-06
2.32015e-06
3.17449e-06
4.17237e-06
5.42296e-06
6.92767e-06
8.75742e-06
1.11714e-05
1.46066e-05
1.88692e-05
1.87435e-05
1.44725e-05
1.1077e-05
8.66942e-06
6.84904e-06
5.35233e-06
4.1064e-06
3.11788e-06
2.27329e-06
1.51951e-06
1.5251e-06
2.23506e-06
3.02448e-06
3.9234e-06
5.0087e-06
6.26774e-06
7.67939e-06
9.24667e-06
1.10943e-05
1.32827e-05
1.3253e-05
1.1077e-05
9.21312e-06
7.63616e-06
6.21863e-06
4.95241e-06
3.86249e-06
2.96955e-06
2.18894e-06
1.48328e-06
1.43672e-06
2.06775e-06
2.76242e-06
3.53376e-06
4.43586e-06
5.45354e-06
6.54139e-06
7.62712e-06
8.64212e-06
9.55435e-06
9.58032e-06
8.66941e-06
7.63616e-06
6.52994e-06
5.42024e-06
4.3847e-06
3.47084e-06
2.70494e-06
2.01866e-06
1.3923e-06
1.31508e-06
1.85298e-06
2.44142e-06
3.08096e-06
3.801e-06
4.59445e-06
5.41391e-06
6.18171e-06
6.79098e-06
7.15224e-06
7.21003e-06
6.84904e-06
6.21863e-06
5.42024e-06
4.57038e-06
3.7536e-06
3.01872e-06
2.38391e-06
1.80238e-06
1.26894e-06
1.17224e-06
1.6145e-06
2.09808e-06
2.61509e-06
3.16975e-06
3.76818e-06
4.36764e-06
4.90048e-06
5.27273e-06
5.39874e-06
5.48164e-06
5.35233e-06
4.95241e-06
4.3847e-06
3.7536e-06
3.13067e-06
2.55968e-06
2.04432e-06
1.56535e-06
1.12658e-06
1.01596e-06
1.36727e-06
1.7529e-06
2.15886e-06
2.58513e-06
3.02142e-06
3.44358e-06
3.79937e-06
4.01349e-06
4.01748e-06
4.11173e-06
4.1064e-06
3.86249e-06
3.47084e-06
3.01872e-06
2.55968e-06
2.12104e-06
1.71025e-06
1.32443e-06
9.73914e-07
8.51631e-07
1.12185e-06
1.42027e-06
1.72945e-06
2.04927e-06
2.36817e-06
2.66378e-06
2.9003e-06
3.02728e-06
2.99471e-06
3.08715e-06
3.11788e-06
2.96955e-06
2.70494e-06
2.38391e-06
2.04432e-06
1.71025e-06
1.39207e-06
1.08868e-06
8.15963e-07
6.79403e-07
8.8054e-07
1.10347e-06
1.32898e-06
1.5567e-06
1.77683e-06
1.9733e-06
2.12307e-06
2.19297e-06
2.15053e-06
2.22943e-06
2.27328e-06
2.18894e-06
2.01866e-06
1.80238e-06
1.56535e-06
1.32443e-06
1.08868e-06
8.57849e-07
6.51417e-07
5.17884e-07
6.65749e-07
8.21558e-07
9.69858e-07
1.11184e-06
1.24211e-06
1.35212e-06
1.42969e-06
1.45579e-06
1.40755e-06
1.46963e-06
1.51951e-06
1.48328e-06
1.3923e-06
1.26894e-06
1.12658e-06
9.73913e-07
8.15962e-07
6.51417e-07
4.96445e-07
)
;
    }
    fixedWalls
    {
        type            compressible::epsilonWallFunction;
        Cmu             0.09;
        kappa           0.41;
        E               9.8;
        value           nonuniform List<scalar> 
800
(
1.42307e-08
2.22914e-08
4.3993e-08
1.90301e-07
3.12677e-07
3.65875e-07
4.02372e-07
4.35268e-07
4.73861e-07
5.28105e-07
1.55166e-08
2.598e-08
4.17808e-08
1.39373e-07
2.87851e-07
3.5811e-07
4.21686e-07
4.88323e-07
5.67112e-07
6.74298e-07
1.61564e-08
2.74667e-08
3.73805e-08
1.00301e-07
2.4249e-07
3.34018e-07
4.31328e-07
5.42501e-07
6.67614e-07
8.30826e-07
1.64245e-08
2.83515e-08
3.43872e-08
7.94484e-08
1.90285e-07
3.05099e-07
4.39684e-07
5.9502e-07
7.65095e-07
9.81542e-07
1.64529e-08
2.90496e-08
3.79738e-08
6.64146e-08
1.46014e-07
2.773e-07
4.48908e-07
6.43329e-07
8.56942e-07
1.12691e-06
1.64157e-08
2.91476e-08
3.88015e-08
5.36948e-08
1.1359e-07
2.49568e-07
4.55158e-07
6.82289e-07
9.37057e-07
1.26122e-06
1.62942e-08
2.87335e-08
3.78059e-08
3.9988e-08
9.68206e-08
2.22695e-07
4.53623e-07
7.06849e-07
9.98668e-07
1.37656e-06
1.58029e-08
2.81072e-08
3.85716e-08
4.54986e-08
8.06622e-08
1.98119e-07
4.43949e-07
7.13494e-07
1.03368e-06
1.46135e-06
1.48207e-08
2.71382e-08
3.89526e-08
4.79803e-08
7.05217e-08
1.86574e-07
4.2885e-07
7.00479e-07
1.032e-06
1.49833e-06
1.37624e-08
2.59612e-08
3.98646e-08
5.0036e-08
7.16975e-08
1.84674e-07
4.15981e-07
6.743e-07
9.91065e-07
1.46105e-06
1.32514e-08
2.4505e-08
3.96922e-08
5.06979e-08
7.37279e-08
2.02548e-07
4.49472e-07
7.19137e-07
1.0471e-06
1.52095e-06
1.31902e-08
2.30169e-08
3.78221e-08
4.87947e-08
7.3286e-08
2.16645e-07
4.82464e-07
7.66233e-07
1.10739e-06
1.56138e-06
1.33154e-08
2.21853e-08
3.54822e-08
4.58601e-08
7.66876e-08
2.30302e-07
4.99251e-07
7.81294e-07
1.11165e-06
1.5251e-06
1.33769e-08
2.19136e-08
3.38499e-08
4.26634e-08
9.36749e-08
2.49268e-07
5.03672e-07
7.68355e-07
1.06996e-06
1.43672e-06
1.3379e-08
2.19564e-08
3.35258e-08
3.92327e-08
1.22737e-07
2.8006e-07
4.98338e-07
7.34279e-07
9.97577e-07
1.31508e-06
1.37553e-08
2.23148e-08
3.3121e-08
5.25764e-08
1.58886e-07
3.03405e-07
4.84208e-07
6.84589e-07
9.04989e-07
1.17224e-06
1.40668e-08
2.2596e-08
3.28277e-08
7.10378e-08
2.03393e-07
3.24595e-07
4.64972e-07
6.23941e-07
7.99146e-07
1.01596e-06
1.38783e-08
2.24713e-08
3.14392e-08
9.61264e-08
2.50768e-07
3.41986e-07
4.4288e-07
5.56709e-07
6.85944e-07
8.5163e-07
1.30166e-08
2.16768e-08
3.18046e-08
1.37265e-07
2.7595e-07
3.4937e-07
4.15073e-07
4.85397e-07
5.68044e-07
6.79402e-07
1.12015e-08
1.68695e-08
3.17047e-08
1.69903e-07
2.87004e-07
3.42352e-07
3.81492e-07
4.1777e-07
4.60012e-07
5.17883e-07
1.12014e-08
1.68695e-08
3.17047e-08
1.69905e-07
2.87005e-07
3.42353e-07
3.81493e-07
4.17771e-07
4.60013e-07
5.17884e-07
1.23976e-08
1.93502e-08
3.05909e-08
1.22702e-07
2.57515e-07
3.30792e-07
3.99239e-07
4.70327e-07
5.53001e-07
6.65749e-07
1.27999e-08
2.06978e-08
3.62776e-08
8.72818e-08
2.13051e-07
3.04957e-07
4.08023e-07
5.23668e-07
6.5177e-07
8.21558e-07
1.29869e-08
2.15663e-08
3.76019e-08
6.66754e-08
1.62721e-07
2.76296e-07
4.16748e-07
5.75335e-07
7.46986e-07
9.69858e-07
1.29739e-08
2.21085e-08
3.61515e-08
4.70587e-08
1.23594e-07
2.48523e-07
4.26409e-07
6.22611e-07
8.36094e-07
1.11184e-06
1.28208e-08
2.20441e-08
3.40932e-08
3.91769e-08
9.84329e-08
2.2284e-07
4.32916e-07
6.60375e-07
9.13078e-07
1.24211e-06
1.25598e-08
2.16996e-08
3.35175e-08
4.32042e-08
7.3726e-08
2.02279e-07
4.32876e-07
6.83412e-07
9.70347e-07
1.35212e-06
1.20542e-08
2.08697e-08
3.21191e-08
4.17209e-08
5.36477e-08
1.86061e-07
4.24331e-07
6.88013e-07
9.99449e-07
1.42969e-06
1.15339e-08
1.98445e-08
3.11896e-08
4.09818e-08
4.77891e-08
1.70376e-07
4.07561e-07
6.71686e-07
9.8998e-07
1.45579e-06
1.11182e-08
1.87533e-08
3.07252e-08
4.26286e-08
5.41828e-08
1.63986e-07
3.94401e-07
6.44373e-07
9.44656e-07
1.40755e-06
1.07989e-08
1.77588e-08
3.01797e-08
4.34351e-08
5.68224e-08
1.84408e-07
4.25204e-07
6.83337e-07
9.97955e-07
1.46963e-06
1.07675e-08
1.72076e-08
2.96993e-08
4.3097e-08
5.3506e-08
2.02743e-07
4.59925e-07
7.36941e-07
1.06929e-06
1.51951e-06
1.12253e-08
1.73366e-08
2.93429e-08
4.17409e-08
5.09571e-08
2.13589e-07
4.72751e-07
7.48316e-07
1.07164e-06
1.48328e-06
1.20063e-08
1.80236e-08
2.94291e-08
4.05782e-08
6.44897e-08
2.19284e-07
4.70463e-07
7.30635e-07
1.02625e-06
1.3923e-06
1.27349e-08
1.91527e-08
3.01857e-08
4.03355e-08
8.92947e-08
2.32477e-07
4.58905e-07
6.92691e-07
9.50889e-07
1.26894e-06
1.31252e-08
1.98779e-08
3.09336e-08
3.75787e-08
1.22457e-07
2.58691e-07
4.42316e-07
6.41304e-07
8.57584e-07
1.12658e-06
1.33163e-08
1.97341e-08
3.1137e-08
5.3574e-08
1.58175e-07
2.81019e-07
4.23492e-07
5.82271e-07
7.54863e-07
9.73913e-07
1.35442e-08
1.94732e-08
3.08781e-08
7.62889e-08
2.03745e-07
3.01516e-07
4.04769e-07
5.19738e-07
6.48071e-07
8.15962e-07
1.34032e-08
1.91976e-08
2.93451e-08
1.11681e-07
2.41395e-07
3.15782e-07
3.8382e-07
4.55441e-07
5.38494e-07
6.51417e-07
1.23436e-08
1.66869e-08
3.0026e-08
1.47915e-07
2.59654e-07
3.15747e-07
3.56324e-07
3.94029e-07
4.37623e-07
4.96445e-07
1.42307e-08
2.22914e-08
4.3993e-08
1.90301e-07
3.12677e-07
3.65875e-07
4.02372e-07
4.35268e-07
4.73861e-07
5.28105e-07
1.55166e-08
2.598e-08
4.17808e-08
1.39373e-07
2.87851e-07
3.58111e-07
4.21686e-07
4.88324e-07
5.67112e-07
6.74298e-07
1.61564e-08
2.74666e-08
3.73805e-08
1.00301e-07
2.42491e-07
3.34019e-07
4.31329e-07
5.42501e-07
6.67615e-07
8.30826e-07
1.64245e-08
2.83514e-08
3.43871e-08
7.94485e-08
1.90286e-07
3.051e-07
4.39685e-07
5.95021e-07
7.65096e-07
9.81543e-07
1.64529e-08
2.90495e-08
3.79736e-08
6.64146e-08
1.46015e-07
2.77301e-07
4.4891e-07
6.4333e-07
8.56944e-07
1.12691e-06
1.64156e-08
2.91475e-08
3.88013e-08
5.36948e-08
1.1359e-07
2.4957e-07
4.5516e-07
6.82291e-07
9.37059e-07
1.26123e-06
1.62942e-08
2.87334e-08
3.78058e-08
3.99878e-08
9.68209e-08
2.22697e-07
4.53625e-07
7.06851e-07
9.98671e-07
1.37657e-06
1.58028e-08
2.81071e-08
3.85714e-08
4.54983e-08
8.06625e-08
1.98121e-07
4.43951e-07
7.13496e-07
1.03369e-06
1.46135e-06
1.48206e-08
2.7138e-08
3.89524e-08
4.79801e-08
7.0522e-08
1.86575e-07
4.28852e-07
7.00481e-07
1.032e-06
1.49833e-06
1.37623e-08
2.59611e-08
3.98643e-08
5.00358e-08
7.16979e-08
1.84676e-07
4.15982e-07
6.743e-07
9.91065e-07
1.46105e-06
1.32513e-08
2.45049e-08
3.96919e-08
5.06975e-08
7.37282e-08
2.02549e-07
4.49472e-07
7.19137e-07
1.0471e-06
1.52095e-06
1.31901e-08
2.30167e-08
3.78218e-08
4.87944e-08
7.32862e-08
2.16646e-07
4.82464e-07
7.66232e-07
1.10739e-06
1.56138e-06
1.33153e-08
2.21852e-08
3.54819e-08
4.58597e-08
7.66879e-08
2.30303e-07
4.99252e-07
7.81294e-07
1.11165e-06
1.5251e-06
1.33768e-08
2.19134e-08
3.38496e-08
4.26629e-08
9.36755e-08
2.49269e-07
5.03673e-07
7.68356e-07
1.06996e-06
1.43672e-06
1.33789e-08
2.19562e-08
3.35255e-08
3.92326e-08
1.22738e-07
2.80061e-07
4.98339e-07
7.34279e-07
9.97577e-07
1.31508e-06
1.37552e-08
2.23147e-08
3.31207e-08
5.25769e-08
1.58886e-07
3.03406e-07
4.84209e-07
6.84589e-07
9.0499e-07
1.17224e-06
1.40667e-08
2.25959e-08
3.28274e-08
7.10385e-08
2.03394e-07
3.24597e-07
4.64973e-07
6.23942e-07
7.99147e-07
1.01596e-06
1.38782e-08
2.24711e-08
3.14389e-08
9.61277e-08
2.50769e-07
3.41987e-07
4.42881e-07
5.5671e-07
6.85945e-07
8.51631e-07
1.30166e-08
2.16767e-08
3.18046e-08
1.37267e-07
2.75951e-07
3.49371e-07
4.15075e-07
4.85399e-07
5.68045e-07
6.79403e-07
1.12014e-08
1.68695e-08
3.17047e-08
1.69905e-07
2.87005e-07
3.42353e-07
3.81493e-07
4.17771e-07
4.60013e-07
5.17884e-07
1.12015e-08
1.68695e-08
3.17047e-08
1.69903e-07
2.87004e-07
3.42352e-07
3.81492e-07
4.1777e-07
4.60012e-07
5.17883e-07
1.23977e-08
1.93503e-08
3.05911e-08
1.22701e-07
2.57514e-07
3.30791e-07
3.99238e-07
4.70325e-07
5.52999e-07
6.65747e-07
1.28e-08
2.0698e-08
3.6278e-08
8.72813e-08
2.1305e-07
3.04956e-07
4.08022e-07
5.23667e-07
6.51769e-07
8.21556e-07
1.2987e-08
2.15665e-08
3.76022e-08
6.66751e-08
1.6272e-07
2.76295e-07
4.16747e-07
5.75334e-07
7.46984e-07
9.69857e-07
1.2974e-08
2.21088e-08
3.61518e-08
4.70581e-08
1.23594e-07
2.48523e-07
4.26408e-07
6.2261e-07
8.36093e-07
1.11184e-06
1.28209e-08
2.20443e-08
3.40935e-08
3.91773e-08
9.84327e-08
2.2284e-07
4.32916e-07
6.60375e-07
9.13078e-07
1.24211e-06
1.25599e-08
2.16998e-08
3.35177e-08
4.32046e-08
7.37258e-08
2.02279e-07
4.32877e-07
6.83412e-07
9.70347e-07
1.35212e-06
1.20543e-08
2.08698e-08
3.21193e-08
4.17211e-08
5.36477e-08
1.86062e-07
4.24332e-07
6.88014e-07
9.99449e-07
1.42969e-06
1.1534e-08
1.98446e-08
3.11898e-08
4.0982e-08
4.77896e-08
1.70376e-07
4.07562e-07
6.71687e-07
9.89981e-07
1.45579e-06
1.11183e-08
1.87534e-08
3.07253e-08
4.26289e-08
5.41831e-08
1.63986e-07
3.94401e-07
6.44374e-07
9.44657e-07
1.40756e-06
1.07989e-08
1.77588e-08
3.01798e-08
4.34353e-08
5.68227e-08
1.84408e-07
4.25205e-07
6.83338e-07
9.97957e-07
1.46963e-06
1.07675e-08
1.72076e-08
2.96994e-08
4.30972e-08
5.35062e-08
2.02744e-07
4.59925e-07
7.36941e-07
1.06929e-06
1.51951e-06
1.12252e-08
1.73366e-08
2.9343e-08
4.1741e-08
5.09572e-08
2.13589e-07
4.72752e-07
7.48317e-07
1.07164e-06
1.48328e-06
1.20062e-08
1.80236e-08
2.94291e-08
4.05783e-08
6.44895e-08
2.19284e-07
4.70464e-07
7.30636e-07
1.02625e-06
1.3923e-06
1.27349e-08
1.91527e-08
3.01857e-08
4.03355e-08
8.92941e-08
2.32476e-07
4.58906e-07
6.92692e-07
9.5089e-07
1.26894e-06
1.31251e-08
1.98779e-08
3.09336e-08
3.75786e-08
1.22456e-07
2.58691e-07
4.42316e-07
6.41305e-07
8.57585e-07
1.12658e-06
1.33162e-08
1.97341e-08
3.1137e-08
5.35738e-08
1.58174e-07
2.81018e-07
4.23492e-07
5.82272e-07
7.54864e-07
9.73914e-07
1.35442e-08
1.94731e-08
3.08781e-08
7.62885e-08
2.03744e-07
3.01516e-07
4.04769e-07
5.19738e-07
6.48071e-07
8.15963e-07
1.34031e-08
1.91976e-08
2.93451e-08
1.1168e-07
2.41395e-07
3.15782e-07
3.8382e-07
4.55442e-07
5.38494e-07
6.51417e-07
1.23436e-08
1.66869e-08
3.0026e-08
1.47915e-07
2.59654e-07
3.15747e-07
3.56324e-07
3.94029e-07
4.37623e-07
4.96445e-07
)
;
    }
}


// ************************************************************************* //
