/*--------------------------------*- C++ -*----------------------------------*\
| =========                 |                                                 |
| \\      /  F ield         | OpenFOAM: The Open Source CFD Toolbox           |
|  \\    /   O peration     | Version:  1.7.1                                 |
|   \\  /    A nd           | Web:      www.OpenFOAM.com                      |
|    \\/     M anipulation  |                                                 |
\*---------------------------------------------------------------------------*/
FoamFile
{
    version     2.0;
    format      ascii;
    class       volScalarField;
    location    "1200";
    object      p_rgh;
}
// * * * * * * * * * * * * * * * * * * * * * * * * * * * * * * * * * * * * * //

dimensions      [1 -1 -2 0 0 0 0];

internalField   nonuniform List<scalar> 
4000
(
100116
100116
100116
100116
100116
100116
100116
100116
100116
100116
100116
100116
100116
100116
100116
100116
100116
100116
100116
100116
100116
100116
100116
100116
100116
100116
100116
100116
100116
100116
100116
100116
100116
100116
100116
100116
100116
100116
100116
100116
100116
100116
100116
100116
100116
100116
100116
100116
100116
100116
100116
100116
100116
100116
100116
100116
100116
100116
100116
100116
100116
100116
100116
100116
100116
100116
100116
100116
100116
100116
100116
100116
100116
100116
100116
100116
100116
100116
100116
100116
100116
100116
100116
100116
100116
100116
100116
100116
100116
100116
100116
100116
100116
100116
100116
100116
100116
100116
100116
100116
100116
100116
100116
100116
100116
100116
100116
100116
100116
100116
100116
100116
100116
100116
100116
100116
100116
100116
100116
100116
100116
100116
100116
100116
100116
100116
100116
100116
100116
100116
100116
100116
100116
100116
100116
100116
100116
100116
100116
100116
100116
100116
100116
100116
100116
100116
100116
100116
100116
100116
100116
100116
100116
100116
100116
100116
100116
100116
100116
100116
100116
100116
100116
100116
100116
100116
100116
100116
100116
100116
100116
100116
100116
100116
100116
100116
100116
100116
100116
100116
100116
100116
100116
100116
100116
100116
100116
100116
100116
100116
100116
100116
100116
100116
100116
100116
100116
100116
100116
100116
100116
100116
100116
100116
100116
100116
100116
100116
100116
100116
100116
100116
100116
100116
100116
100116
100116
100116
100116
100116
100116
100116
100116
100116
100116
100116
100116
100116
100116
100116
100116
100116
100116
100116
100116
100116
100116
100116
100116
100116
100116
100116
100116
100116
100116
100116
100116
100116
100116
100116
100116
100116
100116
100116
100116
100116
100116
100116
100116
100116
100116
100116
100116
100116
100116
100116
100116
100116
100116
100116
100116
100116
100116
100116
100116
100116
100116
100116
100116
100116
100116
100116
100116
100116
100116
100116
100116
100116
100116
100116
100116
100116
100116
100116
100116
100116
100116
100116
100116
100116
100116
100116
100116
100116
100116
100116
100116
100116
100116
100116
100116
100116
100116
100116
100116
100116
100116
100116
100116
100116
100116
100116
100116
100116
100116
100116
100116
100116
100116
100116
100116
100116
100116
100116
100116
100116
100116
100116
100116
100116
100116
100116
100116
100116
100116
100116
100116
100116
100116
100116
100116
100116
100116
100116
100116
100116
100116
100116
100116
100116
100116
100116
100116
100116
100116
100116
100116
100116
100116
100116
100116
100116
100116
100116
100116
100116
100116
100116
100116
100116
100116
100116
100116
100116
100116
100116
100116
100116
100116
100116
100116
100116
100116
100116
100116
100116
100116
100116
100116
100116
100116
100116
100116
100116
100116
100116
100116
100116
100116
100116
100116
100116
100116
100116
100116
100116
100116
100116
100116
100116
100116
100116
100116
100116
100116
100116
100116
100116
100116
100116
100116
100116
100116
100116
100116
100116
100116
100116
100116
100116
100116
100116
100116
100116
100116
100116
100116
100116
100116
100116
100116
100116
100116
100116
100116
100116
100116
100116
100116
100116
100116
100116
100116
100116
100116
100116
100116
100116
100116
100116
100116
100116
100116
100116
100116
100116
100116
100116
100116
100116
100116
100116
100116
100116
100116
100116
100116
100116
100116
100116
100116
100116
100116
100116
100116
100116
100116
100116
100116
100116
100116
100116
100116
100116
100116
100116
100116
100116
100116
100116
100116
100116
100116
100116
100116
100116
100116
100116
100116
100116
100116
100116
100116
100116
100116
100116
100116
100116
100116
100116
100116
100116
100116
100116
100116
100116
100116
100116
100116
100116
100116
100116
100116
100116
100116
100116
100116
100116
100116
100116
100116
100116
100116
100116
100116
100116
100116
100116
100116
100116
100116
100116
100116
100116
100116
100116
100116
100116
100116
100116
100116
100116
100116
100116
100116
100116
100116
100116
100116
100116
100116
100116
100116
100116
100116
100116
100116
100116
100116
100116
100116
100116
100116
100116
100116
100116
100116
100116
100116
100116
100116
100116
100116
100116
100116
100116
100116
100116
100116
100116
100116
100116
100116
100116
100116
100116
100116
100116
100116
100116
100116
100116
100116
100116
100116
100116
100116
100116
100116
100116
100116
100116
100116
100116
100116
100116
100116
100116
100116
100116
100116
100116
100116
100116
100116
100116
100116
100116
100116
100116
100116
100116
100116
100116
100116
100116
100116
100116
100116
100116
100116
100116
100116
100116
100116
100116
100116
100116
100116
100116
100116
100116
100116
100116
100116
100116
100116
100116
100116
100116
100116
100116
100116
100116
100116
100116
100116
100116
100116
100116
100116
100116
100116
100116
100116
100116
100116
100116
100116
100116
100116
100116
100116
100116
100116
100116
100116
100116
100116
100116
100116
100116
100116
100116
100116
100116
100116
100116
100116
100116
100116
100116
100116
100116
100116
100116
100116
100116
100116
100116
100116
100116
100116
100116
100116
100116
100116
100116
100116
100116
100116
100116
100116
100116
100116
100116
100116
100116
100116
100116
100116
100116
100116
100116
100116
100116
100116
100116
100116
100116
100116
100116
100116
100116
100116
100116
100116
100116
100116
100116
100116
100116
100116
100116
100116
100116
100116
100116
100116
100116
100116
100116
100116
100116
100116
100116
100116
100116
100116
100116
100116
100116
100116
100116
100116
100116
100116
100116
100116
100116
100116
100116
100116
100116
100116
100116
100116
100116
100116
100116
100116
100116
100116
100116
100116
100116
100116
100116
100116
100116
100116
100116
100116
100116
100116
100116
100116
100116
100116
100116
100116
100116
100116
100116
100116
100116
100116
100116
100116
100116
100116
100116
100116
100116
100116
100116
100116
100116
100116
100116
100116
100116
100116
100116
100116
100116
100116
100116
100116
100116
100116
100116
100116
100116
100116
100116
100116
100116
100116
100116
100116
100116
100116
100116
100116
100116
100116
100116
100116
100116
100116
100116
100116
100116
100116
100116
100116
100116
100116
100116
100116
100116
100116
100116
100116
100116
100116
100116
100116
100116
100116
100116
100116
100116
100116
100116
100116
100116
100116
100116
100116
100116
100116
100116
100116
100116
100116
100116
100116
100116
100116
100116
100116
100116
100116
100116
100116
100116
100116
100116
100116
100116
100116
100116
100116
100116
100116
100116
100116
100116
100116
100116
100116
100116
100116
100116
100116
100116
100116
100116
100116
100116
100116
100116
100116
100116
100116
100116
100116
100116
100116
100116
100116
100116
100116
100116
100116
100116
100116
100116
100116
100116
100116
100116
100116
100116
100116
100116
100116
100116
100116
100116
100116
100116
100116
100116
100116
100116
100116
100116
100116
100116
100116
100116
100116
100116
100116
100116
100116
100116
100116
100116
100116
100116
100116
100116
100116
100116
100116
100116
100116
100116
100116
100116
100116
100116
100116
100116
100116
100116
100116
100116
100116
100116
100116
100116
100116
100116
100116
100116
100116
100116
100116
100116
100116
100116
100116
100116
100116
100116
100116
100116
100116
100116
100116
100116
100116
100116
100116
100116
100116
100116
100116
100116
100116
100116
100116
100116
100116
100116
100116
100116
100116
100116
100116
100116
100116
100116
100116
100116
100116
100116
100116
100116
100116
100116
100116
100116
100116
100116
100116
100116
100116
100116
100116
100116
100116
100116
100116
100116
100116
100116
100116
100116
100116
100116
100116
100116
100116
100116
100116
100116
100116
100116
100116
100116
100116
100116
100116
100116
100116
100116
100116
100116
100116
100116
100116
100116
100116
100116
100116
100116
100116
100116
100116
100116
100116
100116
100116
100116
100116
100116
100116
100116
100116
100116
100116
100116
100116
100116
100116
100116
100116
100116
100116
100116
100116
100116
100116
100116
100116
100116
100116
100116
100116
100116
100116
100116
100116
100116
100116
100116
100116
100116
100116
100116
100116
100116
100116
100116
100116
100116
100116
100116
100116
100116
100116
100116
100116
100116
100116
100116
100116
100116
100116
100116
100116
100116
100116
100116
100116
100116
100116
100116
100116
100116
100116
100116
100116
100116
100116
100116
100116
100116
100116
100116
100116
100116
100116
100116
100116
100116
100116
100116
100116
100116
100116
100116
100116
100116
100116
100116
100116
100116
100116
100116
100116
100116
100116
100116
100116
100116
100116
100116
100116
100116
100116
100116
100116
100116
100116
100116
100116
100116
100116
100116
100116
100116
100116
100116
100116
100116
100116
100116
100116
100116
100116
100116
100116
100116
100116
100116
100116
100116
100116
100116
100116
100116
100116
100116
100116
100116
100116
100116
100116
100116
100116
100116
100116
100116
100116
100116
100116
100116
100116
100116
100116
100116
100116
100116
100116
100116
100116
100116
100116
100116
100116
100116
100116
100116
100116
100116
100116
100116
100116
100116
100116
100116
100116
100116
100116
100116
100116
100116
100116
100116
100116
100116
100116
100116
100116
100116
100116
100116
100116
100116
100116
100116
100116
100116
100116
100116
100116
100116
100116
100116
100116
100116
100116
100116
100116
100116
100116
100116
100116
100116
100116
100116
100116
100116
100116
100116
100116
100116
100116
100116
100116
100116
100116
100116
100116
100116
100116
100116
100116
100116
100116
100116
100116
100116
100116
100116
100116
100116
100116
100116
100116
100116
100116
100116
100116
100116
100116
100116
100116
100116
100116
100116
100116
100116
100116
100116
100116
100116
100116
100116
100116
100116
100116
100116
100116
100116
100116
100116
100116
100116
100116
100116
100116
100116
100116
100116
100116
100116
100116
100116
100116
100116
100116
100116
100116
100116
100116
100116
100116
100116
100116
100116
100116
100116
100116
100116
100116
100116
100116
100116
100116
100116
100116
100116
100116
100116
100116
100116
100116
100116
100116
100116
100116
100116
100116
100116
100116
100116
100116
100116
100116
100116
100116
100116
100116
100116
100116
100116
100116
100116
100116
100116
100116
100116
100116
100116
100116
100116
100116
100116
100116
100116
100116
100116
100116
100116
100116
100116
100116
100116
100116
100116
100116
100116
100116
100116
100116
100116
100116
100116
100116
100116
100116
100116
100116
100116
100116
100116
100116
100116
100116
100116
100116
100116
100116
100116
100116
100116
100116
100116
100116
100116
100116
100116
100116
100116
100116
100116
100116
100116
100116
100116
100116
100116
100116
100116
100116
100116
100116
100116
100116
100116
100116
100116
100116
100116
100116
100116
100116
100116
100116
100116
100116
100116
100116
100116
100116
100116
100116
100116
100116
100116
100116
100116
100116
100116
100116
100116
100116
100116
100116
100116
100116
100116
100116
100116
100116
100116
100116
100116
100116
100116
100116
100116
100116
100116
100116
100116
100116
100116
100116
100116
100116
100116
100116
100116
100116
100116
100116
100116
100116
100116
100116
100116
100116
100116
100116
100116
100116
100116
100116
100116
100116
100116
100116
100116
100116
100116
100116
100116
100116
100116
100116
100116
100116
100116
100116
100116
100116
100116
100116
100116
100116
100116
100116
100116
100116
100116
100116
100116
100116
100116
100116
100116
100116
100116
100116
100116
100116
100116
100116
100116
100116
100116
100116
100116
100116
100116
100116
100116
100116
100116
100116
100116
100116
100116
100116
100116
100116
100116
100116
100116
100116
100116
100116
100116
100116
100116
100116
100116
100116
100116
100116
100116
100116
100116
100116
100116
100116
100116
100116
100116
100116
100116
100116
100116
100116
100116
100116
100116
100116
100116
100116
100116
100116
100116
100116
100116
100116
100116
100116
100116
100116
100116
100116
100116
100116
100116
100116
100116
100116
100116
100116
100116
100116
100116
100116
100116
100116
100116
100116
100116
100116
100116
100116
100116
100116
100116
100116
100116
100116
100116
100116
100116
100116
100116
100116
100116
100116
100116
100116
100116
100116
100116
100116
100116
100116
100116
100116
100116
100116
100116
100116
100116
100116
100116
100116
100116
100116
100116
100116
100116
100116
100116
100116
100116
100116
100116
100116
100116
100116
100116
100116
100116
100116
100116
100116
100116
100116
100116
100116
100116
100116
100116
100116
100116
100116
100116
100116
100116
100116
100116
100116
100116
100116
100116
100116
100116
100116
100116
100116
100116
100116
100116
100116
100116
100116
100116
100116
100116
100116
100116
100116
100116
100116
100116
100116
100116
100116
100116
100116
100116
100116
100116
100116
100116
100116
100116
100116
100116
100116
100116
100116
100116
100116
100116
100116
100116
100116
100116
100116
100116
100116
100116
100116
100116
100116
100116
100116
100116
100116
100116
100116
100116
100116
100116
100116
100116
100116
100116
100116
100116
100116
100116
100116
100116
100116
100116
100116
100116
100116
100116
100116
100116
100116
100116
100116
100116
100116
100116
100116
100116
100116
100116
100116
100116
100116
100116
100116
100116
100116
100116
100116
100116
100116
100116
100116
100116
100116
100116
100116
100116
100116
100116
100116
100116
100116
100116
100116
100116
100116
100116
100116
100116
100116
100116
100116
100116
100116
100116
100116
100116
100116
100116
100116
100116
100116
100116
100116
100116
100116
100116
100116
100116
100116
100116
100116
100116
100116
100116
100116
100116
100116
100116
100116
100116
100116
100116
100116
100116
100116
100116
100116
100116
100116
100116
100116
100116
100116
100116
100116
100116
100116
100116
100116
100116
100116
100116
100116
100116
100116
100116
100116
100116
100116
100116
100116
100116
100116
100116
100116
100116
100116
100116
100116
100116
100116
100116
100116
100116
100116
100116
100116
100116
100116
100116
100116
100116
100116
100116
100116
100116
100116
100116
100116
100116
100116
100116
100116
100116
100116
100116
100116
100116
100116
100116
100116
100116
100116
100116
100116
100116
100116
100116
100116
100116
100116
100116
100116
100116
100116
100116
100116
100116
100116
100116
100116
100116
100116
100116
100116
100116
100116
100116
100116
100116
100116
100116
100116
100116
100116
100116
100116
100116
100116
100116
100116
100116
100116
100116
100116
100116
100116
100116
100116
100116
100116
100116
100116
100116
100116
100116
100116
100116
100116
100116
100116
100116
100116
100116
100116
100116
100116
100116
100116
100116
100116
100116
100116
100116
100116
100116
100116
100116
100116
100116
100116
100116
100116
100116
100116
100116
100116
100116
100116
100116
100116
100116
100116
100116
100116
100116
100116
100116
100116
100116
100116
100116
100116
100116
100116
100116
100116
100116
100116
100116
100116
100116
100116
100116
100116
100116
100116
100116
100116
100116
100116
100116
100116
100116
100116
100116
100116
100116
100116
100116
100116
100116
100116
100116
100116
100116
100116
100116
100116
100116
100116
100116
100116
100116
100116
100116
100116
100116
100116
100116
100116
100116
100116
100116
100116
100116
100116
100116
100116
100116
100116
100116
100116
100116
100116
100116
100116
100116
100116
100116
100116
100116
100116
100116
100116
100116
100116
100116
100116
100116
100116
100116
100116
100116
100116
100116
100116
100116
100116
100116
100116
100116
100116
100116
100116
100116
100116
100116
100116
100116
100116
100116
100116
100116
100116
100116
100116
100116
100116
100116
100116
100116
100116
100116
100116
100116
100116
100116
100116
100116
100116
100116
100116
100116
100116
100116
100116
100116
100116
100116
100116
100116
100116
100116
100116
100116
100116
100116
100116
100116
100116
100116
100116
100116
100116
100116
100116
100116
100116
100116
100116
100116
100116
100116
100116
100116
100116
100116
100116
100116
100116
100116
100116
100116
100116
100116
100116
100116
100116
100116
100116
100116
100116
100116
100116
100116
100116
100116
100116
100116
100116
100116
100116
100116
100116
100116
100116
100116
100116
100116
100116
100116
100116
100116
100116
100116
100116
100116
100116
100116
100116
100116
100116
100116
100116
100116
100116
100116
100116
100116
100116
100116
100116
100116
100116
100116
100116
100116
100116
100116
100116
100116
100116
100116
100116
100116
100116
100116
100116
100116
100116
100116
100116
100116
100116
100116
100116
100116
100116
100116
100116
100116
100116
100116
100116
100116
100116
100116
100116
100116
100116
100116
100116
100116
100116
100116
100116
100116
100116
100116
100116
100116
100116
100116
100116
100116
100116
100116
100116
100116
100116
100116
100116
100116
100116
100116
100116
100116
100116
100116
100116
100116
100116
100116
100116
100116
100116
100116
100116
100116
100116
100116
100116
100116
100116
100116
100116
100116
100116
100116
100116
100116
100116
100116
100116
100116
100116
100116
100116
100116
100116
100116
100116
100116
100116
100116
100116
100116
100116
100116
100116
100116
100116
100116
100116
100116
100116
100116
100116
100116
100116
100116
100116
100116
100116
100116
100116
100116
100116
100116
100116
100116
100116
100116
100116
100116
100116
100116
100116
100116
100116
100116
100116
100116
100116
100116
100116
100116
100116
100116
100116
100116
100116
100116
100116
100116
100116
100116
100116
100116
100116
100116
100116
100116
100116
100116
100116
100116
100116
100116
100116
100116
100116
100116
100116
100116
100116
100116
100116
100116
100116
100116
100116
100116
100116
100116
100116
100116
100116
100116
100116
100116
100116
100116
100116
100116
100116
100116
100116
100116
100116
100116
100116
100116
100116
100116
100116
100116
100116
100116
100116
100116
100116
100116
100116
100116
100116
100116
100116
100116
100116
100116
100116
100116
100116
100116
100116
100116
100116
100116
100116
100116
100116
100116
100116
100116
100116
100116
100116
100116
100116
100116
100116
100116
100116
100116
100116
100116
100116
100116
100116
100116
100116
100116
100116
100116
100116
100116
100116
100116
100116
100116
100116
100116
100116
100116
100116
100116
100116
100116
100116
100116
100116
100116
100116
100116
100116
100116
100116
100116
100116
100116
100116
100116
100116
100116
100116
100116
100116
100116
100116
100116
100116
100116
100116
100116
100116
100116
100116
100116
100116
100116
100116
100116
100116
100116
100116
100116
100116
100116
100116
100116
100116
100116
100116
100116
100116
100116
100116
100116
100116
100116
100116
100116
100116
100116
100116
100116
100116
100116
100116
100116
100116
100116
100116
100116
100116
100116
100116
100116
100116
100116
100116
100116
100116
100116
100116
100116
100116
100116
100116
100116
100116
100116
100116
100116
100116
100116
100116
100116
100116
100116
100116
100116
100116
100116
100116
100116
100116
100116
100116
100116
100116
100116
100116
100116
100116
100116
100116
100116
100116
100116
100116
100116
100116
100116
100116
100116
100116
100116
100116
100116
100116
100116
100116
100116
100116
100116
100116
100116
100116
100116
100116
100116
100116
100116
100116
100116
100116
100116
100116
100116
100116
100116
100116
100116
100116
100116
100116
100116
100116
100116
100116
100116
100116
100116
100116
100116
100116
100116
100116
100116
100116
100116
100116
100116
100116
100116
100116
100116
100116
100116
100116
100116
100116
100116
100116
100116
100116
100116
100116
100116
100116
100116
100116
100116
100116
100116
100116
100116
100116
100116
100116
100116
100116
100116
100116
100116
100116
100116
100116
100116
100116
100116
100116
100116
100116
100116
100116
100116
100116
100116
100116
100116
100116
100116
100116
100116
100116
100116
100116
100116
100116
100116
100116
100116
100116
100116
100116
100116
100116
100116
100116
100116
100116
100116
100116
100116
100116
100116
100116
100116
100116
100116
100116
100116
100116
100116
100116
100116
100116
100116
100116
100116
100116
100116
100116
100116
100116
100116
100116
100116
100116
100116
100116
100116
100116
100116
100116
100116
100116
100116
100116
100116
100116
100116
100116
100116
100116
100116
100116
100116
100116
100116
100116
100116
100116
100116
100116
100116
100116
100116
100116
100116
100116
100116
100116
100116
100116
100116
100116
100116
100116
100116
100116
100116
100116
100116
100116
100116
100116
100116
100116
100116
100116
100116
100116
100116
100116
100116
100116
100116
100116
100116
100116
100116
100116
100116
100116
100116
100116
100116
100116
100116
100116
100116
100116
100116
100116
100116
100116
100116
100116
100116
100116
100116
100116
100116
100116
100116
100116
100116
100116
100116
100116
100116
100116
100116
100116
100116
100116
100116
100116
100116
100116
100116
100116
100116
100116
100116
100116
100116
100116
100116
100116
100116
100116
100116
100116
100116
100116
100116
100116
100116
100116
100116
100116
100116
100116
100116
100116
100116
100116
100116
100116
100116
100116
100116
100116
100116
100116
100116
100116
100116
100116
100116
100116
100116
100116
100116
100116
100116
100116
100116
100116
100116
100116
100116
100116
100116
100116
100116
100116
100116
100116
100116
100116
100116
100116
100116
100116
100116
100116
100116
100116
100116
100116
100116
100116
100116
100116
100116
100116
100116
100116
100116
100116
100116
100116
100116
100116
100116
100116
100116
100116
100116
100116
100116
100116
100116
100116
100116
100116
100116
100116
100116
100116
100116
100116
100116
100116
100116
100116
100116
100116
100116
100116
100116
100116
100116
100116
100116
100116
100116
100116
100116
100116
100116
100116
100116
100116
100116
100116
100116
100116
100116
100116
100116
100116
100116
100116
100116
100116
100116
100116
100116
100116
100116
100116
100116
100116
100116
100116
100116
100116
100116
100116
100116
100116
100116
100116
100116
100116
100116
100116
100116
100116
100116
100116
100116
100116
100116
100116
100116
100116
100116
100116
100116
100116
100116
100116
100116
100116
100116
100116
100116
100116
100116
100116
100116
100116
100116
100116
100116
100116
100116
100116
100116
100116
100116
100116
100116
100116
100116
100116
100116
100116
100116
100116
100116
100116
100116
100116
100116
100116
100116
100116
100116
100116
100116
100116
100116
100116
100116
100116
100116
100116
100116
100116
100116
100116
100116
100116
100116
100116
100116
100116
100116
100116
100116
100116
100116
100116
100116
100116
100116
100116
100116
100116
100116
100116
100116
100116
100116
100116
100116
100116
100116
100116
100116
100116
100116
100116
100116
100116
100116
100116
100116
100116
100116
100116
100116
100116
100116
100116
100116
100116
100116
100116
100116
100116
100116
100116
100116
100116
100116
100116
100116
100116
100116
100116
100116
100116
100116
100116
100116
100116
100116
100116
100116
100116
100116
100116
100116
100116
100116
100116
100116
100116
100116
100116
100116
100116
100116
100116
100116
100116
100116
100116
100116
100116
100116
100116
100116
100116
100116
100116
100116
100116
100116
100116
100116
100116
100116
100116
100116
100116
100116
100116
100116
100116
100116
100116
100116
100116
100116
100116
100116
100116
100116
100116
100116
100116
100116
100116
100116
100116
100116
100116
100116
100116
100116
100116
100116
100116
100116
100116
100116
100116
100116
100116
100116
100116
100116
100116
100116
100116
100116
100116
100116
100116
100116
100116
100116
100116
100116
100116
100116
100116
100116
100116
100116
100116
100116
100116
100116
100116
100116
100116
100116
100116
100116
100116
100116
100116
100116
100116
100116
100116
100116
100116
100116
100116
100116
100116
100116
100116
100116
100116
100116
100116
100116
100116
100116
100116
100116
100116
100116
100116
100116
100116
100116
100116
100116
100116
100116
100116
100116
100116
100116
100116
100116
100116
100116
100116
100116
100116
100116
100116
100116
100116
100116
100116
100116
100116
100116
100116
100116
100116
100116
100116
100116
100116
100116
100116
100116
100116
100116
100116
100116
100116
100116
100116
100116
100116
100116
100116
100116
100116
100116
100116
100116
100116
100116
100116
100116
100116
100116
100116
100116
100116
100116
100116
100116
100116
100116
100116
100116
100116
100116
100116
100116
100116
100116
100116
100116
100116
100116
100116
100116
100116
100116
100116
100116
100116
100116
100116
100116
100116
100116
100116
100116
100116
100116
100116
100116
100116
100116
100116
100116
100116
100116
100116
100116
100116
100116
100116
100116
100116
100116
100116
100116
100116
100116
100116
100116
100116
100116
100116
100116
100116
100116
100116
100116
100116
100116
100116
100116
100116
100116
100116
100116
100116
100116
100116
100116
100116
100116
100116
100116
100116
100116
100116
100116
100116
100116
100116
100116
100116
100116
100116
100116
100116
100116
100116
100116
100116
100116
100116
100116
100116
100116
100116
100116
100116
100116
100116
100116
100116
100116
100116
100116
100116
100116
100116
100116
100116
100116
100116
100116
100116
100116
100116
100116
100116
100116
100116
100116
100116
100116
100116
100116
100116
100116
100116
100116
100116
100116
100116
100116
100116
100116
100116
100116
100116
100116
100116
100116
100116
100116
100116
100116
100116
100116
100116
100116
100116
100116
100116
100116
100116
100116
100116
100116
100116
100116
100116
100116
100116
100116
100116
100116
100116
100116
100116
100116
100116
100116
100116
100116
100116
100116
100116
100116
100116
100116
100116
100116
100116
100116
100116
100116
100116
100116
100116
100116
100116
100116
100116
100116
100116
100116
100116
100116
100116
100116
100116
100116
100116
100116
100116
100116
100116
100116
100116
100116
100116
100116
100116
100116
100116
100116
100116
100116
100116
100116
100116
100116
100116
100116
100116
100116
100116
100116
100116
100116
100116
100116
100116
100116
100116
100116
100116
100116
100116
100116
100116
100116
100116
100116
100116
100116
100116
100116
100116
100116
100116
100116
100116
100116
100116
100116
100116
100116
100116
100116
100116
100116
100116
100116
100116
100116
100116
100116
100116
100116
100116
100116
100116
100116
100116
100116
100116
100116
100116
100116
100116
100116
100116
100116
100116
100116
100116
100116
100116
100116
100116
100116
100116
100116
100116
100116
100116
100116
100116
100116
100116
100116
100116
100116
100116
100116
100116
100116
100116
100116
100116
100116
100116
100116
100116
100116
100116
100116
100116
100116
100116
100116
100116
100116
100116
100116
100116
100116
100116
100116
100116
100116
100116
100116
100116
100116
100116
100116
100116
100116
100116
100116
100116
100116
100116
100116
100116
100116
100116
100116
100116
100116
100116
100116
100116
100116
100116
100116
100116
100116
100116
100116
100116
100116
100116
100116
100116
100116
100116
100116
100116
100116
100116
100116
100116
100116
100116
100116
100116
100116
100116
100116
100116
100116
100116
100116
100116
100116
100116
100116
100116
100116
100116
100116
100116
100116
100116
100116
100116
100116
100116
100116
100116
100116
100116
100116
100116
100116
100116
100116
100116
100116
100116
100116
100116
100116
100116
100116
100116
100116
100116
100116
100116
100116
100116
100116
100116
100116
100116
100116
100116
100116
100116
100116
100116
100116
100116
100116
100116
100116
100116
100116
100116
100116
100116
100116
100116
100116
100116
100116
100116
100116
100116
100116
100116
100116
100116
100116
100116
100116
100116
100116
100116
100116
100116
100116
100116
100116
100116
100116
100116
100116
100116
100116
100116
100116
100116
100116
100116
100116
100116
100116
100116
100116
100116
100116
100116
100116
100116
100116
100116
100116
100116
100116
100116
100116
100116
100116
100116
100116
100116
100116
100116
100116
100116
100116
100116
100116
100116
100116
100116
100116
100116
100116
100116
100116
100116
100116
100116
100116
100116
100116
100116
100116
100116
100116
100116
100116
100116
100116
100116
100116
100116
100116
100116
100116
100116
100116
100116
100116
100116
100116
)
;

boundaryField
{
    floor
    {
        type            buoyantPressure;
        gradient        uniform -0;
        rho             rho;
        value           nonuniform List<scalar> 
400
(
100116
100116
100116
100116
100116
100116
100116
100116
100116
100116
100116
100116
100116
100116
100116
100116
100116
100116
100116
100116
100116
100116
100116
100116
100116
100116
100116
100116
100116
100116
100116
100116
100116
100116
100116
100116
100116
100116
100116
100116
100116
100116
100116
100116
100116
100116
100116
100116
100116
100116
100116
100116
100116
100116
100116
100116
100116
100116
100116
100116
100116
100116
100116
100116
100116
100116
100116
100116
100116
100116
100116
100116
100116
100116
100116
100116
100116
100116
100116
100116
100116
100116
100116
100116
100116
100116
100116
100116
100116
100116
100116
100116
100116
100116
100116
100116
100116
100116
100116
100116
100116
100116
100116
100116
100116
100116
100116
100116
100116
100116
100116
100116
100116
100116
100116
100116
100116
100116
100116
100116
100116
100116
100116
100116
100116
100116
100116
100116
100116
100116
100116
100116
100116
100116
100116
100116
100116
100116
100116
100116
100116
100116
100116
100116
100116
100116
100116
100116
100116
100116
100116
100116
100116
100116
100116
100116
100116
100116
100116
100116
100116
100116
100116
100116
100116
100116
100116
100116
100116
100116
100116
100116
100116
100116
100116
100116
100116
100116
100116
100116
100116
100116
100116
100116
100116
100116
100116
100116
100116
100116
100116
100116
100116
100116
100116
100116
100116
100116
100116
100116
100116
100116
100116
100116
100116
100116
100116
100116
100116
100116
100116
100116
100116
100116
100116
100116
100116
100116
100116
100116
100116
100116
100116
100116
100116
100116
100116
100116
100116
100116
100116
100116
100116
100116
100116
100116
100116
100116
100116
100116
100116
100116
100116
100116
100116
100116
100116
100116
100116
100116
100116
100116
100116
100116
100116
100116
100116
100116
100116
100116
100116
100116
100116
100116
100116
100116
100116
100116
100116
100116
100116
100116
100116
100116
100116
100116
100116
100116
100116
100116
100116
100116
100116
100116
100116
100116
100116
100116
100116
100116
100116
100116
100116
100116
100116
100116
100116
100116
100116
100116
100116
100116
100116
100116
100116
100116
100116
100116
100116
100116
100116
100116
100116
100116
100116
100116
100116
100116
100116
100116
100116
100116
100116
100116
100116
100116
100116
100116
100116
100116
100116
100116
100116
100116
100116
100116
100116
100116
100116
100116
100116
100116
100116
100116
100116
100116
100116
100116
100116
100116
100116
100116
100116
100116
100116
100116
100116
100116
100116
100116
100116
100116
100116
100116
100116
100116
100116
100116
100116
100116
100116
100116
100116
100116
100116
100116
100116
100116
100116
100116
100116
100116
100116
100116
100116
100116
100116
100116
100116
100116
100116
100116
100116
100116
100116
100116
100116
100116
100116
100116
)
;
    }
    ceiling
    {
        type            buoyantPressure;
        gradient        nonuniform List<scalar> 
400
(
0.196801
0.198406
0.200064
0.201651
0.203092
0.204341
0.205336
0.20599
0.206172
0.205637
0.204945
0.204981
0.204608
0.203885
0.202899
0.201712
0.200368
0.198896
0.197357
0.19589
0.198406
0.19987
0.201576
0.203342
0.205034
0.20657
0.207848
0.208733
0.209039
0.208473
0.207621
0.207654
0.207128
0.206155
0.204876
0.203395
0.201794
0.200135
0.198538
0.197205
0.200064
0.201576
0.203378
0.205298
0.207201
0.208997
0.210562
0.211703
0.212179
0.211598
0.210592
0.210623
0.209919
0.208685
0.207121
0.205374
0.20355
0.201721
0.200013
0.198623
0.201651
0.203342
0.205298
0.207397
0.209531
0.211625
0.213545
0.215034
0.215781
0.215277
0.214055
0.214029
0.213064
0.211495
0.20959
0.207548
0.205487
0.203472
0.201599
0.200021
0.203092
0.205034
0.207201
0.209531
0.211973
0.214469
0.21688
0.218952
0.220255
0.22013
0.218533
0.218186
0.216739
0.214656
0.212289
0.20986
0.207499
0.205255
0.203163
0.201324
0.204341
0.20657
0.208997
0.211625
0.214469
0.217536
0.220646
0.223525
0.225691
0.226338
0.224166
0.223168
0.22098
0.218197
0.215216
0.212266
0.209517
0.206982
0.204625
0.202486
0.205336
0.207848
0.210562
0.213545
0.21688
0.220646
0.22465
0.228676
0.232269
0.234572
0.23149
0.229107
0.225695
0.221924
0.218169
0.21461
0.211404
0.208524
0.205878
0.203437
0.20599
0.208733
0.211703
0.215034
0.218952
0.223525
0.228676
0.234396
0.240485
0.24644
0.241858
0.236397
0.230862
0.225641
0.22089
0.216628
0.212916
0.209697
0.206785
0.204085
0.206172
0.209039
0.212179
0.215781
0.220255
0.225691
0.232269
0.240485
0.251017
0.265146
0.257762
0.245643
0.236337
0.228957
0.222956
0.217932
0.213728
0.210246
0.207148
0.204289
0.205637
0.208473
0.211598
0.215277
0.22013
0.226338
0.234572
0.24644
0.265146
0.298638
0.285407
0.257961
0.241747
0.231163
0.223669
0.217937
0.213387
0.209832
0.206719
0.203841
0.204945
0.207621
0.210592
0.214055
0.218533
0.224165
0.23149
0.241858
0.257762
0.285407
0.276823
0.252869
0.238494
0.228931
0.222068
0.216738
0.212449
0.209039
0.206038
0.203292
0.204981
0.207654
0.210623
0.214029
0.218186
0.223168
0.229107
0.236397
0.245643
0.257961
0.252869
0.241921
0.233445
0.226667
0.22109
0.216367
0.212377
0.20903
0.206062
0.203359
0.204608
0.207128
0.209919
0.213064
0.216739
0.22098
0.225695
0.230862
0.236337
0.241747
0.238494
0.233445
0.228309
0.223433
0.218958
0.214902
0.211342
0.208251
0.205475
0.20295
0.203885
0.206155
0.208685
0.211495
0.214656
0.218197
0.221924
0.225641
0.228957
0.231163
0.228931
0.226667
0.223433
0.219847
0.21625
0.212814
0.209709
0.206945
0.204438
0.202187
0.202899
0.204876
0.207121
0.20959
0.212289
0.215216
0.218169
0.22089
0.222956
0.223669
0.222068
0.22109
0.218958
0.21625
0.213338
0.21045
0.207776
0.205343
0.203123
0.201186
0.201712
0.203395
0.205374
0.207548
0.20986
0.212266
0.21461
0.216628
0.217932
0.217937
0.216738
0.216367
0.214902
0.212814
0.21045
0.208036
0.205735
0.203595
0.201648
0.200025
0.200368
0.201794
0.20355
0.205487
0.207499
0.209517
0.211404
0.212917
0.213728
0.213387
0.212449
0.212377
0.211342
0.209709
0.207776
0.205735
0.203737
0.201828
0.200113
0.198764
0.198896
0.200135
0.201721
0.203472
0.205255
0.206982
0.208524
0.209697
0.210246
0.209832
0.209039
0.20903
0.208251
0.206945
0.205343
0.203595
0.201828
0.200115
0.198586
0.197445
0.197357
0.198538
0.200013
0.201599
0.203163
0.204625
0.205879
0.206785
0.207148
0.206719
0.206038
0.206062
0.205475
0.204438
0.203123
0.201648
0.200113
0.198586
0.197195
0.196145
0.19589
0.197205
0.198623
0.200021
0.201324
0.202486
0.203437
0.204086
0.204289
0.203841
0.203292
0.203359
0.20295
0.202187
0.201186
0.200025
0.198764
0.197445
0.196145
0.195014
)
;
        rho             rho;
        value           nonuniform List<scalar> 
400
(
100116
100116
100116
100116
100116
100116
100116
100116
100116
100116
100116
100116
100116
100116
100116
100116
100116
100116
100116
100116
100116
100116
100116
100116
100116
100116
100116
100116
100116
100116
100116
100116
100116
100116
100116
100116
100116
100116
100116
100116
100116
100116
100116
100116
100116
100116
100116
100116
100116
100116
100116
100116
100116
100116
100116
100116
100116
100116
100116
100116
100116
100116
100116
100116
100116
100116
100116
100116
100116
100116
100116
100116
100116
100116
100116
100116
100116
100116
100116
100116
100116
100116
100116
100116
100116
100116
100116
100116
100116
100116
100116
100116
100116
100116
100116
100116
100116
100116
100116
100116
100116
100116
100116
100116
100116
100116
100116
100116
100116
100116
100116
100116
100116
100116
100116
100116
100116
100116
100116
100116
100116
100116
100116
100116
100116
100116
100116
100116
100116
100116
100116
100116
100116
100116
100116
100116
100116
100116
100116
100116
100116
100116
100116
100116
100116
100116
100116
100116
100116
100116
100116
100116
100116
100116
100116
100116
100116
100116
100116
100116
100116
100116
100116
100116
100116
100116
100116
100116
100116
100116
100116
100116
100116
100116
100116
100116
100116
100116
100116
100116
100116
100116
100116
100116
100116
100116
100116
100116
100116
100116
100116
100116
100116
100116
100116
100116
100116
100116
100116
100116
100116
100116
100116
100116
100116
100116
100116
100116
100116
100116
100116
100116
100116
100116
100116
100116
100116
100116
100116
100116
100116
100116
100116
100116
100116
100116
100116
100116
100116
100116
100116
100116
100116
100116
100116
100116
100116
100116
100116
100116
100116
100116
100116
100116
100116
100116
100116
100116
100116
100116
100116
100116
100116
100116
100116
100116
100116
100116
100116
100116
100116
100116
100116
100116
100116
100116
100116
100116
100116
100116
100116
100116
100116
100116
100116
100116
100116
100116
100116
100116
100116
100116
100116
100116
100116
100116
100116
100116
100116
100116
100116
100116
100116
100116
100116
100116
100116
100116
100116
100116
100116
100116
100116
100116
100116
100116
100116
100116
100116
100116
100116
100116
100116
100116
100116
100116
100116
100116
100116
100116
100116
100116
100116
100116
100116
100116
100116
100116
100116
100116
100116
100116
100116
100116
100116
100116
100116
100116
100116
100116
100116
100116
100116
100116
100116
100116
100116
100116
100116
100116
100116
100116
100116
100116
100116
100116
100116
100116
100116
100116
100116
100116
100116
100116
100116
100116
100116
100116
100116
100116
100116
100116
100116
100116
100116
100116
100116
100116
100116
100116
100116
100116
100116
100116
100116
100116
100116
100116
100116
100116
100116
100116
100116
100116
100116
100116
100116
100116
100116
100116
)
;
    }
    fixedWalls
    {
        type            buoyantPressure;
        gradient        uniform 0;
        rho             rho;
        value           nonuniform List<scalar> 
800
(
100116
100116
100116
100116
100116
100116
100116
100116
100116
100116
100116
100116
100116
100116
100116
100116
100116
100116
100116
100116
100116
100116
100116
100116
100116
100116
100116
100116
100116
100116
100116
100116
100116
100116
100116
100116
100116
100116
100116
100116
100116
100116
100116
100116
100116
100116
100116
100116
100116
100116
100116
100116
100116
100116
100116
100116
100116
100116
100116
100116
100116
100116
100116
100116
100116
100116
100116
100116
100116
100116
100116
100116
100116
100116
100116
100116
100116
100116
100116
100116
100116
100116
100116
100116
100116
100116
100116
100116
100116
100116
100116
100116
100116
100116
100116
100116
100116
100116
100116
100116
100116
100116
100116
100116
100116
100116
100116
100116
100116
100116
100116
100116
100116
100116
100116
100116
100116
100116
100116
100116
100116
100116
100116
100116
100116
100116
100116
100116
100116
100116
100116
100116
100116
100116
100116
100116
100116
100116
100116
100116
100116
100116
100116
100116
100116
100116
100116
100116
100116
100116
100116
100116
100116
100116
100116
100116
100116
100116
100116
100116
100116
100116
100116
100116
100116
100116
100116
100116
100116
100116
100116
100116
100116
100116
100116
100116
100116
100116
100116
100116
100116
100116
100116
100116
100116
100116
100116
100116
100116
100116
100116
100116
100116
100116
100116
100116
100116
100116
100116
100116
100116
100116
100116
100116
100116
100116
100116
100116
100116
100116
100116
100116
100116
100116
100116
100116
100116
100116
100116
100116
100116
100116
100116
100116
100116
100116
100116
100116
100116
100116
100116
100116
100116
100116
100116
100116
100116
100116
100116
100116
100116
100116
100116
100116
100116
100116
100116
100116
100116
100116
100116
100116
100116
100116
100116
100116
100116
100116
100116
100116
100116
100116
100116
100116
100116
100116
100116
100116
100116
100116
100116
100116
100116
100116
100116
100116
100116
100116
100116
100116
100116
100116
100116
100116
100116
100116
100116
100116
100116
100116
100116
100116
100116
100116
100116
100116
100116
100116
100116
100116
100116
100116
100116
100116
100116
100116
100116
100116
100116
100116
100116
100116
100116
100116
100116
100116
100116
100116
100116
100116
100116
100116
100116
100116
100116
100116
100116
100116
100116
100116
100116
100116
100116
100116
100116
100116
100116
100116
100116
100116
100116
100116
100116
100116
100116
100116
100116
100116
100116
100116
100116
100116
100116
100116
100116
100116
100116
100116
100116
100116
100116
100116
100116
100116
100116
100116
100116
100116
100116
100116
100116
100116
100116
100116
100116
100116
100116
100116
100116
100116
100116
100116
100116
100116
100116
100116
100116
100116
100116
100116
100116
100116
100116
100116
100116
100116
100116
100116
100116
100116
100116
100116
100116
100116
100116
100116
100116
100116
100116
100116
100116
100116
100116
100116
100116
100116
100116
100116
100116
100116
100116
100116
100116
100116
100116
100116
100116
100116
100116
100116
100116
100116
100116
100116
100116
100116
100116
100116
100116
100116
100116
100116
100116
100116
100116
100116
100116
100116
100116
100116
100116
100116
100116
100116
100116
100116
100116
100116
100116
100116
100116
100116
100116
100116
100116
100116
100116
100116
100116
100116
100116
100116
100116
100116
100116
100116
100116
100116
100116
100116
100116
100116
100116
100116
100116
100116
100116
100116
100116
100116
100116
100116
100116
100116
100116
100116
100116
100116
100116
100116
100116
100116
100116
100116
100116
100116
100116
100116
100116
100116
100116
100116
100116
100116
100116
100116
100116
100116
100116
100116
100116
100116
100116
100116
100116
100116
100116
100116
100116
100116
100116
100116
100116
100116
100116
100116
100116
100116
100116
100116
100116
100116
100116
100116
100116
100116
100116
100116
100116
100116
100116
100116
100116
100116
100116
100116
100116
100116
100116
100116
100116
100116
100116
100116
100116
100116
100116
100116
100116
100116
100116
100116
100116
100116
100116
100116
100116
100116
100116
100116
100116
100116
100116
100116
100116
100116
100116
100116
100116
100116
100116
100116
100116
100116
100116
100116
100116
100116
100116
100116
100116
100116
100116
100116
100116
100116
100116
100116
100116
100116
100116
100116
100116
100116
100116
100116
100116
100116
100116
100116
100116
100116
100116
100116
100116
100116
100116
100116
100116
100116
100116
100116
100116
100116
100116
100116
100116
100116
100116
100116
100116
100116
100116
100116
100116
100116
100116
100116
100116
100116
100116
100116
100116
100116
100116
100116
100116
100116
100116
100116
100116
100116
100116
100116
100116
100116
100116
100116
100116
100116
100116
100116
100116
100116
100116
100116
100116
100116
100116
100116
100116
100116
100116
100116
100116
100116
100116
100116
100116
100116
100116
100116
100116
100116
100116
100116
100116
100116
100116
100116
100116
100116
100116
100116
100116
100116
100116
100116
100116
100116
100116
100116
100116
100116
100116
100116
100116
100116
100116
100116
100116
100116
100116
100116
100116
100116
100116
100116
100116
100116
100116
100116
100116
100116
100116
100116
100116
100116
100116
100116
100116
100116
100116
100116
100116
100116
100116
100116
100116
100116
100116
100116
100116
100116
100116
100116
100116
100116
100116
100116
100116
100116
100116
100116
100116
100116
100116
100116
100116
100116
100116
100116
100116
100116
100116
100116
100116
100116
100116
100116
100116
100116
100116
100116
100116
100116
100116
100116
100116
100116
100116
100116
100116
100116
100116
100116
100116
100116
100116
100116
)
;
    }
}


// ************************************************************************* //
