/*--------------------------------*- C++ -*----------------------------------*\
| =========                 |                                                 |
| \\      /  F ield         | OpenFOAM: The Open Source CFD Toolbox           |
|  \\    /   O peration     | Version:  1.7.1                                 |
|   \\  /    A nd           | Web:      www.OpenFOAM.com                      |
|    \\/     M anipulation  |                                                 |
\*---------------------------------------------------------------------------*/
FoamFile
{
    version     2.0;
    format      ascii;
    class       volScalarField;
    location    "1200";
    object      T;
}
// * * * * * * * * * * * * * * * * * * * * * * * * * * * * * * * * * * * * * //

dimensions      [0 0 0 1 0 0 0];

internalField   nonuniform List<scalar> 
4000
(
300.192
300.192
300.192
300.191
300.19
300.19
300.191
300.192
300.191
300.189
300.189
300.189
300.19
300.19
300.19
300.19
300.191
300.193
300.194
300.195
300.211
300.214
300.216
300.219
300.221
300.223
300.225
300.226
300.225
300.224
300.223
300.223
300.223
300.223
300.222
300.22
300.218
300.218
300.217
300.216
300.232
300.232
300.233
300.235
300.237
300.241
300.244
300.245
300.244
300.244
300.244
300.243
300.242
300.242
300.242
300.239
300.236
300.234
300.233
300.233
300.281
300.271
300.261
300.257
300.255
300.256
300.255
300.257
300.259
300.259
300.258
300.258
300.258
300.256
300.254
300.256
300.26
300.266
300.276
300.282
300.291
300.291
300.288
300.283
300.277
300.274
300.274
300.274
300.273
300.272
300.272
300.272
300.273
300.275
300.278
300.281
300.286
300.29
300.291
300.291
300.289
300.29
300.291
300.291
300.29
300.289
300.288
300.287
300.286
300.286
300.287
300.287
300.288
300.289
300.29
300.291
300.291
300.291
300.29
300.288
300.285
300.287
300.289
300.29
300.29
300.291
300.291
300.291
300.291
300.291
300.291
300.291
300.291
300.291
300.29
300.29
300.289
300.288
300.286
300.285
300.281
300.283
300.285
300.286
300.287
300.288
300.289
300.289
300.289
300.289
300.288
300.288
300.288
300.288
300.287
300.286
300.285
300.284
300.282
300.28
300.275
300.278
300.28
300.282
300.283
300.284
300.285
300.285
300.285
300.285
300.284
300.284
300.284
300.283
300.283
300.282
300.28
300.279
300.277
300.274
300.268
300.27
300.273
300.275
300.277
300.278
300.28
300.28
300.281
300.28
300.279
300.279
300.279
300.278
300.276
300.275
300.273
300.271
300.269
300.267
300.192
300.192
300.192
300.191
300.19
300.19
300.191
300.191
300.19
300.188
300.188
300.189
300.189
300.19
300.19
300.19
300.191
300.192
300.193
300.195
300.214
300.214
300.215
300.217
300.22
300.222
300.225
300.225
300.225
300.224
300.223
300.222
300.222
300.223
300.222
300.22
300.219
300.218
300.218
300.217
300.232
300.232
300.233
300.234
300.237
300.24
300.244
300.245
300.246
300.245
300.244
300.244
300.243
300.243
300.242
300.24
300.237
300.235
300.234
300.233
300.271
300.264
300.259
300.256
300.255
300.256
300.256
300.259
300.261
300.261
300.261
300.26
300.259
300.257
300.255
300.256
300.258
300.262
300.268
300.273
300.291
300.29
300.286
300.28
300.276
300.273
300.273
300.273
300.272
300.272
300.272
300.271
300.272
300.275
300.277
300.279
300.283
300.288
300.29
300.291
300.29
300.29
300.29
300.289
300.288
300.285
300.284
300.283
300.283
300.283
300.283
300.283
300.283
300.285
300.287
300.289
300.29
300.29
300.29
300.29
300.287
300.288
300.288
300.289
300.289
300.288
300.288
300.287
300.287
300.287
300.287
300.287
300.287
300.288
300.288
300.289
300.288
300.288
300.287
300.286
300.283
300.284
300.285
300.286
300.287
300.287
300.287
300.287
300.287
300.286
300.286
300.286
300.286
300.286
300.286
300.286
300.285
300.284
300.283
300.282
300.278
300.279
300.281
300.283
300.284
300.285
300.285
300.286
300.286
300.285
300.285
300.285
300.284
300.284
300.283
300.282
300.281
300.28
300.278
300.276
300.27
300.272
300.275
300.277
300.279
300.281
300.283
300.284
300.284
300.284
300.283
300.283
300.282
300.281
300.279
300.277
300.275
300.273
300.271
300.269
300.192
300.192
300.192
300.191
300.19
300.19
300.192
300.192
300.19
300.189
300.189
300.189
300.19
300.19
300.19
300.19
300.19
300.191
300.192
300.193
300.216
300.215
300.216
300.217
300.219
300.222
300.224
300.226
300.225
300.224
300.222
300.222
300.222
300.223
300.223
300.221
300.219
300.219
300.218
300.219
300.233
300.233
300.233
300.235
300.237
300.24
300.244
300.246
300.247
300.246
300.245
300.245
300.244
300.243
300.243
300.241
300.238
300.236
300.235
300.234
300.261
300.259
300.256
300.255
300.255
300.256
300.257
300.26
300.262
300.263
300.263
300.262
300.261
300.258
300.255
300.255
300.257
300.259
300.262
300.264
300.288
300.286
300.282
300.278
300.274
300.273
300.272
300.272
300.271
300.272
300.273
300.271
300.271
300.273
300.275
300.277
300.28
300.284
300.286
300.288
300.291
300.29
300.289
300.288
300.286
300.283
300.282
300.281
300.28
300.28
300.28
300.28
300.281
300.282
300.284
300.287
300.288
300.289
300.29
300.29
300.289
300.288
300.288
300.288
300.287
300.286
300.285
300.284
300.283
300.284
300.284
300.284
300.284
300.285
300.286
300.287
300.288
300.288
300.288
300.288
300.285
300.285
300.285
300.285
300.285
300.285
300.284
300.283
300.283
300.283
300.283
300.283
300.284
300.284
300.285
300.285
300.285
300.285
300.284
300.284
300.28
300.281
300.282
300.283
300.283
300.284
300.284
300.284
300.283
300.282
300.282
300.283
300.283
300.283
300.283
300.282
300.282
300.281
300.28
300.278
300.273
300.275
300.277
300.28
300.282
300.284
300.286
300.288
300.289
300.288
300.287
300.287
300.286
300.284
300.282
300.28
300.277
300.275
300.273
300.271
300.191
300.191
300.191
300.191
300.19
300.191
300.192
300.193
300.191
300.19
300.19
300.19
300.19
300.19
300.19
300.189
300.189
300.19
300.191
300.192
300.219
300.217
300.217
300.218
300.219
300.222
300.225
300.226
300.226
300.224
300.223
300.222
300.223
300.223
300.223
300.222
300.221
300.22
300.22
300.22
300.235
300.234
300.235
300.236
300.238
300.242
300.245
300.247
300.248
300.248
300.247
300.246
300.246
300.244
300.243
300.242
300.239
300.237
300.236
300.236
300.257
300.256
300.255
300.255
300.255
300.256
300.258
300.261
300.263
300.264
300.264
300.263
300.262
300.26
300.256
300.254
300.255
300.257
300.258
300.259
300.283
300.28
300.278
300.275
300.273
300.272
300.271
300.271
300.272
300.273
300.273
300.272
300.27
300.272
300.273
300.275
300.276
300.279
300.281
300.282
300.291
300.289
300.288
300.286
300.284
300.282
300.28
300.279
300.278
300.278
300.278
300.278
300.279
300.28
300.282
300.285
300.286
300.288
300.289
300.29
300.29
300.289
300.288
300.287
300.285
300.284
300.283
300.281
300.281
300.281
300.281
300.281
300.282
300.283
300.284
300.286
300.287
300.287
300.288
300.289
300.286
300.286
300.285
300.285
300.284
300.283
300.282
300.281
300.28
300.28
300.28
300.281
300.281
300.282
300.283
300.284
300.284
300.285
300.285
300.285
300.282
300.283
300.283
300.283
300.283
300.282
300.282
300.282
300.281
300.28
300.28
300.281
300.282
300.282
300.282
300.282
300.282
300.282
300.281
300.28
300.275
300.277
300.28
300.282
300.285
300.288
300.29
300.292
300.293
300.293
300.291
300.291
300.29
300.288
300.285
300.283
300.28
300.277
300.275
300.273
300.19
300.19
300.19
300.19
300.191
300.191
300.193
300.194
300.193
300.191
300.19
300.19
300.189
300.19
300.19
300.19
300.19
300.19
300.191
300.191
300.221
300.22
300.219
300.219
300.221
300.223
300.225
300.227
300.227
300.226
300.224
300.224
300.224
300.224
300.224
300.223
300.222
300.222
300.222
300.222
300.237
300.237
300.237
300.238
300.24
300.243
300.246
300.248
300.249
300.249
300.248
300.248
300.247
300.245
300.244
300.243
300.241
300.24
300.239
300.239
300.255
300.255
300.255
300.255
300.255
300.257
300.26
300.262
300.264
300.265
300.265
300.264
300.262
300.261
300.258
300.255
300.254
300.254
300.255
300.255
300.277
300.276
300.274
300.273
300.272
300.271
300.271
300.271
300.272
300.273
300.273
300.272
300.27
300.27
300.271
300.273
300.274
300.275
300.276
300.277
300.29
300.288
300.286
300.284
300.282
300.281
300.279
300.278
300.277
300.277
300.277
300.277
300.278
300.279
300.28
300.282
300.284
300.286
300.287
300.289
300.29
300.289
300.287
300.285
300.284
300.282
300.281
300.28
300.279
300.279
300.279
300.28
300.28
300.281
300.283
300.284
300.285
300.287
300.288
300.289
300.287
300.287
300.285
300.284
300.282
300.281
300.28
300.279
300.278
300.278
300.278
300.279
300.28
300.28
300.281
300.282
300.283
300.285
300.286
300.286
300.283
300.284
300.283
300.283
300.282
300.282
300.282
300.282
300.281
300.28
300.28
300.281
300.281
300.281
300.281
300.281
300.282
300.282
300.282
300.281
300.277
300.279
300.282
300.285
300.288
300.292
300.295
300.298
300.299
300.299
300.297
300.297
300.295
300.292
300.289
300.286
300.282
300.279
300.277
300.274
300.19
300.19
300.19
300.191
300.191
300.192
300.194
300.194
300.194
300.192
300.19
300.19
300.191
300.191
300.191
300.191
300.191
300.191
300.191
300.191
300.223
300.222
300.222
300.222
300.223
300.225
300.226
300.228
300.228
300.227
300.226
300.225
300.226
300.225
300.225
300.224
300.224
300.224
300.224
300.224
300.241
300.24
300.24
300.242
300.243
300.245
300.247
300.249
300.25
300.25
300.249
300.248
300.248
300.247
300.245
300.244
300.243
300.242
300.242
300.242
300.256
300.256
300.256
300.256
300.257
300.259
300.261
300.263
300.264
300.266
300.265
300.264
300.263
300.261
300.26
300.258
300.256
300.254
300.254
300.253
300.274
300.273
300.273
300.272
300.271
300.271
300.271
300.271
300.272
300.273
300.273
300.272
300.271
300.27
300.27
300.271
300.272
300.273
300.274
300.275
300.289
300.285
300.283
300.282
300.281
300.279
300.278
300.277
300.277
300.276
300.276
300.276
300.277
300.278
300.279
300.28
300.281
300.283
300.285
300.288
300.291
300.288
300.286
300.284
300.282
300.281
300.28
300.279
300.278
300.277
300.277
300.278
300.279
300.28
300.281
300.282
300.284
300.285
300.287
300.289
300.288
300.287
300.285
300.283
300.281
300.28
300.279
300.278
300.277
300.276
300.276
300.278
300.279
300.279
300.28
300.281
300.282
300.284
300.286
300.286
300.284
300.285
300.284
300.282
300.282
300.282
300.282
300.282
300.282
300.28
300.281
300.282
300.282
300.282
300.281
300.281
300.281
300.283
300.283
300.282
300.278
300.281
300.284
300.288
300.292
300.296
300.3
300.304
300.306
300.307
300.304
300.303
300.3
300.297
300.293
300.289
300.285
300.282
300.279
300.276
300.191
300.191
300.192
300.192
300.193
300.194
300.194
300.195
300.195
300.194
300.192
300.192
300.192
300.193
300.193
300.193
300.192
300.192
300.192
300.191
300.225
300.225
300.224
300.225
300.225
300.226
300.228
300.229
300.23
300.229
300.227
300.227
300.227
300.227
300.226
300.226
300.225
300.225
300.225
300.225
300.244
300.244
300.244
300.245
300.246
300.247
300.249
300.25
300.251
300.251
300.25
300.249
300.249
300.248
300.247
300.246
300.245
300.244
300.243
300.244
300.255
300.256
300.257
300.258
300.26
300.261
300.263
300.264
300.265
300.266
300.266
300.265
300.263
300.262
300.261
300.26
300.258
300.257
300.256
300.256
300.274
300.273
300.272
300.271
300.271
300.271
300.271
300.272
300.272
300.273
300.273
300.272
300.271
300.27
300.27
300.27
300.27
300.27
300.271
300.272
300.288
300.284
300.282
300.28
300.279
300.278
300.277
300.276
300.276
300.275
300.275
300.275
300.276
300.276
300.277
300.278
300.279
300.281
300.283
300.287
300.291
300.288
300.285
300.283
300.281
300.28
300.279
300.277
300.276
300.275
300.276
300.277
300.278
300.279
300.28
300.281
300.282
300.284
300.287
300.29
300.289
300.287
300.284
300.282
300.28
300.279
300.278
300.277
300.276
300.275
300.275
300.277
300.278
300.278
300.279
300.28
300.281
300.283
300.286
300.287
300.285
300.285
300.284
300.282
300.282
300.282
300.283
300.284
300.284
300.284
300.284
300.283
300.283
300.282
300.282
300.281
300.281
300.283
300.283
300.283
300.28
300.283
300.286
300.29
300.295
300.3
300.305
300.31
300.315
300.318
300.314
300.311
300.306
300.302
300.297
300.292
300.288
300.284
300.28
300.277
300.192
300.191
300.192
300.193
300.194
300.194
300.195
300.196
300.197
300.197
300.195
300.195
300.195
300.194
300.194
300.193
300.193
300.192
300.192
300.191
300.226
300.225
300.226
300.226
300.227
300.228
300.229
300.23
300.231
300.23
300.229
300.228
300.229
300.228
300.228
300.227
300.226
300.226
300.226
300.225
300.245
300.245
300.246
300.247
300.248
300.249
300.25
300.251
300.252
300.251
300.25
300.25
300.25
300.249
300.248
300.247
300.246
300.245
300.245
300.245
300.257
300.259
300.26
300.261
300.262
300.263
300.264
300.265
300.266
300.265
300.265
300.264
300.264
300.263
300.262
300.261
300.26
300.259
300.258
300.257
300.274
300.273
300.272
300.271
300.271
300.271
300.272
300.272
300.272
300.273
300.272
300.272
300.271
300.27
300.27
300.27
300.269
300.269
300.269
300.269
300.287
300.283
300.281
300.279
300.278
300.277
300.276
300.276
300.275
300.276
300.275
300.274
300.275
300.275
300.276
300.277
300.278
300.279
300.281
300.286
300.291
300.287
300.284
300.281
300.28
300.279
300.277
300.276
300.275
300.275
300.275
300.275
300.276
300.277
300.278
300.279
300.281
300.283
300.286
300.29
300.289
300.287
300.283
300.281
300.279
300.278
300.277
300.277
300.276
300.276
300.276
300.276
300.277
300.278
300.278
300.279
300.281
300.283
300.286
300.287
300.285
300.286
300.284
300.282
300.282
300.282
300.284
300.285
300.288
300.295
300.294
300.287
300.285
300.283
300.282
300.281
300.281
300.283
300.284
300.283
300.28
300.284
300.288
300.292
300.298
300.304
300.31
300.318
300.326
300.334
300.328
300.321
300.313
300.306
300.3
300.295
300.29
300.285
300.282
300.278
300.191
300.19
300.19
300.191
300.193
300.194
300.195
300.197
300.197
300.203
300.201
300.197
300.197
300.196
300.195
300.194
300.193
300.191
300.19
300.189
300.225
300.225
300.225
300.226
300.227
300.228
300.23
300.231
300.231
300.241
300.241
300.23
300.23
300.229
300.228
300.227
300.227
300.226
300.225
300.225
300.244
300.246
300.247
300.248
300.249
300.25
300.251
300.252
300.251
300.26
300.259
300.249
300.25
300.25
300.249
300.248
300.247
300.246
300.245
300.245
300.259
300.261
300.262
300.263
300.264
300.264
300.265
300.266
300.265
300.275
300.273
300.264
300.264
300.264
300.263
300.262
300.261
300.26
300.26
300.259
300.273
300.272
300.271
300.272
300.272
300.272
300.272
300.272
300.273
300.284
300.283
300.272
300.271
300.271
300.271
300.271
300.27
300.269
300.268
300.268
300.286
300.283
300.28
300.278
300.277
300.277
300.276
300.275
300.276
300.289
300.288
300.275
300.274
300.275
300.275
300.276
300.277
300.278
300.281
300.286
300.291
300.287
300.283
300.281
300.279
300.278
300.276
300.275
300.276
300.291
300.29
300.276
300.275
300.276
300.277
300.279
300.28
300.283
300.286
300.289
300.289
300.287
300.283
300.28
300.278
300.277
300.276
300.276
300.278
300.298
300.297
300.278
300.276
300.276
300.277
300.278
300.28
300.283
300.285
300.287
300.285
300.286
300.283
300.281
300.281
300.282
300.284
300.288
300.299
300.325
300.32
300.297
300.287
300.283
300.281
300.281
300.28
300.282
300.284
300.283
300.281
300.284
300.289
300.293
300.299
300.306
300.315
300.326
300.34
300.359
300.349
300.333
300.321
300.311
300.303
300.296
300.291
300.286
300.282
300.278
300.189
300.188
300.189
300.19
300.191
300.192
300.194
300.197
300.203
300.727
300.712
300.203
300.199
300.196
300.194
300.193
300.191
300.19
300.189
300.188
300.224
300.224
300.224
300.224
300.226
300.227
300.229
300.23
300.241
300.602
300.576
300.242
300.231
300.229
300.228
300.227
300.226
300.225
300.225
300.224
300.244
300.245
300.246
300.248
300.249
300.25
300.251
300.251
300.26
300.541
300.513
300.259
300.25
300.25
300.249
300.248
300.247
300.246
300.245
300.245
300.259
300.261
300.263
300.264
300.265
300.266
300.266
300.265
300.275
300.503
300.475
300.273
300.264
300.264
300.264
300.263
300.262
300.261
300.26
300.259
300.272
300.272
300.272
300.273
300.273
300.273
300.273
300.273
300.284
300.476
300.449
300.282
300.271
300.272
300.272
300.271
300.271
300.27
300.269
300.268
300.286
300.283
300.28
300.278
300.277
300.276
300.275
300.276
300.289
300.454
300.429
300.287
300.274
300.275
300.275
300.276
300.276
300.277
300.28
300.286
300.291
300.287
300.284
300.281
300.279
300.277
300.275
300.275
300.291
300.436
300.413
300.289
300.275
300.275
300.277
300.278
300.28
300.283
300.286
300.289
300.289
300.286
300.283
300.28
300.278
300.276
300.275
300.276
300.298
300.423
300.402
300.297
300.276
300.275
300.276
300.278
300.28
300.282
300.285
300.287
300.285
300.285
300.282
300.28
300.28
300.28
300.284
300.295
300.325
300.412
300.393
300.32
300.294
300.284
300.28
300.279
300.28
300.281
300.284
300.283
300.28
300.284
300.288
300.293
300.299
300.307
300.318
300.334
300.359
300.403
300.385
300.349
300.328
300.314
300.304
300.296
300.29
300.286
300.281
300.278
300.189
300.188
300.189
300.19
300.19
300.19
300.192
300.195
300.201
300.712
300.699
300.202
300.197
300.194
300.193
300.191
300.189
300.188
300.187
300.187
300.223
300.223
300.222
300.223
300.224
300.226
300.227
300.229
300.241
300.576
300.558
300.241
300.23
300.228
300.227
300.226
300.225
300.224
300.224
300.223
300.244
300.244
300.245
300.247
300.248
300.249
300.25
300.25
300.259
300.513
300.495
300.258
300.249
300.249
300.248
300.247
300.246
300.245
300.245
300.245
300.258
300.261
300.263
300.264
300.265
300.265
300.266
300.265
300.273
300.475
300.458
300.271
300.263
300.264
300.264
300.263
300.262
300.261
300.26
300.259
300.272
300.272
300.273
300.273
300.273
300.273
300.273
300.272
300.283
300.449
300.433
300.281
300.271
300.272
300.272
300.272
300.271
300.271
300.27
300.269
300.287
300.283
300.28
300.278
300.277
300.276
300.275
300.275
300.288
300.429
300.414
300.286
300.274
300.275
300.275
300.276
300.276
300.277
300.28
300.286
300.291
300.287
300.284
300.281
300.279
300.277
300.276
300.275
300.29
300.413
300.399
300.288
300.275
300.276
300.277
300.279
300.281
300.283
300.286
300.289
300.288
300.286
300.283
300.28
300.278
300.276
300.275
300.276
300.297
300.402
300.389
300.296
300.276
300.276
300.277
300.278
300.28
300.283
300.285
300.286
300.284
300.285
300.282
300.28
300.28
300.281
300.284
300.294
300.32
300.393
300.381
300.317
300.293
300.284
300.28
300.28
300.28
300.281
300.283
300.282
300.279
300.283
300.287
300.291
300.297
300.304
300.314
300.328
300.349
300.385
300.374
300.342
300.323
300.311
300.302
300.295
300.289
300.284
300.281
300.277
300.189
300.189
300.189
300.19
300.19
300.19
300.192
300.195
300.197
300.203
300.202
300.196
300.194
300.193
300.191
300.19
300.188
300.188
300.187
300.187
300.223
300.222
300.222
300.222
300.224
300.225
300.227
300.228
300.23
300.242
300.241
300.229
300.228
300.227
300.226
300.225
300.224
300.223
300.223
300.223
300.243
300.244
300.245
300.246
300.248
300.248
300.249
300.25
300.249
300.259
300.258
300.249
300.249
300.248
300.247
300.246
300.246
300.245
300.245
300.244
300.258
300.26
300.262
300.263
300.264
300.264
300.265
300.264
300.264
300.273
300.271
300.263
300.263
300.263
300.263
300.262
300.261
300.26
300.26
300.258
300.272
300.271
300.271
300.272
300.272
300.272
300.272
300.272
300.272
300.282
300.281
300.271
300.271
300.271
300.271
300.271
300.27
300.27
300.269
300.269
300.287
300.283
300.28
300.278
300.277
300.276
300.275
300.274
300.275
300.287
300.286
300.274
300.274
300.275
300.275
300.276
300.277
300.278
300.282
300.287
300.291
300.287
300.284
300.281
300.28
300.278
300.277
300.275
300.276
300.289
300.288
300.276
300.276
300.277
300.278
300.28
300.281
300.283
300.286
300.289
300.288
300.286
300.283
300.281
300.279
300.278
300.277
300.276
300.278
300.297
300.296
300.278
300.276
300.277
300.278
300.279
300.281
300.283
300.285
300.286
300.284
300.285
300.283
300.281
300.281
300.282
300.283
300.287
300.297
300.32
300.317
300.296
300.287
300.283
300.282
300.281
300.281
300.282
300.283
300.282
300.279
300.283
300.287
300.291
300.297
300.303
300.311
300.321
300.333
300.349
300.342
300.328
300.317
300.308
300.3
300.294
300.289
300.284
300.281
300.277
300.19
300.189
300.19
300.19
300.189
300.191
300.192
300.195
300.197
300.199
300.197
300.194
300.193
300.192
300.191
300.19
300.189
300.189
300.189
300.188
300.223
300.222
300.222
300.223
300.224
300.226
300.227
300.229
300.23
300.231
300.23
300.228
300.227
300.226
300.226
300.225
300.224
300.224
300.223
300.224
300.242
300.243
300.244
300.246
300.247
300.248
300.249
300.25
300.25
300.25
300.249
300.249
300.248
300.247
300.247
300.246
300.245
300.245
300.244
300.244
300.258
300.259
300.261
300.262
300.262
300.263
300.263
300.264
300.264
300.264
300.263
300.263
300.263
300.262
300.262
300.261
300.26
300.26
300.259
300.258
300.273
300.272
300.271
300.27
300.27
300.271
300.271
300.271
300.271
300.271
300.271
300.271
300.271
300.27
300.27
300.27
300.269
300.268
300.268
300.269
300.288
300.283
300.281
300.279
300.278
300.277
300.276
300.275
300.274
300.274
300.274
300.274
300.274
300.275
300.276
300.277
300.278
300.28
300.283
300.287
300.291
300.287
300.284
300.282
300.28
300.279
300.278
300.276
300.275
300.275
300.275
300.276
300.277
300.278
300.279
300.28
300.282
300.284
300.287
300.289
300.288
300.286
300.284
300.281
300.28
300.279
300.278
300.277
300.276
300.276
300.276
300.276
300.277
300.278
300.279
300.28
300.281
300.283
300.285
300.286
300.284
300.284
300.283
300.282
300.281
300.282
300.283
300.285
300.287
300.294
300.293
300.287
300.284
300.283
300.282
300.281
300.281
300.282
300.283
300.282
300.279
300.282
300.286
300.29
300.295
300.3
300.306
300.313
300.321
300.328
300.323
300.317
300.31
300.304
300.298
300.292
300.288
300.283
300.28
300.276
300.19
300.19
300.19
300.19
300.19
300.191
300.193
300.194
300.196
300.196
300.194
300.193
300.192
300.191
300.191
300.19
300.19
300.19
300.191
300.191
300.223
300.223
300.223
300.223
300.224
300.225
300.227
300.228
300.229
300.229
300.228
300.227
300.226
300.226
300.226
300.225
300.225
300.224
300.224
300.225
300.242
300.243
300.243
300.244
300.245
300.247
300.248
300.249
300.25
300.25
300.249
300.248
300.247
300.247
300.246
300.246
300.245
300.244
300.244
300.244
300.256
300.257
300.258
300.26
300.261
300.261
300.262
300.263
300.264
300.264
300.264
300.263
300.262
300.261
300.261
300.26
300.26
300.259
300.258
300.257
300.275
300.275
300.273
300.272
300.27
300.27
300.27
300.27
300.271
300.272
300.272
300.271
300.27
300.27
300.269
300.268
300.269
300.27
300.271
300.272
300.289
300.285
300.282
300.28
300.279
300.278
300.276
300.275
300.275
300.275
300.275
300.275
300.275
300.276
300.277
300.278
300.279
300.281
300.283
300.288
300.291
300.288
300.285
300.283
300.281
300.28
300.279
300.277
300.276
300.275
300.276
300.277
300.278
300.279
300.28
300.281
300.283
300.285
300.287
300.289
300.288
300.286
300.284
300.282
300.28
300.279
300.278
300.278
300.276
300.275
300.276
300.277
300.278
300.279
300.28
300.281
300.282
300.284
300.285
300.286
300.283
300.284
300.283
300.282
300.281
300.282
300.282
300.283
300.283
300.284
300.284
300.283
300.283
300.282
300.282
300.281
300.281
300.282
300.282
300.281
300.278
300.281
300.284
300.288
300.292
300.297
300.302
300.306
300.311
300.314
300.311
300.308
300.304
300.299
300.294
300.289
300.285
300.282
300.278
300.275
300.19
300.19
300.19
300.19
300.19
300.191
300.193
300.194
300.195
300.194
300.193
300.191
300.191
300.191
300.191
300.191
300.192
300.192
300.193
300.193
300.222
300.222
300.223
300.223
300.224
300.225
300.226
300.228
300.228
300.228
300.227
300.226
300.226
300.226
300.225
300.225
300.225
300.225
300.226
300.226
300.242
300.242
300.243
300.243
300.244
300.245
300.247
300.248
300.249
300.249
300.248
300.247
300.247
300.246
300.246
300.245
300.244
300.244
300.244
300.244
300.254
300.255
300.255
300.256
300.258
300.26
300.261
300.262
300.263
300.264
300.264
300.263
300.262
300.261
300.26
300.259
300.258
300.257
300.256
300.255
300.278
300.277
300.275
300.273
300.271
300.27
300.27
300.27
300.271
300.272
300.272
300.271
300.27
300.269
300.268
300.27
300.272
300.273
300.275
300.276
300.29
300.287
300.284
300.282
300.28
300.279
300.277
300.276
300.275
300.275
300.275
300.275
300.276
300.277
300.278
300.28
300.281
300.283
300.285
300.288
300.29
300.288
300.286
300.284
300.283
300.281
300.28
300.278
300.277
300.277
300.277
300.278
300.279
300.28
300.281
300.283
300.284
300.286
300.288
300.289
300.287
300.286
300.285
300.283
300.281
300.28
300.279
300.278
300.277
300.276
300.277
300.278
300.279
300.28
300.281
300.282
300.283
300.284
300.285
300.285
300.283
300.283
300.283
300.282
300.281
300.281
300.282
300.282
300.281
300.28
300.28
300.282
300.282
300.282
300.281
300.281
300.281
300.282
300.282
300.28
300.276
300.279
300.282
300.285
300.289
300.293
300.297
300.3
300.303
300.304
300.302
300.3
300.298
300.294
300.29
300.286
300.283
300.28
300.277
300.274
300.19
300.19
300.19
300.189
300.19
300.191
300.193
300.193
300.194
300.193
300.191
300.19
300.19
300.19
300.191
300.192
300.193
300.194
300.194
300.194
300.22
300.22
300.221
300.222
300.223
300.224
300.226
300.227
300.227
300.227
300.226
300.225
300.225
300.225
300.225
300.226
300.226
300.226
300.226
300.226
300.239
300.24
300.241
300.242
300.243
300.244
300.246
300.247
300.248
300.248
300.247
300.246
300.246
300.246
300.245
300.244
300.244
300.244
300.243
300.244
300.256
300.256
300.255
300.254
300.255
300.258
300.26
300.261
300.262
300.263
300.263
300.262
300.261
300.26
300.259
300.257
300.256
300.255
300.255
300.254
300.281
300.279
300.277
300.275
300.273
300.271
300.27
300.27
300.271
300.271
300.272
300.271
300.27
300.268
300.27
300.272
300.274
300.276
300.279
300.281
300.291
300.289
300.287
300.285
300.282
300.28
300.278
300.277
300.276
300.276
300.276
300.276
300.277
300.278
300.28
300.281
300.284
300.286
300.288
300.29
300.29
300.289
300.287
300.286
300.284
300.282
300.281
300.279
300.279
300.278
300.279
300.28
300.28
300.281
300.283
300.284
300.286
300.287
300.288
300.289
300.286
300.286
300.285
300.284
300.282
300.281
300.28
300.279
300.278
300.278
300.278
300.279
300.28
300.281
300.282
300.283
300.284
300.284
300.285
300.285
300.282
300.282
300.282
300.282
300.281
300.281
300.281
300.281
300.281
300.279
300.28
300.281
300.281
300.281
300.281
300.281
300.281
300.281
300.281
300.279
300.275
300.277
300.28
300.283
300.286
300.289
300.292
300.295
300.296
300.296
300.295
300.294
300.292
300.289
300.286
300.283
300.28
300.277
300.275
300.273
300.191
300.191
300.19
300.189
300.19
300.191
300.192
300.193
300.193
300.191
300.189
300.188
300.189
300.19
300.192
300.193
300.194
300.195
300.195
300.195
300.218
300.219
300.219
300.221
300.222
300.224
300.225
300.226
300.227
300.226
300.225
300.224
300.224
300.225
300.225
300.226
300.226
300.226
300.225
300.225
300.236
300.237
300.238
300.239
300.241
300.243
300.245
300.246
300.247
300.247
300.246
300.246
300.245
300.245
300.244
300.244
300.244
300.243
300.242
300.241
300.26
300.258
300.257
300.255
300.254
300.256
300.258
300.26
300.261
300.262
300.262
300.261
300.26
300.26
300.258
300.256
300.255
300.257
300.259
300.26
300.286
300.283
300.28
300.276
300.274
300.272
300.27
300.269
300.27
300.271
300.271
300.27
300.269
300.269
300.272
300.274
300.277
300.28
300.282
300.284
300.291
300.29
300.288
300.286
300.284
300.281
300.279
300.278
300.277
300.276
300.276
300.277
300.278
300.279
300.281
300.284
300.286
300.288
300.29
300.29
300.289
300.288
300.288
300.287
300.285
300.284
300.282
300.281
300.28
300.28
300.281
300.281
300.282
300.283
300.284
300.286
300.287
300.287
300.288
300.288
300.285
300.285
300.285
300.284
300.283
300.282
300.281
300.281
300.28
300.28
300.28
300.281
300.281
300.282
300.283
300.284
300.284
300.284
300.284
300.284
300.28
300.281
300.282
300.282
300.282
300.281
300.281
300.281
300.28
300.28
300.28
300.281
300.281
300.281
300.281
300.281
300.281
300.281
300.28
300.278
300.273
300.275
300.277
300.28
300.282
300.285
300.288
300.29
300.291
300.29
300.289
300.289
300.288
300.285
300.283
300.28
300.277
300.275
300.273
300.271
300.193
300.192
300.191
300.19
300.19
300.191
300.192
300.192
300.191
300.19
300.188
300.188
300.189
300.19
300.192
300.194
300.195
300.195
300.196
300.197
300.218
300.218
300.219
300.22
300.222
300.224
300.225
300.226
300.226
300.225
300.224
300.223
300.224
300.224
300.225
300.226
300.226
300.225
300.224
300.224
300.234
300.235
300.236
300.237
300.24
300.242
300.244
300.245
300.246
300.246
300.245
300.245
300.245
300.244
300.244
300.244
300.243
300.241
300.24
300.239
300.266
300.262
300.259
300.257
300.254
300.254
300.257
300.259
300.26
300.261
300.261
300.26
300.26
300.259
300.257
300.255
300.257
300.26
300.264
300.267
300.29
300.288
300.284
300.279
300.275
300.273
300.27
300.269
300.269
300.27
300.271
300.27
300.268
300.27
300.273
300.276
300.28
300.283
300.287
300.289
300.291
300.29
300.289
300.288
300.286
300.283
300.281
300.279
300.278
300.277
300.277
300.278
300.28
300.281
300.283
300.286
300.288
300.29
300.29
300.29
300.288
300.288
300.288
300.287
300.287
300.285
300.284
300.283
300.283
300.283
300.283
300.283
300.284
300.285
300.286
300.287
300.287
300.288
300.287
300.287
300.284
300.284
300.285
300.285
300.285
300.284
300.283
300.283
300.283
300.282
300.283
300.283
300.283
300.284
300.284
300.284
300.284
300.284
300.283
300.283
300.279
300.28
300.281
300.282
300.282
300.283
300.283
300.283
300.282
300.281
300.281
300.282
300.282
300.282
300.282
300.281
300.281
300.28
300.278
300.277
300.271
300.273
300.275
300.277
300.279
300.282
300.284
300.285
300.286
300.286
300.284
300.284
300.283
300.282
300.28
300.277
300.275
300.273
300.271
300.269
300.194
300.193
300.192
300.191
300.191
300.191
300.192
300.192
300.19
300.189
300.187
300.187
300.189
300.191
300.193
300.194
300.195
300.196
300.198
300.198
300.217
300.218
300.218
300.22
300.222
300.224
300.225
300.226
300.225
300.225
300.224
300.223
300.223
300.224
300.226
300.226
300.225
300.224
300.223
300.222
300.233
300.234
300.235
300.236
300.239
300.242
300.243
300.245
300.245
300.245
300.245
300.245
300.244
300.244
300.244
300.243
300.242
300.24
300.238
300.237
300.276
300.268
300.262
300.258
300.255
300.254
300.256
300.258
300.26
300.26
300.26
300.26
300.259
300.258
300.256
300.255
300.259
300.264
300.27
300.276
300.291
300.29
300.286
300.281
300.276
300.274
300.271
300.269
300.268
300.269
300.27
300.269
300.268
300.271
300.275
300.279
300.282
300.287
300.29
300.291
300.29
300.29
300.29
300.289
300.287
300.285
300.283
300.281
300.281
300.28
300.28
300.282
300.283
300.283
300.285
300.288
300.29
300.29
300.29
300.29
300.286
300.287
300.288
300.288
300.288
300.287
300.287
300.286
300.286
300.286
300.286
300.286
300.287
300.287
300.288
300.288
300.288
300.287
300.286
300.286
300.282
300.283
300.284
300.285
300.286
300.286
300.286
300.286
300.285
300.285
300.285
300.285
300.285
300.285
300.285
300.285
300.284
300.283
300.282
300.281
300.277
300.278
300.28
300.281
300.282
300.283
300.283
300.284
300.284
300.284
300.283
300.283
300.283
300.282
300.282
300.281
300.28
300.278
300.277
300.275
300.269
300.271
300.273
300.275
300.277
300.279
300.28
300.282
300.282
300.281
300.281
300.281
300.28
300.278
300.277
300.275
300.273
300.271
300.269
300.267
300.195
300.195
300.193
300.192
300.191
300.191
300.191
300.191
300.189
300.188
300.187
300.187
300.188
300.191
300.193
300.194
300.195
300.197
300.198
300.199
300.216
300.217
300.219
300.22
300.222
300.224
300.225
300.225
300.225
300.224
300.223
300.223
300.224
300.225
300.226
300.226
300.225
300.224
300.222
300.219
300.233
300.233
300.234
300.236
300.239
300.242
300.244
300.245
300.245
300.245
300.245
300.244
300.244
300.244
300.244
300.244
300.241
300.239
300.237
300.237
300.282
300.273
300.264
300.259
300.255
300.253
300.256
300.257
300.259
300.259
300.259
300.258
300.258
300.257
300.255
300.254
300.26
300.267
300.276
300.283
300.291
300.291
300.288
300.282
300.277
300.275
300.272
300.269
300.268
300.268
300.269
300.269
300.269
300.272
300.276
300.281
300.284
300.289
300.291
300.291
300.288
300.29
300.29
300.29
300.289
300.288
300.287
300.286
300.286
300.286
300.286
300.287
300.287
300.288
300.288
300.29
300.29
300.29
300.29
300.288
300.285
300.286
300.288
300.289
300.289
300.289
300.29
300.29
300.289
300.289
300.289
300.289
300.289
300.289
300.289
300.289
300.288
300.287
300.286
300.284
300.28
300.282
300.284
300.285
300.286
300.286
300.287
300.287
300.287
300.287
300.286
300.286
300.286
300.286
300.285
300.285
300.284
300.283
300.281
300.279
300.274
300.276
300.278
300.28
300.281
300.282
300.283
300.283
300.283
300.283
300.282
300.282
300.282
300.281
300.28
300.279
300.278
300.277
300.275
300.274
300.267
300.269
300.271
300.273
300.274
300.276
300.277
300.278
300.278
300.278
300.277
300.277
300.276
300.275
300.274
300.273
300.271
300.269
300.267
300.266
)
;

boundaryField
{
    floor
    {
        type            fixedValue;
        value           nonuniform List<scalar> 
400
(
300
300
300
300
300
300
300
300
300
300
300
300
300
300
300
300
300
300
300
300
300
300
300
300
300
300
300
300
300
300
300
300
300
300
300
300
300
300
300
300
300
300
300
300
300
300
300
300
300
300
300
300
300
300
300
300
300
300
300
300
300
300
300
300
300
300
300
300
300
300
300
300
300
300
300
300
300
300
300
300
300
300
300
300
300
300
300
300
300
300
300
300
300
300
300
300
300
300
300
300
300
300
300
300
300
300
300
300
300
300
300
300
300
300
300
300
300
300
300
300
300
300
300
300
300
300
300
300
300
300
300
300
300
300
300
300
300
300
300
300
300
300
300
300
300
300
300
300
300
300
300
300
300
300
300
300
300
300
300
300
300
300
300
300
300
300
300
300
300
300
300
300
300
300
300
300
300
300
300
300
300
300
300
300
300
300
300
300
300
600
600
300
300
300
300
300
300
300
300
300
300
300
300
300
300
300
300
300
300
600
600
300
300
300
300
300
300
300
300
300
300
300
300
300
300
300
300
300
300
300
300
300
300
300
300
300
300
300
300
300
300
300
300
300
300
300
300
300
300
300
300
300
300
300
300
300
300
300
300
300
300
300
300
300
300
300
300
300
300
300
300
300
300
300
300
300
300
300
300
300
300
300
300
300
300
300
300
300
300
300
300
300
300
300
300
300
300
300
300
300
300
300
300
300
300
300
300
300
300
300
300
300
300
300
300
300
300
300
300
300
300
300
300
300
300
300
300
300
300
300
300
300
300
300
300
300
300
300
300
300
300
300
300
300
300
300
300
300
300
300
300
300
300
300
300
300
300
300
300
300
300
300
300
300
300
300
300
300
300
300
300
300
300
300
300
300
300
300
300
300
300
300
300
300
300
300
300
300
300
300
300
300
300
300
300
300
300
300
300
300
)
;
    }
    ceiling
    {
        type            fixedValue;
        value           uniform 300;
    }
    fixedWalls
    {
        type            zeroGradient;
    }
}


// ************************************************************************* //
