/*--------------------------------*- C++ -*----------------------------------*\
| =========                 |                                                 |
| \\      /  F ield         | OpenFOAM: The Open Source CFD Toolbox           |
|  \\    /   O peration     | Version:  1.7.1                                 |
|   \\  /    A nd           | Web:      www.OpenFOAM.com                      |
|    \\/     M anipulation  |                                                 |
\*---------------------------------------------------------------------------*/
FoamFile
{
    version     2.0;
    format      ascii;
    class       volScalarField;
    location    "1400";
    object      alphat;
}
// * * * * * * * * * * * * * * * * * * * * * * * * * * * * * * * * * * * * * //

dimensions      [1 -1 -1 0 0 0 0];

internalField   nonuniform List<scalar> 
4000
(
0.000123643
0.000125933
0.000125908
0.000124476
0.000122668
0.000121236
0.000119637
0.00011693
0.000114837
0.000113978
0.000114026
0.000115255
0.000117237
0.000119453
0.000121227
0.000122453
0.000123977
0.000124372
0.000121898
0.00011552
0.000145499
0.000148354
0.000147439
0.000146398
0.000145216
0.000142788
0.000140402
0.00013912
0.000138099
0.000138217
0.000138852
0.000139262
0.000140049
0.000141583
0.000143103
0.000144696
0.000147744
0.000148787
0.000147751
0.000140519
0.000225531
0.000194957
0.00016843
0.000169675
0.00016797
0.000164801
0.000162785
0.000162433
0.000161956
0.000163284
0.000165168
0.000164843
0.000164792
0.00016685
0.00016898
0.000170876
0.000172741
0.000174916
0.000203709
0.000237389
0.000328657
0.000310383
0.000281104
0.000247279
0.000214942
0.000180738
0.000179815
0.000184058
0.000184114
0.000185939
0.000188635
0.000187307
0.000185794
0.00018492
0.000187619
0.000221295
0.000254134
0.000289035
0.000317512
0.000334227
0.000364578
0.000357101
0.000342129
0.000319387
0.000295399
0.000274501
0.000248353
0.000227634
0.000218814
0.000216677
0.000220302
0.000221977
0.000233403
0.000254629
0.000278509
0.000299535
0.000324312
0.000346709
0.000361366
0.000368422
0.000385576
0.000387015
0.000381313
0.000371583
0.000360901
0.00035019
0.000340401
0.000332875
0.000323542
0.000317996
0.000329651
0.000340441
0.000347482
0.000353362
0.000361252
0.000369594
0.000378354
0.00038674
0.000391323
0.000388846
0.000401356
0.000412891
0.000419595
0.000423767
0.000426871
0.000428625
0.000428359
0.00042567
0.000419481
0.000411618
0.000420643
0.000431384
0.000437463
0.000439677
0.000439041
0.000435966
0.000431353
0.000425651
0.00041747
0.000404382
0.000416244
0.000437759
0.000456037
0.000470754
0.000482582
0.00049129
0.000496261
0.000496776
0.000491827
0.000481168
0.000488107
0.000499944
0.000505546
0.000505241
0.000500021
0.000490691
0.000477943
0.00046207
0.000442368
0.000419119
0.000432369
0.000464085
0.000491701
0.000514083
0.000532385
0.000546602
0.000556141
0.000560051
0.000556445
0.000542928
0.000548788
0.000562157
0.00056671
0.000563391
0.000553889
0.00053934
0.000520436
0.00049719
0.000468379
0.000435056
0.00045226
0.0004953
0.000531047
0.000559001
0.000581754
0.000600024
0.000613813
0.0006223
0.000623419
0.000612315
0.000617132
0.000627449
0.000627196
0.000619319
0.000605739
0.00058736
0.000564253
0.000535705
0.000499072
0.000454711
0.000125933
0.000136096
0.000140993
0.00014213
0.000141188
0.000140946
0.000140677
0.000138183
0.000135285
0.000134067
0.000134471
0.000136679
0.000140417
0.000144673
0.000147573
0.00014765
0.000146984
0.000144335
0.000135412
0.000118105
0.000148354
0.000252605
0.000312402
0.000368072
0.000404661
0.000419677
0.00041928
0.00041435
0.000411516
0.000415139
0.000418962
0.000417939
0.000420223
0.000428221
0.000427821
0.000413197
0.000392176
0.000351681
0.000282736
0.000144882
0.000194957
0.000249483
0.000351858
0.000405752
0.00040468
0.000417468
0.000443003
0.000450252
0.000460015
0.000482845
0.000496911
0.000487595
0.000476989
0.000476524
0.000460402
0.000449936
0.000459078
0.000389775
0.000268763
0.000201795
0.000310383
0.000368976
0.000361272
0.00035356
0.000358413
0.000392491
0.000410469
0.000392333
0.000404885
0.000447568
0.000470368
0.000451318
0.000448602
0.000490913
0.000455227
0.000383725
0.000369875
0.000376126
0.000385017
0.000319779
0.000357101
0.000452197
0.000456471
0.000420276
0.000383411
0.000364567
0.000350274
0.000340277
0.000344246
0.000390283
0.000417044
0.000384959
0.000361577
0.000367575
0.000376569
0.000393132
0.000430393
0.000464604
0.000457918
0.000362714
0.000387015
0.000479189
0.000493662
0.00048032
0.000450845
0.000413531
0.000383519
0.000359787
0.000337604
0.000335855
0.000349004
0.000360919
0.000376284
0.000399143
0.00042801
0.000464562
0.00049128
0.000501789
0.000485329
0.000391726
0.000412891
0.000514147
0.000544555
0.000556708
0.000559932
0.000544372
0.000506301
0.000468529
0.000434691
0.000415384
0.000437593
0.00047129
0.000507058
0.000541687
0.000574394
0.000581124
0.000570773
0.000553714
0.000520458
0.000416698
0.000437759
0.000552224
0.000599984
0.000639703
0.000680475
0.000711444
0.000721508
0.000705318
0.000663448
0.000612869
0.000640556
0.000705267
0.000745745
0.000756868
0.000739988
0.000701737
0.000654282
0.0006098
0.000558656
0.000440823
0.000464085
0.000584913
0.00064985
0.000705832
0.000760708
0.000805922
0.000829626
0.000827275
0.000789132
0.000708635
0.000730456
0.000809954
0.000848199
0.000849972
0.00082284
0.00077392
0.000715647
0.000656927
0.000590754
0.000466631
0.0004953
0.000541674
0.000581941
0.000615124
0.000643442
0.00066726
0.000686125
0.000698703
0.000702338
0.000693286
0.000697852
0.000706866
0.000703745
0.00069143
0.000672463
0.000648307
0.000619505
0.000585691
0.000544613
0.00049724
0.000125908
0.000140993
0.000147354
0.000148885
0.000148774
0.000149673
0.000151397
0.000151217
0.000150046
0.000149735
0.000150397
0.0001523
0.000155501
0.000158975
0.000161001
0.000159832
0.000157238
0.00015295
0.000142861
0.000120096
0.000147439
0.000312402
0.000383782
0.000440772
0.000482343
0.000505422
0.000516383
0.000524415
0.000533402
0.000546764
0.000555775
0.000553341
0.000548848
0.00054781
0.000540108
0.000518734
0.000487568
0.000442318
0.000361884
0.000146121
0.00016843
0.000351858
0.000444677
0.000476211
0.000490961
0.000522431
0.000550951
0.000566556
0.000587797
0.000620943
0.000641125
0.00063114
0.000611924
0.000604764
0.00058809
0.000556155
0.000544085
0.000512667
0.000398158
0.000169362
0.000281104
0.000361272
0.000389204
0.000415098
0.000462045
0.000512449
0.00050858
0.00049516
0.00051811
0.000565734
0.000594351
0.000579368
0.000565375
0.000615691
0.000618352
0.000519794
0.000444173
0.000407648
0.000376851
0.000290761
0.000342129
0.000456471
0.000471888
0.000452241
0.000437676
0.000436384
0.000439035
0.000446943
0.000459716
0.000496421
0.000529263
0.000530412
0.00049463
0.00047273
0.000461296
0.000454012
0.000465854
0.0004844
0.000465915
0.000348799
0.000381313
0.000493662
0.000521326
0.000510519
0.000478751
0.000449892
0.000427706
0.000411137
0.000405803
0.000424339
0.000428134
0.000419827
0.000425927
0.000441596
0.000462085
0.000489897
0.000521504
0.000531346
0.000502728
0.000387661
0.000419595
0.000544555
0.000587985
0.000598465
0.000580668
0.000550972
0.000518205
0.000487675
0.000458892
0.000440279
0.000457361
0.000485392
0.000513916
0.000541013
0.000570119
0.000596757
0.000610996
0.000597772
0.000552938
0.000424604
0.000456037
0.000599984
0.000676562
0.000734489
0.000777783
0.000781833
0.00076965
0.000748157
0.000710487
0.000661103
0.000689476
0.000750698
0.000785872
0.000801015
0.00080572
0.000795205
0.000746173
0.00068502
0.000607083
0.000459622
0.000491701
0.00064985
0.00079632
0.000946602
0.00108338
0.00118866
0.00124088
0.00125426
0.00122441
0.00114139
0.00116208
0.00124884
0.0012769
0.00126023
0.00119957
0.00108908
0.000950441
0.000800587
0.000655483
0.000494343
0.000531047
0.000581941
0.000626194
0.000663674
0.000696398
0.000724689
0.00074776
0.000764017
0.000770315
0.000762938
0.000767413
0.000775326
0.000769242
0.000752889
0.00072939
0.000700582
0.000667356
0.000629372
0.000584527
0.00053294
0.000124476
0.00014213
0.000148885
0.000152163
0.000153397
0.000155072
0.000157983
0.000160146
0.000161464
0.000162693
0.000163722
0.00016458
0.000166066
0.00016752
0.000167857
0.00016549
0.000161064
0.000154757
0.00014335
0.000119206
0.000146398
0.000368073
0.000440772
0.000483182
0.000514686
0.000538198
0.000558443
0.000579475
0.000602361
0.000627419
0.000643575
0.000641151
0.000629022
0.000616902
0.000602359
0.000578436
0.000542964
0.000491665
0.000404083
0.000142995
0.000169675
0.000405752
0.000476211
0.000510729
0.000549053
0.0005875
0.000615152
0.000639375
0.000672345
0.000714998
0.000741383
0.000734293
0.000705825
0.000685292
0.000667654
0.000627829
0.000584187
0.000537007
0.000444412
0.000166303
0.000247279
0.00035356
0.000415098
0.000479555
0.000549523
0.000578219
0.00056395
0.000568998
0.000602099
0.000655229
0.000686618
0.000676439
0.000649139
0.000671408
0.000711401
0.000645072
0.00053228
0.00043783
0.00036199
0.000249505
0.000319387
0.000420276
0.000452241
0.000464428
0.000479165
0.000496841
0.000511489
0.000525876
0.000547552
0.000591647
0.000623146
0.000627054
0.000602764
0.000565416
0.000534738
0.000503324
0.000480055
0.00046444
0.000431099
0.000327533
0.000371583
0.000480319
0.000510519
0.000506145
0.000492858
0.000481489
0.000475276
0.000477578
0.000500712
0.000550626
0.000553282
0.000512611
0.000491282
0.000489928
0.000492873
0.000501392
0.00051464
0.000520719
0.000491255
0.000379138
0.000423767
0.000556708
0.000598465
0.000602983
0.000592919
0.000577093
0.000562432
0.000552343
0.000546239
0.00054935
0.000551457
0.000553112
0.000559378
0.000568782
0.00058227
0.000598819
0.000611565
0.000608326
0.000567079
0.000429483
0.000470754
0.000639703
0.000734488
0.000806514
0.000850149
0.000865443
0.000863501
0.000850676
0.000817588
0.000771465
0.000789985
0.000839835
0.00086545
0.000870281
0.000866309
0.000850316
0.000809376
0.000740386
0.000646931
0.000474579
0.000514083
0.000705832
0.000946602
0.00122205
0.0014288
0.001512
0.00154383
0.0015391
0.001468
0.00133987
0.00135016
0.00148082
0.00154623
0.00154413
0.00150485
0.00141924
0.00121353
0.000944549
0.000709834
0.000516706
0.000559001
0.000615124
0.000663674
0.000705566
0.000742733
0.000775832
0.000803873
0.00082461
0.000834383
0.000830081
0.000834697
0.000839966
0.000830101
0.00080884
0.000780047
0.00074627
0.000708614
0.000666371
0.000617442
0.000560849
0.000122668
0.000141188
0.000148774
0.000153397
0.000156586
0.000159477
0.000162988
0.000166798
0.000170803
0.000174382
0.000176063
0.000174909
0.000173686
0.000172327
0.000170258
0.000166625
0.00016161
0.000153759
0.000140719
0.000117441
0.000145216
0.000404662
0.000482344
0.000514686
0.000533416
0.000551639
0.000577066
0.000609099
0.000646863
0.000685579
0.000710165
0.000706999
0.000686032
0.00066144
0.000636618
0.000609207
0.000569491
0.000514375
0.000422051
0.000138827
0.00016797
0.00040468
0.000490961
0.000549053
0.000597075
0.000630019
0.000659106
0.000690792
0.000732906
0.000780277
0.000811938
0.000812464
0.00078197
0.000745854
0.000715973
0.000677694
0.000618679
0.000543436
0.000437969
0.000164289
0.000214942
0.000358414
0.000462046
0.000549524
0.000601206
0.000603397
0.000601957
0.00062558
0.00067239
0.000726443
0.000757309
0.00075459
0.000720519
0.000702543
0.00072943
0.000718053
0.000629091
0.000501272
0.00036886
0.000210905
0.0002954
0.000383411
0.000437676
0.000479165
0.000515987
0.000544229
0.000566049
0.000584914
0.000618609
0.00067721
0.000707108
0.000702953
0.000677381
0.000636997
0.000594156
0.000546843
0.000496493
0.000446934
0.000389424
0.000301425
0.000360901
0.000450845
0.000478751
0.000492858
0.000501015
0.000508487
0.000520251
0.000543494
0.000591044
0.000665134
0.000669818
0.000608394
0.000559158
0.000534693
0.000519186
0.000506913
0.000497307
0.000485383
0.000461733
0.000369065
0.000426871
0.000559932
0.000580668
0.000592918
0.000601473
0.000606598
0.000612856
0.000627023
0.000654248
0.000698825
0.000679523
0.000636025
0.000613098
0.000602444
0.000597712
0.000595998
0.000593839
0.000589775
0.000572241
0.00043288
0.000482582
0.000680475
0.000777782
0.000850149
0.00090447
0.000932853
0.000945251
0.000943535
0.000918284
0.000880791
0.000883497
0.000915707
0.000931063
0.000925032
0.000909415
0.000885507
0.000841343
0.000780151
0.00068798
0.000486425
0.000532385
0.000760708
0.00108338
0.0014288
0.00159759
0.00170281
0.00176546
0.00177118
0.00168168
0.00151608
0.00151939
0.00168225
0.00176186
0.00174737
0.00167688
0.00157108
0.00141022
0.00107462
0.000763029
0.00053488
0.000581754
0.000643442
0.000696398
0.000742733
0.000785881
0.000825463
0.000859549
0.000885942
0.000901189
0.000903025
0.00090854
0.000907879
0.000892185
0.000864801
0.000829587
0.000789023
0.000745338
0.000698709
0.000645517
0.000583502
0.000121236
0.000140946
0.000149673
0.000155073
0.000159477
0.000163379
0.000167491
0.000172431
0.000178884
0.000185988
0.000188889
0.000184184
0.000179444
0.000175031
0.000170802
0.000165982
0.000159684
0.000150675
0.000137363
0.000115579
0.000142788
0.000419678
0.000505423
0.000538199
0.000551639
0.000565679
0.000590202
0.00062707
0.000675572
0.000725025
0.000758438
0.000757057
0.000725939
0.000687349
0.000648901
0.000612471
0.000573608
0.00052264
0.000430452
0.000135958
0.000164801
0.000417469
0.000522432
0.0005875
0.000630019
0.00066317
0.000694462
0.000728393
0.000767266
0.000796013
0.00082504
0.000851745
0.000832343
0.000790759
0.000746434
0.000702623
0.000647285
0.000567789
0.000449153
0.000162353
0.000180738
0.000392491
0.000512449
0.000578219
0.000603397
0.000614835
0.000635854
0.000668698
0.000709405
0.000730049
0.000755454
0.000795203
0.00077623
0.000734088
0.00071228
0.000709793
0.000674602
0.000581349
0.000434003
0.000175746
0.000274501
0.000364567
0.000436384
0.00049684
0.000544229
0.000578416
0.000604628
0.000629859
0.000665553
0.000698725
0.000724637
0.000746849
0.00072573
0.000687628
0.0006361
0.00057943
0.000514964
0.000444953
0.000367466
0.000275269
0.00035019
0.000413531
0.000449892
0.000481488
0.000508487
0.000533726
0.000563242
0.000601384
0.000660586
0.000728894
0.000734862
0.000684126
0.000620229
0.000573641
0.000540499
0.000510431
0.00048072
0.000450391
0.000418355
0.000358409
0.000428625
0.000544372
0.000550972
0.000577093
0.000606598
0.000631955
0.000656385
0.00069135
0.000749654
0.000826176
0.000791695
0.000709279
0.000658215
0.000629745
0.000609126
0.000589004
0.000568364
0.00055378
0.000558228
0.000434572
0.00049129
0.000711443
0.000781832
0.000865442
0.000932853
0.000977256
0.00100482
0.00101035
0.000987039
0.000956166
0.000943678
0.000962924
0.000975676
0.000962606
0.000933881
0.00089698
0.00084445
0.000779372
0.000719878
0.000494962
0.000546602
0.000805922
0.00118865
0.001512
0.00170281
0.0018466
0.00193376
0.00192664
0.00177365
0.00151928
0.0015198
0.00177299
0.00191062
0.00190467
0.0018098
0.00166457
0.00148135
0.00117421
0.00080642
0.000548836
0.000600024
0.00066726
0.000724689
0.000775832
0.000825463
0.00087147
0.000912042
0.000944892
0.000967099
0.000977452
0.000984629
0.000975619
0.000952663
0.000918268
0.000876098
0.000828729
0.000778221
0.000726729
0.000669109
0.000601614
0.000119637
0.000140677
0.000151397
0.000157983
0.000162988
0.000167491
0.000172257
0.000178284
0.000187216
0.000199945
0.000204915
0.000193497
0.000184332
0.000177202
0.000171089
0.000164699
0.000157019
0.000147183
0.000133772
0.000112949
0.000140402
0.000419281
0.000516384
0.000558443
0.000577066
0.000590202
0.000610276
0.000644768
0.000692812
0.000741076
0.000785139
0.000792066
0.000748255
0.000694429
0.000647727
0.000608718
0.000571124
0.000521455
0.000424194
0.000133215
0.000162785
0.000443003
0.000550951
0.000615152
0.000659107
0.000694462
0.000725064
0.00075104
0.000755164
0.000709172
0.000733898
0.000831651
0.000847689
0.000815818
0.000767707
0.000715847
0.000659211
0.000585172
0.000466141
0.000159187
0.000179815
0.000410469
0.000508579
0.00056395
0.000601957
0.000635854
0.000668134
0.000694576
0.000680763
0.000592119
0.000613937
0.00074598
0.000789476
0.000760728
0.000712155
0.0006702
0.000632379
0.000578144
0.000457512
0.000172383
0.000248353
0.000350274
0.000439035
0.000511489
0.000566048
0.000604628
0.000635102
0.000659265
0.000650721
0.000575146
0.000595654
0.00071313
0.000743725
0.000713946
0.000665367
0.000601846
0.000527337
0.000442198
0.0003488
0.000242087
0.000340401
0.000383519
0.000427706
0.000475275
0.00052025
0.000563242
0.000604516
0.000647243
0.000681173
0.000650837
0.000650465
0.000704945
0.000667663
0.000611481
0.000560329
0.000513786
0.000467174
0.000421019
0.000382419
0.000347655
0.000428359
0.000506301
0.000518205
0.000562432
0.000612856
0.000656385
0.000695638
0.000745229
0.000816316
0.000842782
0.000803098
0.000764337
0.000697966
0.000653303
0.000618831
0.000582361
0.000542787
0.000511863
0.000512529
0.000433626
0.000496261
0.000721508
0.000769649
0.000863501
0.00094525
0.00100482
0.00103907
0.00103968
0.00101215
0.000985635
0.000962953
0.000976233
0.000992842
0.0009837
0.00094814
0.000896922
0.000831806
0.000760302
0.00073078
0.000499538
0.000556141
0.000829625
0.00124088
0.00154383
0.00176546
0.00193376
0.00201573
0.00195149
0.0016894
0.0013968
0.00138945
0.00169905
0.0019421
0.0019852
0.00189207
0.001721
0.00150373
0.00122107
0.000827484
0.000557943
0.000613813
0.000686125
0.00074776
0.000803873
0.000859549
0.000912042
0.000959701
0.00100078
0.00103428
0.00106174
0.00107161
0.00104527
0.00101087
0.000967655
0.000917732
0.000863316
0.000806274
0.000749604
0.000687737
0.000615189
0.00011693
0.000138183
0.000151217
0.000160146
0.000166798
0.000172431
0.000178284
0.000186099
0.000198061
0.000216183
0.000223022
0.000204361
0.000189967
0.00017966
0.000171437
0.000163334
0.000154353
0.000143626
0.000129691
0.000110059
0.00013912
0.000414351
0.000524416
0.000579476
0.000609099
0.00062707
0.000644768
0.000669182
0.000677731
0.000599285
0.000646626
0.000790091
0.000759335
0.000701353
0.000655654
0.000618414
0.00057876
0.000521698
0.000413611
0.000130903
0.000162433
0.000450253
0.000566557
0.000639375
0.000690792
0.000728393
0.00075104
0.000739062
0.000627504
0.000447881
0.00048234
0.000702559
0.000813818
0.000821571
0.000786311
0.000734778
0.000672743
0.000592177
0.000470641
0.000156939
0.000184058
0.000392333
0.00049516
0.000568998
0.00062558
0.000668697
0.000694576
0.000667533
0.000522972
0.000474274
0.000516476
0.000587231
0.00073054
0.000766171
0.000730896
0.00067416
0.000607171
0.0005314
0.000426912
0.000173906
0.000227634
0.000340277
0.000446943
0.000525876
0.000584913
0.000629859
0.000659265
0.000639309
0.000508714
0.000603329
0.000652245
0.000566448
0.000693265
0.000719374
0.000680656
0.000622792
0.000547413
0.000448123
0.00033271
0.00021378
0.000332876
0.000359787
0.000411137
0.000477578
0.000543494
0.000601384
0.000647243
0.000659314
0.00056467
0.000726537
0.000759227
0.0005837
0.000673111
0.000649284
0.000590153
0.000525393
0.0004596
0.00039878
0.000354143
0.000337266
0.00042567
0.000468529
0.000487674
0.000552343
0.000627023
0.00069135
0.000745229
0.000796736
0.00078444
0.000894176
0.000871629
0.000730432
0.000741138
0.00068862
0.000637099
0.000581567
0.000521065
0.000472095
0.000463402
0.00042976
0.000496776
0.000705317
0.000748156
0.000850676
0.000943535
0.00101035
0.00103968
0.00103218
0.00100657
0.00104817
0.00102871
0.000967553
0.00098149
0.000978918
0.000945939
0.000885565
0.000809079
0.000731892
0.00071648
0.000499507
0.000560051
0.000827274
0.00125426
0.0015391
0.00177118
0.00192664
0.00195149
0.00177965
0.00151826
0.00148745
0.0014949
0.00152079
0.00178112
0.00193152
0.00188509
0.00171966
0.00148826
0.00122701
0.000822318
0.000561331
0.0006223
0.000698703
0.000764017
0.00082461
0.000885942
0.000944892
0.00100078
0.00105429
0.00110986
0.00117033
0.00118504
0.0011241
0.00106727
0.00101118
0.000952144
0.000890419
0.000827066
0.000765624
0.000700047
0.000623418
0.000114837
0.000135286
0.000150046
0.000161464
0.000170803
0.000178884
0.000187216
0.000198061
0.00021016
0.000230689
0.000230794
0.000212009
0.000197352
0.000183686
0.000173231
0.000163569
0.000153242
0.000141126
0.000126533
0.000108152
0.0001381
0.000411517
0.000533404
0.000602362
0.000646863
0.000675571
0.000692811
0.00067773
0.00052882
0.000585082
0.000638681
0.000621305
0.000742869
0.000723301
0.0006879
0.000651963
0.000606529
0.000537875
0.000413001
0.000130521
0.000161956
0.000460016
0.000587798
0.000672346
0.000732906
0.000767266
0.000755164
0.000627503
0.000426349
0.000769264
0.00084052
0.0004819
0.000678427
0.000798009
0.000805342
0.000766872
0.000703876
0.000615535
0.000484761
0.000156935
0.000184114
0.000404885
0.00051811
0.0006021
0.00067239
0.000709405
0.000680763
0.000522972
0.000493614
0.00113436
0.001213
0.000558724
0.000565435
0.00072083
0.0007503
0.000709208
0.000636515
0.000552928
0.000439405
0.000176645
0.000218814
0.000344245
0.000459716
0.000547551
0.000618609
0.000665552
0.000650721
0.000508714
0.00066256
0.00155
0.00164124
0.000747804
0.000541393
0.000680895
0.000695854
0.00064513
0.000573217
0.000486182
0.000357388
0.000199803
0.000323542
0.000337604
0.000405803
0.000500712
0.000591044
0.000660585
0.000681173
0.00056467
0.000819138
0.0018755
0.00197709
0.000887471
0.000563555
0.000674792
0.00064392
0.000565721
0.000474777
0.000390217
0.000338013
0.000326885
0.000419481
0.000434691
0.000458892
0.000546239
0.000654248
0.000749654
0.000816317
0.00078444
0.000986018
0.00205092
0.00214431
0.00101019
0.000725853
0.00075299
0.000685079
0.00059845
0.00050755
0.000438475
0.000424077
0.000422707
0.000491827
0.000663447
0.000710485
0.000817587
0.000918283
0.000987039
0.00101215
0.00100657
0.00114391
0.00206589
0.00214858
0.00115168
0.00095761
0.000951613
0.00091999
0.000855004
0.000769648
0.000689566
0.000675073
0.000494083
0.000556445
0.000789131
0.00122441
0.001468
0.00168168
0.00177365
0.0016894
0.00151826
0.0015764
0.00200968
0.00207365
0.00161034
0.00151893
0.00167895
0.00173499
0.00162473
0.0014071
0.00118981
0.000784225
0.000557351
0.000623419
0.000702338
0.000770315
0.000834383
0.000901189
0.000967099
0.00103428
0.00110986
0.00120143
0.00130308
0.00132158
0.00122194
0.00112692
0.00104755
0.000976154
0.000906458
0.00083683
0.000771612
0.000703384
0.000624248
0.000113978
0.000134068
0.000149735
0.000162693
0.000174382
0.000185988
0.000199945
0.000216183
0.000230689
0.000231114
0.000230182
0.000222971
0.000210094
0.000192188
0.000178143
0.000166485
0.000154675
0.000141911
0.000127134
0.000108729
0.000138217
0.000415141
0.000546765
0.000627419
0.000685579
0.000725025
0.000741075
0.000599284
0.000585082
0.000380616
0.000388171
0.000639728
0.000640291
0.000758812
0.000738013
0.000697646
0.000638761
0.000555298
0.000419256
0.000131409
0.000163284
0.000482846
0.000620944
0.000714999
0.000780278
0.000796013
0.000709172
0.000447881
0.000769264
0.00057462
0.000586971
0.000879618
0.000471529
0.000725036
0.000815265
0.000803358
0.000739025
0.000645504
0.000506503
0.000158376
0.000185939
0.000447569
0.000565735
0.00065523
0.000726444
0.00073005
0.000592119
0.000474273
0.00113436
0.000811782
0.000817273
0.0012782
0.000503724
0.000607612
0.000748462
0.000748936
0.000681077
0.000597786
0.000484349
0.000179865
0.000216677
0.000390284
0.000496422
0.000591648
0.000677211
0.000698726
0.000575146
0.000603328
0.00154999
0.00109405
0.00108546
0.00171824
0.000643419
0.000580186
0.000709155
0.000689289
0.000605291
0.000522273
0.000434936
0.000199075
0.000317996
0.000335855
0.00042434
0.000550627
0.000665135
0.000728895
0.000650838
0.000726536
0.0018755
0.00140272
0.00137776
0.00206197
0.000759346
0.000630094
0.00071338
0.000646497
0.000529568
0.000403061
0.000334661
0.000321032
0.000411618
0.000415384
0.000440279
0.00054935
0.000698826
0.000826176
0.000842783
0.000894176
0.00205091
0.00169732
0.00165724
0.00223509
0.000887647
0.000791462
0.000769544
0.000645974
0.000514248
0.000423884
0.000407305
0.000414296
0.000481168
0.000612868
0.000661102
0.000771464
0.00088079
0.000956165
0.000985634
0.00104817
0.00206589
0.00190897
0.00186186
0.00223384
0.00102743
0.000931296
0.000894976
0.000820491
0.00072478
0.000639902
0.000625404
0.000482991
0.000542928
0.000708635
0.00114139
0.00133987
0.00151607
0.00151928
0.0013968
0.00148745
0.00200968
0.00202065
0.0019878
0.00213499
0.00151142
0.00137647
0.00147641
0.00145322
0.0012739
0.00108795
0.000710378
0.000543685
0.000612316
0.000693286
0.000762938
0.000830082
0.000903025
0.000977452
0.00106174
0.00117033
0.00130308
0.00138926
0.00138053
0.00133302
0.00119461
0.00107833
0.000987871
0.000908431
0.000831977
0.000763133
0.00069355
0.000612626
0.000114026
0.000134471
0.000150397
0.000163723
0.000176063
0.00018889
0.000204915
0.000223022
0.000230795
0.000230182
0.000231293
0.000227172
0.000212671
0.000194346
0.000179396
0.000167496
0.00015612
0.000144014
0.000129217
0.00011006
0.000138853
0.000418964
0.000555777
0.000643577
0.000710166
0.000758439
0.000785139
0.000646625
0.000638681
0.000388171
0.000382036
0.000654102
0.000652106
0.000781867
0.000758326
0.000712374
0.000646742
0.000558355
0.000422961
0.000132307
0.000165168
0.000496913
0.000641127
0.000741385
0.00081194
0.000825041
0.000733899
0.00048234
0.000840521
0.000586971
0.000583174
0.00092928
0.000486095
0.000729282
0.000824131
0.000817246
0.000750889
0.000658032
0.000517641
0.000160265
0.000188635
0.00047037
0.000594353
0.000686621
0.000757312
0.000755456
0.000613938
0.000516477
0.001213
0.000817273
0.00081016
0.00134696
0.000540917
0.00062317
0.000762556
0.000769244
0.000702117
0.00061766
0.000497728
0.000182962
0.000220302
0.000417047
0.000529265
0.000623149
0.000707112
0.00072464
0.000595655
0.000652248
0.00164125
0.00108545
0.00107111
0.00180772
0.00070277
0.000609577
0.000736537
0.000719104
0.00063601
0.000555116
0.000448161
0.000206813
0.00032965
0.000349004
0.000428136
0.000553285
0.000669822
0.000734865
0.000650466
0.000759233
0.0019771
0.00137776
0.00135621
0.00217938
0.000827964
0.000656266
0.000740306
0.000667668
0.000540203
0.000413148
0.000347501
0.000333222
0.000420643
0.000437592
0.00045736
0.000551458
0.000679523
0.000791695
0.000803098
0.000871633
0.00214432
0.00165723
0.00162986
0.00236433
0.000921702
0.000782953
0.000764707
0.000649448
0.00052753
0.000441583
0.000426818
0.000423126
0.000488107
0.000640556
0.000689475
0.000789983
0.000883495
0.000943676
0.000962951
0.00102871
0.00214859
0.00186186
0.00183679
0.00236259
0.00105396
0.000926175
0.000894269
0.000830762
0.000744455
0.000662576
0.000649028
0.000490487
0.000548788
0.000730456
0.00116208
0.00135016
0.00151939
0.00151979
0.00138945
0.00149491
0.00207366
0.0019878
0.0019819
0.0022248
0.00154359
0.00137455
0.00146623
0.00145595
0.00128788
0.00111136
0.000729321
0.000551368
0.000617132
0.000697852
0.000767414
0.000834698
0.000908541
0.00098463
0.00107161
0.00118504
0.00132159
0.00138053
0.00137955
0.00136212
0.00121931
0.0010971
0.00100255
0.000920924
0.000843234
0.000773815
0.000703311
0.000621231
0.000115255
0.00013668
0.0001523
0.00016458
0.000174909
0.000184184
0.000193497
0.000204362
0.00021201
0.000222971
0.000227172
0.000208181
0.000197313
0.000185086
0.000175275
0.000166266
0.000156692
0.000145512
0.00013127
0.000111454
0.000139262
0.000417942
0.000553343
0.000641153
0.000707002
0.000757059
0.000792068
0.000790093
0.000621306
0.000639729
0.000654102
0.000618023
0.000773849
0.000772661
0.000739482
0.000693175
0.000631628
0.000549795
0.000419783
0.000132807
0.000164843
0.000487597
0.000631143
0.000734297
0.000812468
0.000851749
0.000831653
0.000702561
0.000481902
0.00087962
0.000929281
0.000500813
0.00068878
0.000814473
0.000835952
0.000801669
0.00072983
0.000639268
0.000503716
0.000160438
0.000187307
0.000451321
0.000579371
0.000676443
0.000754594
0.000795207
0.000745983
0.000587233
0.000558727
0.0012782
0.00134696
0.000612178
0.000607303
0.00075391
0.000798794
0.000759497
0.000685329
0.000593157
0.000467029
0.000182344
0.000221977
0.000384962
0.000530416
0.000627058
0.000702957
0.000746854
0.000713132
0.000566451
0.00074781
0.00171825
0.00180772
0.000829323
0.000607526
0.000736821
0.000765139
0.000718114
0.00064427
0.000546455
0.000376348
0.000215565
0.00034044
0.000360919
0.000419828
0.000512613
0.000608397
0.000684129
0.000704948
0.000583702
0.000887479
0.00206198
0.00217939
0.000997703
0.000624084
0.000723419
0.00068776
0.000597629
0.000497214
0.000410171
0.000359034
0.000345933
0.000431384
0.000471289
0.000485392
0.000553111
0.000636024
0.000709278
0.000764336
0.000730431
0.00101019
0.0022351
0.00236434
0.00110382
0.000729493
0.000750121
0.000686253
0.000610509
0.000532136
0.00047182
0.000464255
0.00043502
0.000499944
0.000705267
0.000750697
0.000839833
0.000915705
0.000962921
0.00097623
0.000967551
0.00115169
0.00223385
0.0023626
0.0012255
0.000954833
0.000945219
0.000924518
0.000875392
0.000804593
0.00072994
0.00070811
0.000503064
0.000562158
0.000809954
0.00124884
0.00148082
0.00168225
0.00177299
0.00169905
0.00152079
0.00161034
0.00213499
0.00222481
0.00167736
0.00151612
0.00164814
0.00172314
0.00163777
0.00143702
0.00121615
0.000802043
0.000565384
0.00062745
0.000706867
0.000775327
0.000839967
0.00090788
0.00097562
0.00104527
0.00112411
0.00122195
0.00133302
0.00136212
0.00125359
0.00115063
0.00106587
0.000991826
0.000920799
0.0008502
0.000783768
0.000713886
0.00063264
0.000117237
0.000140417
0.000155502
0.000166066
0.000173686
0.000179445
0.000184333
0.000189968
0.000197352
0.000210095
0.000212671
0.000197313
0.000186927
0.000179138
0.000172576
0.000165846
0.000157929
0.000147833
0.000133991
0.000112632
0.00014005
0.000420225
0.00054885
0.000629025
0.000686035
0.000725941
0.000748257
0.000759338
0.00074287
0.000640291
0.000652105
0.00077385
0.000771779
0.000741565
0.000705664
0.000661769
0.000605951
0.000531289
0.000411378
0.000133537
0.000164792
0.000476991
0.000611927
0.00070583
0.000781974
0.000832348
0.000847693
0.00081382
0.000678428
0.00047153
0.000486095
0.000688781
0.00080795
0.000834215
0.000810336
0.000758146
0.000685735
0.000601122
0.000476732
0.000158923
0.000185794
0.000448604
0.000565378
0.000649143
0.000720524
0.000776235
0.000789481
0.000730543
0.000565437
0.000503728
0.000540919
0.000607303
0.000750088
0.00080146
0.00077861
0.00071994
0.000645631
0.000561873
0.00045243
0.000179763
0.000233403
0.000361579
0.000494633
0.000602768
0.000677385
0.000725735
0.000743729
0.000693268
0.000541396
0.000643424
0.000702772
0.000607527
0.000734796
0.000778408
0.000750217
0.000692718
0.000605932
0.000483135
0.000347509
0.000232889
0.000347481
0.000376284
0.000425927
0.000491283
0.000559159
0.000620231
0.000667666
0.000673113
0.000563557
0.000759352
0.000827966
0.000624084
0.000708615
0.000683918
0.000617092
0.000545082
0.000476512
0.000417147
0.000375741
0.000356295
0.000437463
0.000507058
0.000513915
0.000559377
0.000613097
0.000658214
0.000697965
0.000741136
0.000725851
0.00088765
0.000921705
0.000729494
0.000737748
0.000685993
0.000640311
0.000595077
0.000546678
0.000508845
0.000510805
0.000443392
0.000505546
0.000745745
0.000785871
0.000865448
0.00093106
0.000975673
0.000992839
0.000981487
0.000957608
0.00102743
0.00105396
0.000954834
0.000966766
0.000973384
0.000954812
0.000909979
0.000848155
0.000777442
0.000749709
0.000510121
0.000566711
0.000848199
0.0012769
0.00154622
0.00176185
0.00191062
0.00194209
0.00178112
0.00151893
0.00151142
0.00154359
0.00151612
0.00173962
0.00190093
0.00188612
0.00174397
0.00152794
0.00126205
0.000845586
0.000571143
0.000627196
0.000703745
0.000769242
0.000830102
0.000892186
0.000952664
0.00101087
0.00106727
0.00112692
0.00119461
0.00121931
0.00115063
0.00108766
0.0010282
0.000967873
0.000905532
0.000841563
0.000779023
0.000711838
0.00063315
0.000119453
0.000144673
0.000158975
0.00016752
0.000172328
0.000175031
0.000177202
0.00017966
0.000183686
0.000192189
0.000194346
0.000185086
0.000179138
0.000174722
0.000170582
0.000165719
0.000159317
0.000150234
0.0001366
0.000113467
0.000141583
0.000428223
0.000547813
0.000616905
0.000661443
0.000687351
0.000694431
0.000701355
0.000723302
0.000758812
0.000781868
0.000772661
0.000741565
0.000706858
0.0006715
0.000631997
0.000583881
0.000518648
0.000409995
0.000134923
0.00016685
0.000476527
0.000604768
0.000685296
0.000745858
0.000790763
0.000815822
0.000821574
0.000798011
0.000725036
0.000729283
0.000814474
0.000834215
0.00080977
0.00076401
0.000709413
0.000647944
0.000574457
0.000459001
0.000159686
0.000184921
0.000490916
0.000615694
0.000671412
0.000702547
0.000734092
0.000760733
0.000766175
0.000720833
0.000607612
0.000623171
0.000753911
0.00080146
0.000781061
0.000736061
0.000686739
0.000641821
0.000587575
0.000470916
0.000177108
0.000254629
0.000367576
0.000472732
0.000565419
0.000637
0.000687633
0.000713951
0.000719378
0.000680897
0.000580186
0.000609577
0.000736821
0.000778408
0.000759293
0.000714618
0.000643781
0.000552494
0.00045349
0.000356546
0.000261603
0.000353362
0.000399143
0.000441596
0.000489929
0.000534694
0.000573643
0.000611483
0.000649286
0.000674793
0.000630094
0.000656267
0.000723419
0.000683918
0.000622281
0.000567284
0.000520214
0.000477216
0.000436766
0.000404915
0.000365953
0.000439677
0.000541686
0.000541013
0.000568781
0.000602442
0.000629743
0.000653302
0.000688618
0.000752988
0.000791461
0.000782954
0.000750122
0.000685994
0.00064562
0.000618976
0.000593504
0.000566945
0.000548888
0.000561179
0.000448052
0.000505242
0.000756868
0.000801014
0.000870279
0.000925029
0.000962602
0.000983697
0.000978915
0.00095161
0.000931294
0.000926175
0.00094522
0.000973384
0.000979944
0.00095974
0.000922771
0.000872169
0.000808112
0.000764293
0.000511415
0.000563391
0.000849972
0.00126023
0.00154413
0.00174737
0.00190467
0.0019852
0.00193151
0.00167895
0.00137647
0.00137455
0.00164813
0.00190093
0.0019774
0.00190902
0.00175401
0.00155068
0.00126311
0.000855668
0.000569246
0.000619319
0.000691431
0.000752889
0.00080884
0.000864802
0.000918269
0.000967656
0.00101119
0.00104755
0.00107833
0.0010971
0.00106587
0.0010282
0.000983719
0.000933395
0.000878821
0.000821465
0.000763893
0.000700532
0.00062602
0.000121227
0.000147573
0.000161002
0.000167857
0.000170258
0.000170803
0.00017109
0.000171437
0.000173231
0.000178143
0.000179396
0.000175275
0.000172576
0.000170582
0.000168356
0.000165233
0.000160266
0.000152109
0.000138837
0.000114111
0.000143104
0.000427824
0.000540112
0.000602362
0.000636621
0.000648904
0.000647729
0.000655656
0.000687901
0.000738013
0.000758327
0.000739482
0.000705664
0.0006715
0.000639908
0.000607395
0.000566325
0.00050674
0.000404461
0.000136396
0.00016898
0.000460406
0.000588095
0.000667659
0.000715977
0.000746438
0.000767711
0.000786315
0.000805345
0.000815266
0.000824132
0.000835953
0.000810336
0.00076401
0.000715956
0.000673808
0.000627037
0.000556135
0.000438188
0.00016282
0.000187619
0.000455232
0.000618358
0.000711406
0.000729434
0.000712284
0.00071216
0.000730901
0.000750304
0.000748464
0.000762557
0.000798795
0.00077861
0.000736061
0.000702434
0.000691915
0.000668897
0.000585479
0.000429226
0.000188569
0.000278509
0.00037657
0.000461297
0.00053474
0.000594158
0.000636103
0.000665371
0.00068066
0.000695858
0.000709157
0.000736538
0.000765138
0.000750216
0.000714618
0.000657482
0.000587948
0.000515091
0.000445026
0.000374436
0.000294208
0.000361251
0.00042801
0.000462085
0.000492873
0.000519186
0.0005405
0.00056033
0.000590154
0.000643922
0.000713381
0.000740306
0.000687759
0.000617092
0.000567284
0.000534805
0.000509741
0.000487728
0.000467031
0.000444865
0.000375434
0.000439041
0.000574393
0.000570118
0.000582269
0.000597711
0.000609125
0.000618829
0.000637098
0.000685077
0.000769544
0.000764708
0.000686254
0.000640311
0.000618976
0.000607639
0.000598731
0.000590595
0.000587696
0.000596266
0.000449193
0.000500021
0.000739988
0.000805719
0.000866307
0.000909412
0.000933878
0.000948137
0.000945935
0.000919987
0.000894974
0.000894269
0.000924519
0.000954813
0.000959741
0.000946189
0.000922043
0.000882617
0.0008262
0.000749948
0.000507517
0.000553889
0.00082284
0.00119957
0.00150485
0.00167687
0.0018098
0.00189207
0.00188509
0.00173499
0.00147641
0.00146623
0.00172314
0.00188612
0.00190902
0.0018356
0.00170187
0.00153375
0.00120617
0.000832508
0.000560842
0.000605739
0.000672464
0.00072939
0.000780047
0.000829587
0.000876098
0.000917733
0.000952144
0.000976155
0.000987872
0.00100255
0.000991826
0.000967873
0.000933395
0.000891454
0.000844195
0.000793666
0.000741318
0.000682394
0.000613095
0.000122453
0.00014765
0.000159832
0.00016549
0.000166626
0.000165982
0.000164699
0.000163334
0.00016357
0.000166485
0.000167496
0.000166266
0.000165846
0.000165719
0.000165233
0.000163625
0.00015954
0.000151779
0.000138811
0.000114354
0.000144696
0.000413199
0.000518736
0.000578438
0.000609209
0.000612473
0.00060872
0.000618415
0.000651963
0.000697647
0.000712374
0.000693175
0.000661769
0.000631997
0.000607395
0.000579974
0.000539091
0.000478903
0.000381494
0.000135683
0.000170876
0.000449938
0.000556159
0.000627834
0.000677698
0.000702627
0.000715851
0.000734782
0.000766875
0.00080336
0.000817247
0.00080167
0.000758146
0.000709413
0.000673808
0.000642806
0.00059159
0.000513601
0.000403589
0.000162118
0.000221294
0.000383726
0.000519797
0.000645077
0.000718058
0.000709797
0.000670203
0.000674164
0.000709211
0.000748938
0.000769245
0.000759497
0.00071994
0.000686739
0.000691914
0.000690237
0.000614527
0.000488153
0.000358346
0.000226667
0.000299535
0.000393132
0.000454013
0.000503325
0.000546845
0.000579432
0.000601848
0.000622796
0.000645134
0.000689291
0.000719105
0.000718114
0.000692717
0.000643781
0.000587948
0.000534584
0.000489266
0.000450725
0.000404227
0.000320776
0.000369594
0.000464562
0.000489896
0.000501392
0.000506913
0.000510431
0.000513786
0.000525394
0.000565722
0.000646498
0.000667669
0.000597629
0.000545082
0.000520214
0.000509741
0.000505868
0.000506441
0.000504053
0.00048456
0.000384595
0.000435966
0.000581124
0.000596756
0.000598818
0.000595997
0.000589003
0.00058236
0.000581566
0.000598449
0.000645974
0.000649449
0.00061051
0.000595077
0.000593504
0.000598731
0.000607356
0.000616006
0.000622167
0.000600215
0.000447211
0.000490691
0.000701737
0.000795204
0.000850314
0.000885505
0.000896977
0.000896919
0.000885562
0.000855001
0.00082049
0.000830762
0.000875393
0.00090998
0.000922771
0.000922043
0.0009071
0.000870724
0.000812474
0.000714091
0.000499181
0.00053934
0.00077392
0.00108907
0.00141924
0.00157108
0.00166456
0.001721
0.00171966
0.00162473
0.00145322
0.00145595
0.00163777
0.00174397
0.00175401
0.00170187
0.0016102
0.0014477
0.00110513
0.000787429
0.000547097
0.00058736
0.000648308
0.000700582
0.00074627
0.000789023
0.00082873
0.000863316
0.00089042
0.000906459
0.000908432
0.000920924
0.000920799
0.000905532
0.000878821
0.000844195
0.000804119
0.000760584
0.000713167
0.000658795
0.000595153
0.000123977
0.000146984
0.000157238
0.000161064
0.00016161
0.000159684
0.000157019
0.000154353
0.000153243
0.000154676
0.00015612
0.000156692
0.000157928
0.000159316
0.000160266
0.00015954
0.000155635
0.000148251
0.000136591
0.000114436
0.000147744
0.000392178
0.000487571
0.000542966
0.000569492
0.00057361
0.000571125
0.000578761
0.00060653
0.000638762
0.000646743
0.000631628
0.000605951
0.00058388
0.000566325
0.000539091
0.000496805
0.000440463
0.000353437
0.000137154
0.000172741
0.00045908
0.000544087
0.00058419
0.000618683
0.000647288
0.000659215
0.000672746
0.000703879
0.000739027
0.00075089
0.00072983
0.000685735
0.000647943
0.000627037
0.000591589
0.000532641
0.000467838
0.000379829
0.000163085
0.000254133
0.000369875
0.000444174
0.000532282
0.000629095
0.000674606
0.000632383
0.000607174
0.000636518
0.000681079
0.000702119
0.000685329
0.000645631
0.000641821
0.000668896
0.000614527
0.000502074
0.000412334
0.000352829
0.000268991
0.000324312
0.000430393
0.000465854
0.000480056
0.000496494
0.000514965
0.000527339
0.000547415
0.00057322
0.000605294
0.000636011
0.00064427
0.000605931
0.000552493
0.000515091
0.000489266
0.000480185
0.000476304
0.000446407
0.00034288
0.000378354
0.00049128
0.000521504
0.00051464
0.000497307
0.00048072
0.000467174
0.000459601
0.000474778
0.000529569
0.000540203
0.000497214
0.000476512
0.000477216
0.000487728
0.000506441
0.000528562
0.000534324
0.000505564
0.000393113
0.000431353
0.000570772
0.000610996
0.000611564
0.000593838
0.000568363
0.000542786
0.000521065
0.00050755
0.000514247
0.000527531
0.000532136
0.000546678
0.000566945
0.000590595
0.000616006
0.000633519
0.000629167
0.000586656
0.000442819
0.000477943
0.000654282
0.000746172
0.000809375
0.000841341
0.000844448
0.000831804
0.000809078
0.000769647
0.00072478
0.000744455
0.000804593
0.000848155
0.000872169
0.000882617
0.000870724
0.000831347
0.000764978
0.000668465
0.000486911
0.000520436
0.000715647
0.00095044
0.00121352
0.00141022
0.00148135
0.00150373
0.00148826
0.0014071
0.0012739
0.00128788
0.00143702
0.00152794
0.00155068
0.00153375
0.0014477
0.00123597
0.00096909
0.000730787
0.00052856
0.000564253
0.000619505
0.000667356
0.000708614
0.000745338
0.000778221
0.000806275
0.000827067
0.000836831
0.000831977
0.000843235
0.0008502
0.000841563
0.000821465
0.000793666
0.000760585
0.000722845
0.000680043
0.000630124
0.000572163
0.000124372
0.000144335
0.00015295
0.000154757
0.000153759
0.000150676
0.000147183
0.000143626
0.000141126
0.000141911
0.000144014
0.000145512
0.000147833
0.000150234
0.000152109
0.000151779
0.000148251
0.000142048
0.000132263
0.000113759
0.000148787
0.000351684
0.00044232
0.000491667
0.000514376
0.000522641
0.000521457
0.000521699
0.000537875
0.000555299
0.000558356
0.000549795
0.000531289
0.000518647
0.000506739
0.000478903
0.000440463
0.00039107
0.000313059
0.000140656
0.000174916
0.000389778
0.000512669
0.00053701
0.000543439
0.000567792
0.000585175
0.00059218
0.000615537
0.000645506
0.000658033
0.000639269
0.000601122
0.000574456
0.000556135
0.000513601
0.000467838
0.00041411
0.000319927
0.000186615
0.000289034
0.000376126
0.000407648
0.00043783
0.000501274
0.000581352
0.000578147
0.000531403
0.000552931
0.000597789
0.000617661
0.000593158
0.000561873
0.000587574
0.000585479
0.000488153
0.000412334
0.000394267
0.000384248
0.000306137
0.000346708
0.000464604
0.0004844
0.00046444
0.000446934
0.000444954
0.000442199
0.000448124
0.000486185
0.000522275
0.000555117
0.000546456
0.000483135
0.000453489
0.000445025
0.000450725
0.000476304
0.00049424
0.00047169
0.000360141
0.00038674
0.000501789
0.000531346
0.000520719
0.000485383
0.000450391
0.000421019
0.00039878
0.000390217
0.000403061
0.000413148
0.000410171
0.000417147
0.000436766
0.00046703
0.000504052
0.000534323
0.000541122
0.000511784
0.000399314
0.000425651
0.000553714
0.000597772
0.000608326
0.000589774
0.00055378
0.000511863
0.000472095
0.000438475
0.000423884
0.000441582
0.00047182
0.000508845
0.000548888
0.000587696
0.000622167
0.000629167
0.000612958
0.00056701
0.000436211
0.00046207
0.0006098
0.00068502
0.000740386
0.00078015
0.000779371
0.000760301
0.000731892
0.000689566
0.000639902
0.000662576
0.00072994
0.000777442
0.000808112
0.0008262
0.000812474
0.000764978
0.000703972
0.000625087
0.000470841
0.000497191
0.000656927
0.000800587
0.000944548
0.00107462
0.00117421
0.00122106
0.00122701
0.00118981
0.00108795
0.00111136
0.00121615
0.00126205
0.00126311
0.00120617
0.00110513
0.00096909
0.000820009
0.000672331
0.000505227
0.000535706
0.000585691
0.000629372
0.000666371
0.00069871
0.000726729
0.000749605
0.000765625
0.000771613
0.000763134
0.000773815
0.000783768
0.000779023
0.000763893
0.000741318
0.000713167
0.000680043
0.000641676
0.000596015
0.000543365
0.000121898
0.000135412
0.000142862
0.000143351
0.00014072
0.000137363
0.000133772
0.000129691
0.000126533
0.000127134
0.000129217
0.00013127
0.00013399
0.0001366
0.000138837
0.00013881
0.000136591
0.000132263
0.000125167
0.000112364
0.000147751
0.000282739
0.000361885
0.000404084
0.000422052
0.000430453
0.000424195
0.000413612
0.000413002
0.000419258
0.000422962
0.000419784
0.000411378
0.000409994
0.00040446
0.000381494
0.000353437
0.000313059
0.000253489
0.00014184
0.000203709
0.000268765
0.00039816
0.000444414
0.000437971
0.000449155
0.000466143
0.000470643
0.000484763
0.000506504
0.000517641
0.000503716
0.000476732
0.000459001
0.000438188
0.000403589
0.000379829
0.000319927
0.000261906
0.000228233
0.000317512
0.000385017
0.00037685
0.00036199
0.000368861
0.000434005
0.000457514
0.000426914
0.000439407
0.000484351
0.00049773
0.00046703
0.000452429
0.000470915
0.000429226
0.000358346
0.000352829
0.000384248
0.000399233
0.000329875
0.000361366
0.000457918
0.000465916
0.000431099
0.000389424
0.000367466
0.0003488
0.00033271
0.000357389
0.000434939
0.000448162
0.000376349
0.000347509
0.000356545
0.000374436
0.000404226
0.000446407
0.00047169
0.000463065
0.000372134
0.000391323
0.000485329
0.000502728
0.000491256
0.000461733
0.000418354
0.000382418
0.000354143
0.000338014
0.000334661
0.000347501
0.000359033
0.000375741
0.000404914
0.000444865
0.00048456
0.000505564
0.000511784
0.000492659
0.000400967
0.00041747
0.000520458
0.000552938
0.000567079
0.000572241
0.000558228
0.000512529
0.000463402
0.000424077
0.000407305
0.000426817
0.000464255
0.000510805
0.000561179
0.000596266
0.000600216
0.000586656
0.00056701
0.000531216
0.00042609
0.000442368
0.000558656
0.000607083
0.000646931
0.00068798
0.000719878
0.00073078
0.00071648
0.000675073
0.000625405
0.000649029
0.000708111
0.000749709
0.000764293
0.000749948
0.000714091
0.000668465
0.000625087
0.000572043
0.000450107
0.000468379
0.000590754
0.000655483
0.000709834
0.000763028
0.00080642
0.000827483
0.000822317
0.000784224
0.000710379
0.000729322
0.000802043
0.000845586
0.000855668
0.000832508
0.000787429
0.000730787
0.000672331
0.000604655
0.000475806
0.000499073
0.000544613
0.000584527
0.000617442
0.000645517
0.000669109
0.000687737
0.000700047
0.000703385
0.00069355
0.000703312
0.000713886
0.000711838
0.000700532
0.000682394
0.000658795
0.000630124
0.000596015
0.000554267
0.000506123
0.00011552
0.000118106
0.000120096
0.000119206
0.000117441
0.000115579
0.000112949
0.000110059
0.000108152
0.00010873
0.00011006
0.000111454
0.000112632
0.000113466
0.000114111
0.000114353
0.000114435
0.000113759
0.000112364
0.00011054
0.000140519
0.000144882
0.000146121
0.000142995
0.000138827
0.000135958
0.000133215
0.000130903
0.000130521
0.000131409
0.000132307
0.000132807
0.000133537
0.000134923
0.000136395
0.000135682
0.000137154
0.000140656
0.00014184
0.000139511
0.000237389
0.000201795
0.000169362
0.000166303
0.000164289
0.000162353
0.000159187
0.000156939
0.000156935
0.000158376
0.000160265
0.000160438
0.000158923
0.000159686
0.00016282
0.000162118
0.000163085
0.000186615
0.000228233
0.000260658
0.000334227
0.000319779
0.000290761
0.000249505
0.000210905
0.000175746
0.000172383
0.000173906
0.000176645
0.000179866
0.000182962
0.000182344
0.000179763
0.000177108
0.000188568
0.000226667
0.000268991
0.000306136
0.000329874
0.000343676
0.000368422
0.000362714
0.000348799
0.000327533
0.000301425
0.000275268
0.000242086
0.000213779
0.000199802
0.000199075
0.000206813
0.000215565
0.000232888
0.000261602
0.000294208
0.000320775
0.000342879
0.000360141
0.000372134
0.000376195
0.000388847
0.000391726
0.000387661
0.000379138
0.000369065
0.000358409
0.000347655
0.000337266
0.000326885
0.000321032
0.000333222
0.000345933
0.000356295
0.000365953
0.000375434
0.000384595
0.000393113
0.000399314
0.000400967
0.00039579
0.000404382
0.000416698
0.000424604
0.000429483
0.00043288
0.000434572
0.000433626
0.00042976
0.000422707
0.000414296
0.000423126
0.00043502
0.000443392
0.000448052
0.000449194
0.000447211
0.000442819
0.000436211
0.00042609
0.000410961
0.000419119
0.000440823
0.000459623
0.000474579
0.000486425
0.000494962
0.000499538
0.000499507
0.000494083
0.000482991
0.000490487
0.000503065
0.000510121
0.000511415
0.000507517
0.000499181
0.000486911
0.000470841
0.000450107
0.000425655
0.000435056
0.000466631
0.000494343
0.000516706
0.00053488
0.000548836
0.000557944
0.000561331
0.000557351
0.000543686
0.000551368
0.000565384
0.000571143
0.000569246
0.000560843
0.000547098
0.000528561
0.000505227
0.000475806
0.00044152
0.000454711
0.00049724
0.00053294
0.000560849
0.000583503
0.000601614
0.000615189
0.000623418
0.000624248
0.000612627
0.000621231
0.000632641
0.000633151
0.00062602
0.000613095
0.000595154
0.000572163
0.000543366
0.000506123
0.000461146
)
;

boundaryField
{
    floor
    {
        type            alphatWallFunction;
        Prt             0.85;
        value           nonuniform List<scalar> 
400
(
7.48734e-06
7.9045e-06
7.88377e-06
7.62562e-06
7.29683e-06
7.01205e-06
6.68002e-06
6.15531e-06
5.77302e-06
5.63788e-06
5.65897e-06
5.88911e-06
6.25482e-06
6.66762e-06
7.00723e-06
7.24323e-06
7.51656e-06
7.58446e-06
7.14698e-06
5.95703e-06
7.9045e-06
9.78539e-06
1.06802e-05
1.09038e-05
1.07345e-05
1.06156e-05
1.05103e-05
1.006e-05
9.57724e-06
9.41027e-06
9.50583e-06
9.90844e-06
1.05772e-05
1.13416e-05
1.18765e-05
1.19066e-05
1.17668e-05
1.12684e-05
9.65391e-06
6.44127e-06
7.88378e-06
1.06802e-05
1.18591e-05
1.21672e-05
1.21316e-05
1.2189e-05
1.24296e-05
1.24099e-05
1.22614e-05
1.22717e-05
1.24168e-05
1.27582e-05
1.33206e-05
1.39325e-05
1.43058e-05
1.41223e-05
1.36527e-05
1.28559e-05
1.10239e-05
6.79621e-06
7.62563e-06
1.09038e-05
1.21672e-05
1.27546e-05
1.29661e-05
1.31506e-05
1.35972e-05
1.3988e-05
1.42906e-05
1.45822e-05
1.4796e-05
1.49496e-05
1.52074e-05
1.54609e-05
1.55335e-05
1.51503e-05
1.43792e-05
1.32333e-05
1.11456e-05
6.6433e-06
7.29683e-06
1.07345e-05
1.21316e-05
1.29661e-05
1.34884e-05
1.39275e-05
1.44824e-05
1.51457e-05
1.59119e-05
1.66274e-05
1.69576e-05
1.6756e-05
1.65392e-05
1.63011e-05
1.59524e-05
1.53437e-05
1.44552e-05
1.30425e-05
1.06689e-05
6.31323e-06
7.01204e-06
1.06156e-05
1.21889e-05
1.31506e-05
1.39275e-05
1.45911e-05
1.52727e-05
1.61178e-05
1.72873e-05
1.86254e-05
1.91611e-05
1.83431e-05
1.75095e-05
1.67447e-05
1.60267e-05
1.52068e-05
1.41033e-05
1.24763e-05
1.00249e-05
5.95897e-06
6.68002e-06
1.05102e-05
1.24296e-05
1.35972e-05
1.44824e-05
1.52727e-05
1.60922e-05
1.71208e-05
1.86874e-05
2.09822e-05
2.18643e-05
1.98946e-05
1.83195e-05
1.71108e-05
1.60673e-05
1.49494e-05
1.3573e-05
1.17815e-05
9.31263e-06
5.45623e-06
6.1553e-06
1.006e-05
1.24099e-05
1.3988e-05
1.51457e-05
1.61178e-05
1.71208e-05
1.84456e-05
2.0499e-05
2.36916e-05
2.48892e-05
2.16789e-05
1.92565e-05
1.75256e-05
1.61058e-05
1.467e-05
1.30523e-05
1.10998e-05
8.54065e-06
4.90267e-06
5.77301e-06
9.57723e-06
1.22614e-05
1.42906e-05
1.5912e-05
1.72873e-05
1.86874e-05
2.0499e-05
2.25348e-05
2.58932e-05
2.62149e-05
2.29319e-05
2.04842e-05
1.8188e-05
1.63794e-05
1.46731e-05
1.28324e-05
1.0657e-05
7.99648e-06
4.55687e-06
5.63786e-06
9.41024e-06
1.22716e-05
1.45822e-05
1.66274e-05
1.86254e-05
2.09822e-05
2.36917e-05
2.58932e-05
5.69598e-06
5.78243e-06
2.49202e-05
2.26607e-05
1.96432e-05
1.72452e-05
1.52302e-05
1.3164e-05
1.08833e-05
8.16648e-06
4.68576e-06
5.65894e-06
9.50579e-06
1.24168e-05
1.4796e-05
1.69575e-05
1.91611e-05
2.18643e-05
2.48891e-05
2.62148e-05
5.7824e-06
5.97634e-06
2.5791e-05
2.32712e-05
2.0131e-05
1.75562e-05
1.54832e-05
1.34669e-05
1.12754e-05
8.55266e-06
4.92829e-06
5.88909e-06
9.9084e-06
1.27581e-05
1.49496e-05
1.67559e-05
1.83431e-05
1.98945e-05
2.16788e-05
2.29318e-05
2.49202e-05
2.5791e-05
2.25883e-05
2.06997e-05
1.85757e-05
1.68611e-05
1.52748e-05
1.35649e-05
1.15401e-05
8.91469e-06
5.16552e-06
6.2548e-06
1.05771e-05
1.33205e-05
1.52074e-05
1.65391e-05
1.75094e-05
1.83194e-05
1.92564e-05
2.04841e-05
2.26606e-05
2.32711e-05
2.06997e-05
1.8899e-05
1.75284e-05
1.63663e-05
1.51684e-05
1.37481e-05
1.19162e-05
9.36643e-06
5.35884e-06
6.6676e-06
1.13416e-05
1.39324e-05
1.54608e-05
1.63011e-05
1.67446e-05
1.71108e-05
1.75255e-05
1.8188e-05
1.96432e-05
2.01309e-05
1.85757e-05
1.75284e-05
1.67327e-05
1.59807e-05
1.50998e-05
1.39424e-05
1.2295e-05
9.79752e-06
5.49269e-06
7.0072e-06
1.18764e-05
1.43057e-05
1.55334e-05
1.59523e-05
1.60267e-05
1.60672e-05
1.61058e-05
1.63793e-05
1.72452e-05
1.75562e-05
1.68611e-05
1.63663e-05
1.59807e-05
1.55502e-05
1.49649e-05
1.40608e-05
1.25895e-05
1.01758e-05
5.59935e-06
7.24321e-06
1.19066e-05
1.41223e-05
1.51503e-05
1.53437e-05
1.52067e-05
1.49493e-05
1.46699e-05
1.46731e-05
1.52301e-05
1.54832e-05
1.52748e-05
1.51684e-05
1.50999e-05
1.49649e-05
1.46454e-05
1.39096e-05
1.2521e-05
1.01734e-05
5.64856e-06
7.51655e-06
1.17668e-05
1.36527e-05
1.43791e-05
1.44551e-05
1.41033e-05
1.3573e-05
1.30523e-05
1.28323e-05
1.3164e-05
1.34669e-05
1.35649e-05
1.37481e-05
1.39425e-05
1.40609e-05
1.39096e-05
1.32148e-05
1.18958e-05
9.78206e-06
5.68056e-06
7.58444e-06
1.12683e-05
1.28559e-05
1.32332e-05
1.30424e-05
1.24762e-05
1.17814e-05
1.10997e-05
1.0657e-05
1.08833e-05
1.12754e-05
1.15402e-05
1.19163e-05
1.22951e-05
1.25896e-05
1.2521e-05
1.18958e-05
1.07867e-05
9.01493e-06
5.58242e-06
7.14697e-06
9.65386e-06
1.10239e-05
1.11456e-05
1.06689e-05
1.00248e-05
9.31258e-06
8.54059e-06
7.99644e-06
8.16647e-06
8.55267e-06
8.91472e-06
9.36648e-06
9.79758e-06
1.01759e-05
1.01734e-05
9.78208e-06
9.01493e-06
7.74653e-06
5.37179e-06
5.95701e-06
6.44125e-06
6.79619e-06
6.64328e-06
6.3132e-06
5.95893e-06
5.45619e-06
4.90263e-06
4.55684e-06
4.68576e-06
4.9283e-06
5.16555e-06
5.35888e-06
5.49273e-06
5.59938e-06
5.64859e-06
5.68058e-06
5.58244e-06
5.3718e-06
5.04158e-06
)
;
    }
    ceiling
    {
        type            alphatWallFunction;
        Prt             0.85;
        value           nonuniform List<scalar> 
400
(
6.21717e-05
6.89298e-05
7.4471e-05
7.87641e-05
8.22313e-05
8.49976e-05
8.70743e-05
8.83447e-05
8.8505e-05
8.68259e-05
8.75868e-05
8.91262e-05
8.90795e-05
8.78897e-05
8.5838e-05
8.30523e-05
7.9532e-05
7.51531e-05
6.9486e-05
6.25421e-05
6.89298e-05
7.61122e-05
8.22656e-05
8.72858e-05
9.15336e-05
9.50807e-05
9.78725e-05
9.97189e-05
0.000100236
9.88617e-05
9.95807e-05
0.000100917
0.000100458
9.86398e-05
9.58262e-05
9.2226e-05
8.79069e-05
8.27976e-05
7.65327e-05
6.92178e-05
7.4471e-05
8.22656e-05
8.89524e-05
9.45586e-05
9.94113e-05
0.000103575
0.000106947
0.0001093
0.000110186
0.000109048
0.000109748
0.000110921
0.000110047
0.000107668
0.000104226
9.99844e-05
9.50597e-05
8.9386e-05
8.26234e-05
7.47448e-05
7.8764e-05
8.72858e-05
9.45586e-05
0.00010077
0.000106233
0.00011106
0.000115117
0.000118089
0.000119456
0.000118769
0.000119469
0.000120253
0.00011885
0.00011579
0.000111618
0.00010669
0.000101159
9.49059e-05
8.75917e-05
7.90212e-05
8.22313e-05
9.15336e-05
9.94113e-05
0.000106233
0.000112526
0.000118254
0.000123146
0.000126902
0.000129038
0.000129235
0.000130032
0.000129957
0.000127736
0.000123829
0.000118771
0.000112902
0.000106537
9.96851e-05
9.17896e-05
8.24619e-05
8.49976e-05
9.50807e-05
0.000103575
0.00011106
0.000118254
0.000124867
0.000130649
0.000135294
0.000138401
0.000139809
0.000140811
0.000139542
0.000136305
0.000131435
0.000125427
0.000118624
0.000111312
0.000103791
9.52882e-05
8.5192e-05
8.70743e-05
9.78725e-05
0.000106947
0.000115117
0.000123146
0.000130649
0.000137406
0.000143185
0.000147867
0.000151682
0.000153036
0.000149321
0.000144482
0.000138396
0.000131328
0.000123562
0.00011535
0.000107116
9.80297e-05
8.72242e-05
8.83447e-05
9.97189e-05
0.0001093
0.000118089
0.000126902
0.000135294
0.000143185
0.000150688
0.000158435
0.00016681
0.000168805
0.000160307
0.000152353
0.00014448
0.000136157
0.000127392
0.00011831
0.00010942
9.98238e-05
8.84459e-05
8.85049e-05
0.000100236
0.000110186
0.000119456
0.000129038
0.000138401
0.000147867
0.000158435
0.000171117
0.000185011
0.000187499
0.00017378
0.000160617
0.000149526
0.00013949
0.000129621
0.000119664
0.000110253
0.000100291
8.85591e-05
8.68259e-05
9.88617e-05
0.000109048
0.000118769
0.000129235
0.000139809
0.000151682
0.00016681
0.000185011
0.000196283
0.000195121
0.000188816
0.000169883
0.000153757
0.000141068
0.000129828
0.000118901
0.000108959
9.88068e-05
8.68039e-05
8.75867e-05
9.95806e-05
0.000109748
0.000119469
0.000130032
0.000140811
0.000153036
0.000168805
0.000187498
0.000195121
0.000195921
0.00019291
0.000173331
0.000156412
0.000143166
0.000131623
0.00012053
0.000110512
0.000100224
8.80582e-05
8.91261e-05
0.000100917
0.000110921
0.000120253
0.000129957
0.000139542
0.000149321
0.000160307
0.00017378
0.000188816
0.00019291
0.000178078
0.000163892
0.000152087
0.000141687
0.000131635
0.00012155
0.000111967
0.000101773
8.97457e-05
8.90794e-05
0.000100458
0.000110047
0.00011885
0.000127736
0.000136305
0.000144482
0.000152353
0.000160617
0.000169883
0.00017333
0.000163892
0.00015514
0.000146816
0.000138325
0.000129485
0.000120331
0.000111294
0.000101479
8.98223e-05
8.78897e-05
9.86397e-05
0.000107668
0.00011579
0.000123828
0.000131435
0.000138396
0.000144479
0.000149526
0.000153757
0.000156412
0.000152087
0.000146816
0.000140568
0.00013346
0.000125691
0.000117454
0.000109108
9.98252e-05
8.87601e-05
8.58379e-05
9.58262e-05
0.000104226
0.000111617
0.000118771
0.000125427
0.000131328
0.000136157
0.00013949
0.000141068
0.000143166
0.000141687
0.000138325
0.00013346
0.0001275
0.000120735
0.000113443
0.00010582
9.71528e-05
8.68241e-05
8.30522e-05
9.22259e-05
9.99843e-05
0.00010669
0.000112902
0.000118624
0.000123562
0.000127392
0.000129621
0.000129828
0.000131623
0.000131635
0.000129485
0.000125691
0.000120735
0.000114958
0.000108636
0.000101693
9.3653e-05
8.4121e-05
7.95319e-05
8.79068e-05
9.50597e-05
0.000101159
0.000106537
0.000111312
0.00011535
0.00011831
0.000119664
0.000118901
0.00012053
0.00012155
0.00012033
0.000117454
0.000113443
0.000108636
0.000103113
9.68022e-05
8.93714e-05
8.06346e-05
7.5153e-05
8.27976e-05
8.93859e-05
9.49059e-05
9.96851e-05
0.000103791
0.000107116
0.00010942
0.000110253
0.000108959
0.000110512
0.000111967
0.000111294
0.000109108
0.00010582
0.000101693
9.68022e-05
9.10939e-05
8.42372e-05
7.6234e-05
6.9486e-05
7.65327e-05
8.26234e-05
8.75917e-05
9.17896e-05
9.52882e-05
9.80297e-05
9.98237e-05
0.000100291
9.88067e-05
0.000100224
0.000101773
0.000101479
9.98252e-05
9.71528e-05
9.3653e-05
8.93714e-05
8.42372e-05
7.78937e-05
7.04906e-05
6.25421e-05
6.92178e-05
7.47447e-05
7.90212e-05
8.24619e-05
8.51919e-05
8.72242e-05
8.84459e-05
8.8559e-05
8.68039e-05
8.80581e-05
8.97457e-05
8.98222e-05
8.876e-05
8.68241e-05
8.4121e-05
8.06345e-05
7.6234e-05
7.04906e-05
6.34688e-05
)
;
    }
    fixedWalls
    {
        type            alphatWallFunction;
        Prt             0.85;
        value           nonuniform List<scalar> 
800
(
7.47085e-06
1.15173e-05
2.56835e-05
4.23484e-05
4.81062e-05
5.1459e-05
5.39848e-05
5.63715e-05
5.89501e-05
6.21088e-05
7.88769e-06
1.20141e-05
2.02702e-05
3.95291e-05
4.69606e-05
5.1745e-05
5.58691e-05
5.98163e-05
6.39713e-05
6.8861e-05
7.86702e-06
1.17888e-05
1.55543e-05
3.47762e-05
4.46065e-05
5.09069e-05
5.69899e-05
6.27254e-05
6.8299e-05
7.43972e-05
7.60923e-06
1.15891e-05
1.57417e-05
2.90867e-05
4.10799e-05
4.94263e-05
5.76968e-05
6.50517e-05
7.17775e-05
7.86862e-05
7.28084e-06
1.13804e-05
1.54707e-05
2.35001e-05
3.72793e-05
4.77753e-05
5.82203e-05
6.69099e-05
7.46025e-05
8.21501e-05
6.99631e-06
1.09227e-05
1.4854e-05
1.77094e-05
3.38403e-05
4.61022e-05
5.85241e-05
6.8274e-05
7.67853e-05
8.49137e-05
6.6645e-06
1.04768e-05
1.4489e-05
1.7595e-05
2.94579e-05
4.45636e-05
5.85021e-05
6.90541e-05
7.82443e-05
8.69883e-05
6.14016e-06
1.02498e-05
1.44283e-05
1.83001e-05
2.59524e-05
4.33014e-05
5.8082e-05
6.91363e-05
7.88338e-05
8.82575e-05
5.75815e-06
1.00824e-05
1.43297e-05
1.82609e-05
2.43294e-05
4.17539e-05
5.70946e-05
6.83671e-05
7.82751e-05
8.84176e-05
5.62309e-06
1.012e-05
1.45652e-05
1.85787e-05
2.39631e-05
4.08186e-05
5.58447e-05
6.67265e-05
7.62258e-05
8.67403e-05
5.64413e-06
1.02354e-05
1.49095e-05
1.9064e-05
2.4631e-05
4.27374e-05
5.72906e-05
6.78321e-05
7.71585e-05
8.75006e-05
5.87405e-06
1.03093e-05
1.48637e-05
1.88626e-05
2.49943e-05
4.45344e-05
5.89996e-05
6.96602e-05
7.91894e-05
8.90386e-05
6.23942e-06
1.04485e-05
1.48612e-05
1.86172e-05
2.69601e-05
4.57378e-05
5.9955e-05
7.05126e-05
7.98724e-05
8.89921e-05
6.65183e-06
1.07164e-05
1.52101e-05
1.84484e-05
3.05436e-05
4.66903e-05
6.02869e-05
7.04479e-05
7.93558e-05
8.78036e-05
6.99111e-06
1.0994e-05
1.55816e-05
1.8787e-05
3.45713e-05
4.78789e-05
6.01574e-05
6.962e-05
7.78915e-05
8.57539e-05
7.22685e-06
1.12977e-05
1.59326e-05
2.44884e-05
3.79659e-05
4.91664e-05
5.96405e-05
6.8154e-05
7.56513e-05
8.2971e-05
7.49983e-06
1.1832e-05
1.62673e-05
3.01642e-05
4.18589e-05
5.04967e-05
5.88748e-05
6.61503e-05
7.27318e-05
7.94541e-05
7.56751e-06
1.20239e-05
1.65794e-05
3.60255e-05
4.53249e-05
5.17531e-05
5.79251e-05
6.3645e-05
6.91228e-05
7.50793e-05
7.13033e-06
1.18697e-05
2.17303e-05
4.05879e-05
4.76172e-05
5.24107e-05
5.65757e-05
6.052e-05
6.46184e-05
6.94173e-05
5.94122e-06
1.05586e-05
2.74735e-05
4.31976e-05
4.86956e-05
5.19643e-05
5.44532e-05
5.68164e-05
5.93628e-05
6.24795e-05
5.9412e-06
1.05586e-05
2.74736e-05
4.31976e-05
4.86956e-05
5.19643e-05
5.44532e-05
5.68163e-05
5.93628e-05
6.24795e-05
6.42515e-06
1.13489e-05
2.14507e-05
4.08789e-05
4.7832e-05
5.24804e-05
5.64647e-05
6.02942e-05
6.43622e-05
6.91494e-05
6.77994e-06
1.15407e-05
1.57247e-05
3.62248e-05
4.56542e-05
5.1907e-05
5.77772e-05
6.3285e-05
6.87022e-05
7.46713e-05
6.62733e-06
1.09719e-05
1.51689e-05
2.93254e-05
4.23543e-05
5.06234e-05
5.85951e-05
6.56449e-05
7.21717e-05
7.89438e-05
6.29765e-06
1.02051e-05
1.47879e-05
2.27003e-05
3.82066e-05
4.90676e-05
5.91594e-05
6.74995e-05
7.49688e-05
8.23812e-05
5.94368e-06
9.67791e-06
1.44408e-05
1.68143e-05
3.38451e-05
4.73832e-05
5.94428e-05
6.88286e-05
7.71035e-05
8.51086e-05
5.44132e-06
9.18934e-06
1.38797e-05
1.62458e-05
2.82999e-05
4.56782e-05
5.93061e-05
6.95398e-05
7.84894e-05
8.71387e-05
4.88815e-06
8.77368e-06
1.34791e-05
1.65007e-05
2.35444e-05
4.40074e-05
5.87018e-05
6.95333e-05
7.89948e-05
8.83592e-05
4.54257e-06
8.71649e-06
1.34727e-05
1.69645e-05
2.11637e-05
4.22944e-05
5.75869e-05
6.86916e-05
7.83795e-05
8.84722e-05
4.67135e-06
8.89241e-06
1.37271e-05
1.75123e-05
2.09989e-05
4.13159e-05
5.625e-05
6.69746e-05
7.62959e-05
8.67187e-05
4.91367e-06
9.06026e-06
1.40651e-05
1.80565e-05
2.23654e-05
4.33005e-05
5.76362e-05
6.81214e-05
7.74455e-05
8.79721e-05
5.15069e-06
9.13328e-06
1.40897e-05
1.79708e-05
2.39218e-05
4.53743e-05
5.95027e-05
7.00504e-05
7.95603e-05
8.96582e-05
5.34383e-06
9.232e-06
1.38008e-05
1.75221e-05
2.68362e-05
4.70512e-05
6.08105e-05
7.11299e-05
8.04317e-05
8.97348e-05
5.47756e-06
9.45868e-06
1.39111e-05
1.70751e-05
3.15713e-05
4.85835e-05
6.15266e-05
7.13198e-05
8.01419e-05
8.86738e-05
5.58413e-06
9.71133e-06
1.44668e-05
1.88423e-05
3.69468e-05
5.00671e-05
6.16801e-05
7.07055e-05
7.88574e-05
8.67398e-05
5.63329e-06
9.59598e-06
1.44235e-05
2.51419e-05
4.12403e-05
5.14777e-05
6.13364e-05
6.94001e-05
7.67511e-05
8.40394e-05
5.66519e-06
9.85805e-06
1.45825e-05
3.22891e-05
4.46496e-05
5.27516e-05
6.06021e-05
6.74748e-05
7.38986e-05
8.05562e-05
5.56701e-06
1.04617e-05
1.82754e-05
3.83484e-05
4.73363e-05
5.3647e-05
5.95069e-05
6.4942e-05
7.02865e-05
7.61598e-05
5.35639e-06
1.07881e-05
2.50548e-05
4.22339e-05
4.91873e-05
5.38344e-05
5.78507e-05
6.16583e-05
6.56974e-05
7.04216e-05
5.02624e-06
1.04257e-05
3.04799e-05
4.44691e-05
4.9796e-05
5.29656e-05
5.54091e-05
5.77699e-05
6.03023e-05
6.34058e-05
7.47085e-06
1.15173e-05
2.56835e-05
4.23484e-05
4.81062e-05
5.1459e-05
5.39848e-05
5.63715e-05
5.89501e-05
6.21088e-05
7.8877e-06
1.20141e-05
2.02702e-05
3.95291e-05
4.69606e-05
5.1745e-05
5.58691e-05
5.98163e-05
6.39713e-05
6.8861e-05
7.86703e-06
1.17888e-05
1.55543e-05
3.47762e-05
4.46065e-05
5.09069e-05
5.69899e-05
6.27254e-05
6.8299e-05
7.43972e-05
7.60923e-06
1.1589e-05
1.57417e-05
2.90867e-05
4.10798e-05
4.94264e-05
5.76968e-05
6.50517e-05
7.17775e-05
7.86862e-05
7.28083e-06
1.13804e-05
1.54707e-05
2.35002e-05
3.72793e-05
4.77753e-05
5.82203e-05
6.69099e-05
7.46024e-05
8.21501e-05
6.9963e-06
1.09227e-05
1.4854e-05
1.77094e-05
3.38402e-05
4.61022e-05
5.85241e-05
6.8274e-05
7.67853e-05
8.49137e-05
6.66449e-06
1.04768e-05
1.4489e-05
1.75949e-05
2.94579e-05
4.45636e-05
5.85021e-05
6.90541e-05
7.82443e-05
8.69883e-05
6.14016e-06
1.02498e-05
1.44283e-05
1.83001e-05
2.59523e-05
4.33014e-05
5.8082e-05
6.91363e-05
7.88338e-05
8.82575e-05
5.75814e-06
1.00823e-05
1.43297e-05
1.82608e-05
2.43294e-05
4.17539e-05
5.70946e-05
6.8367e-05
7.82751e-05
8.84176e-05
5.62307e-06
1.012e-05
1.45652e-05
1.85786e-05
2.39631e-05
4.08186e-05
5.58447e-05
6.67265e-05
7.62258e-05
8.67402e-05
5.6441e-06
1.02354e-05
1.49094e-05
1.9064e-05
2.46311e-05
4.27375e-05
5.72906e-05
6.78321e-05
7.71585e-05
8.75005e-05
5.87403e-06
1.03092e-05
1.48637e-05
1.88626e-05
2.49943e-05
4.45344e-05
5.89996e-05
6.96602e-05
7.91893e-05
8.90386e-05
6.2394e-06
1.04484e-05
1.48612e-05
1.86171e-05
2.69602e-05
4.57378e-05
5.99549e-05
7.05125e-05
7.98723e-05
8.8992e-05
6.65181e-06
1.07164e-05
1.521e-05
1.84483e-05
3.05437e-05
4.66904e-05
6.02869e-05
7.04479e-05
7.93558e-05
8.78035e-05
6.99108e-06
1.09939e-05
1.55816e-05
1.87871e-05
3.45713e-05
4.78789e-05
6.01574e-05
6.96199e-05
7.78914e-05
8.57539e-05
7.22684e-06
1.12977e-05
1.59326e-05
2.44885e-05
3.79659e-05
4.91665e-05
5.96405e-05
6.8154e-05
7.56512e-05
8.29709e-05
7.49982e-06
1.1832e-05
1.62673e-05
3.01643e-05
4.1859e-05
5.04967e-05
5.88748e-05
6.61502e-05
7.27318e-05
7.9454e-05
7.56749e-06
1.20239e-05
1.65794e-05
3.60256e-05
4.5325e-05
5.1753e-05
5.7925e-05
6.3645e-05
6.91227e-05
7.50792e-05
7.13032e-06
1.18698e-05
2.17304e-05
4.05879e-05
4.76172e-05
5.24107e-05
5.65756e-05
6.05199e-05
6.46183e-05
6.94173e-05
5.9412e-06
1.05586e-05
2.74736e-05
4.31976e-05
4.86956e-05
5.19643e-05
5.44532e-05
5.68163e-05
5.93628e-05
6.24795e-05
5.94122e-06
1.05586e-05
2.74735e-05
4.31976e-05
4.86956e-05
5.19643e-05
5.44532e-05
5.68164e-05
5.93628e-05
6.24795e-05
6.42517e-06
1.13489e-05
2.14506e-05
4.08789e-05
4.7832e-05
5.24805e-05
5.64647e-05
6.02942e-05
6.43623e-05
6.91494e-05
6.77997e-06
1.15407e-05
1.57247e-05
3.62248e-05
4.56542e-05
5.1907e-05
5.77772e-05
6.3285e-05
6.87023e-05
7.46713e-05
6.62736e-06
1.09719e-05
1.51689e-05
2.93253e-05
4.23543e-05
5.06234e-05
5.85951e-05
6.5645e-05
7.21717e-05
7.89438e-05
6.29768e-06
1.02051e-05
1.47879e-05
2.27003e-05
3.82066e-05
4.90676e-05
5.91594e-05
6.74995e-05
7.49688e-05
8.23812e-05
5.94371e-06
9.67795e-06
1.44409e-05
1.68143e-05
3.3845e-05
4.73832e-05
5.94428e-05
6.88286e-05
7.71035e-05
8.51086e-05
5.44136e-06
9.18937e-06
1.38797e-05
1.62459e-05
2.82998e-05
4.56781e-05
5.93061e-05
6.95398e-05
7.84894e-05
8.71388e-05
4.88819e-06
8.7737e-06
1.34791e-05
1.65007e-05
2.35443e-05
4.40073e-05
5.87018e-05
6.95334e-05
7.89948e-05
8.83593e-05
4.5426e-06
8.7165e-06
1.34727e-05
1.69645e-05
2.11636e-05
4.22944e-05
5.75869e-05
6.86917e-05
7.83795e-05
8.84723e-05
4.67135e-06
8.89241e-06
1.37271e-05
1.75124e-05
2.09988e-05
4.13159e-05
5.625e-05
6.69746e-05
7.6296e-05
8.67188e-05
4.91366e-06
9.06025e-06
1.40651e-05
1.80565e-05
2.23654e-05
4.33005e-05
5.76362e-05
6.81215e-05
7.74456e-05
8.79722e-05
5.15066e-06
9.13326e-06
1.40897e-05
1.79708e-05
2.39217e-05
4.53743e-05
5.95027e-05
7.00505e-05
7.95604e-05
8.96582e-05
5.34379e-06
9.23197e-06
1.38008e-05
1.75221e-05
2.68362e-05
4.70512e-05
6.08106e-05
7.11299e-05
8.04317e-05
8.97348e-05
5.47752e-06
9.45864e-06
1.39111e-05
1.70751e-05
3.15713e-05
4.85835e-05
6.15266e-05
7.13198e-05
8.01419e-05
8.86738e-05
5.58409e-06
9.7113e-06
1.44668e-05
1.88423e-05
3.69468e-05
5.00671e-05
6.16801e-05
7.07055e-05
7.88574e-05
8.67398e-05
5.63326e-06
9.59595e-06
1.44235e-05
2.51418e-05
4.12402e-05
5.14777e-05
6.13364e-05
6.94002e-05
7.67511e-05
8.40394e-05
5.66517e-06
9.85802e-06
1.45825e-05
3.2289e-05
4.46496e-05
5.27516e-05
6.06022e-05
6.74748e-05
7.38986e-05
8.05563e-05
5.567e-06
1.04617e-05
1.82753e-05
3.83483e-05
4.73363e-05
5.3647e-05
5.95069e-05
6.4942e-05
7.02866e-05
7.61598e-05
5.35638e-06
1.07881e-05
2.50547e-05
4.22339e-05
4.91873e-05
5.38344e-05
5.78507e-05
6.16583e-05
6.56974e-05
7.04216e-05
5.02624e-06
1.04257e-05
3.04799e-05
4.44691e-05
4.9796e-05
5.29656e-05
5.54091e-05
5.77699e-05
6.03023e-05
6.34058e-05
)
;
    }
}


// ************************************************************************* //
