/*--------------------------------*- C++ -*----------------------------------*\
| =========                 |                                                 |
| \\      /  F ield         | OpenFOAM: The Open Source CFD Toolbox           |
|  \\    /   O peration     | Version:  1.7.1                                 |
|   \\  /    A nd           | Web:      www.OpenFOAM.com                      |
|    \\/     M anipulation  |                                                 |
\*---------------------------------------------------------------------------*/
FoamFile
{
    version     2.0;
    format      ascii;
    class       volScalarField;
    location    "1400";
    object      epsilon;
}
// * * * * * * * * * * * * * * * * * * * * * * * * * * * * * * * * * * * * * //

dimensions      [0 2 -3 0 0 0 0];

internalField   nonuniform List<scalar> 
4000
(
1.12478e-08
1.18657e-08
1.18261e-08
1.14432e-08
1.09673e-08
1.05554e-08
1.00835e-08
9.3839e-09
8.90635e-09
8.75106e-09
8.78171e-09
9.06645e-09
9.53041e-09
1.00765e-08
1.0547e-08
1.08839e-08
1.12743e-08
1.13713e-08
1.07502e-08
9.15924e-09
1.84022e-08
1.94431e-08
1.89178e-08
1.84893e-08
1.8061e-08
1.71275e-08
1.62547e-08
1.5831e-08
1.5532e-08
1.56116e-08
1.58258e-08
1.59637e-08
1.62242e-08
1.67321e-08
1.72788e-08
1.79005e-08
1.90018e-08
1.9416e-08
1.9108e-08
1.64496e-08
6.90981e-08
4.39988e-08
2.82047e-08
2.8706e-08
2.79687e-08
2.62284e-08
2.52578e-08
2.51019e-08
2.48352e-08
2.54468e-08
2.63694e-08
2.62572e-08
2.62561e-08
2.71884e-08
2.8218e-08
2.92359e-08
3.02209e-08
3.10841e-08
4.98501e-08
7.87268e-08
2.05476e-07
1.75034e-07
1.30623e-07
8.85209e-08
5.75261e-08
3.47664e-08
3.44449e-08
3.67527e-08
3.65637e-08
3.76533e-08
3.9382e-08
3.87005e-08
3.78607e-08
3.72568e-08
3.82806e-08
6.21414e-08
9.54313e-08
1.41278e-07
1.85894e-07
2.15311e-07
2.80478e-07
2.64445e-07
2.33331e-07
1.91998e-07
1.53443e-07
1.23355e-07
9.13505e-08
7.04223e-08
6.18053e-08
6.00124e-08
6.33888e-08
6.53696e-08
7.6098e-08
9.87143e-08
1.29555e-07
1.60052e-07
2.00688e-07
2.42518e-07
2.73563e-07
2.88995e-07
3.32274e-07
3.37301e-07
3.24004e-07
3.01172e-07
2.76984e-07
2.53861e-07
2.33821e-07
2.1793e-07
1.99597e-07
1.89018e-07
2.10998e-07
2.33294e-07
2.49281e-07
2.62258e-07
2.78701e-07
2.97509e-07
3.17775e-07
3.37716e-07
3.48335e-07
3.40535e-07
3.75675e-07
4.10826e-07
4.32994e-07
4.47469e-07
4.58396e-07
4.64876e-07
4.64557e-07
4.55901e-07
4.35883e-07
4.1149e-07
4.3987e-07
4.75128e-07
4.95621e-07
5.02771e-07
4.99711e-07
4.88236e-07
4.71653e-07
4.5163e-07
4.24329e-07
3.84039e-07
4.20349e-07
4.91331e-07
5.57569e-07
6.14865e-07
6.63498e-07
7.00886e-07
7.22952e-07
7.2532e-07
7.03575e-07
6.5892e-07
6.8912e-07
7.40693e-07
7.65542e-07
7.63451e-07
7.3902e-07
6.9728e-07
6.43011e-07
5.7945e-07
5.06572e-07
4.28958e-07
4.72752e-07
5.87594e-07
7.01288e-07
8.03268e-07
8.93422e-07
9.67788e-07
1.01985e-06
1.04135e-06
1.02079e-06
9.48373e-07
9.81368e-07
1.05493e-06
1.08043e-06
1.06086e-06
1.00696e-06
9.2838e-07
8.32656e-07
7.24244e-07
6.03452e-07
4.81418e-07
5.43006e-07
7.17171e-07
8.86714e-07
1.03614e-06
1.1691e-06
1.28342e-06
1.37421e-06
1.43187e-06
1.43915e-06
1.36278e-06
1.3975e-06
1.46836e-06
1.46604e-06
1.4109e-06
1.31933e-06
1.20185e-06
1.0642e-06
9.08978e-07
7.32766e-07
5.51556e-07
1.18657e-08
1.49832e-08
1.66522e-08
1.71003e-08
1.677e-08
1.64917e-08
1.62544e-08
1.54167e-08
1.45781e-08
1.4319e-08
1.44983e-08
1.52153e-08
1.6455e-08
1.7963e-08
1.90865e-08
1.91626e-08
1.88512e-08
1.78053e-08
1.47445e-08
9.78504e-09
1.94431e-08
2.09313e-08
2.23645e-08
2.3312e-08
2.43072e-08
2.31783e-08
2.08279e-08
1.91754e-08
1.79881e-08
1.77583e-08
1.80457e-08
1.84914e-08
1.94782e-08
2.14891e-08
2.42834e-08
2.4771e-08
2.41106e-08
2.39534e-08
2.14327e-08
1.80167e-08
4.39986e-08
3.95314e-08
4.13381e-08
3.77667e-08
3.42869e-08
3.20592e-08
2.80488e-08
2.5629e-08
2.40535e-08
2.36999e-08
2.42279e-08
2.48114e-08
2.57773e-08
2.90517e-08
3.51239e-08
3.7239e-08
4.29819e-08
4.56841e-08
4.25391e-08
4.87453e-08
1.75034e-07
1.72664e-07
1.29957e-07
9.72122e-08
7.40968e-08
5.6146e-08
4.30067e-08
3.6093e-08
3.2384e-08
3.13558e-08
3.25835e-08
3.47556e-08
3.88405e-08
5.02758e-08
6.86388e-08
8.17925e-08
1.05898e-07
1.42655e-07
1.89984e-07
1.88782e-07
2.64445e-07
2.65133e-07
2.33797e-07
1.81649e-07
1.37205e-07
1.11842e-07
8.79634e-08
6.3943e-08
5.04811e-08
4.6452e-08
4.96924e-08
5.61054e-08
7.43259e-08
9.68866e-08
1.17411e-07
1.44508e-07
1.9156e-07
2.42937e-07
2.72489e-07
2.76633e-07
3.37301e-07
2.98034e-07
2.77917e-07
2.52693e-07
2.1926e-07
1.81339e-07
1.53494e-07
1.32535e-07
1.09705e-07
1.00659e-07
1.16266e-07
1.35608e-07
1.51573e-07
1.72547e-07
2.00452e-07
2.38218e-07
2.68394e-07
2.90237e-07
3.08042e-07
3.49549e-07
4.10826e-07
3.58015e-07
3.57198e-07
3.57205e-07
3.54292e-07
3.35303e-07
2.96924e-07
2.63027e-07
2.38117e-07
2.23815e-07
2.43726e-07
2.71167e-07
3.03425e-07
3.38241e-07
3.73414e-07
3.83661e-07
3.79009e-07
3.73272e-07
3.70094e-07
4.22239e-07
4.91331e-07
4.55976e-07
4.83404e-07
5.1266e-07
5.44257e-07
5.68465e-07
5.70245e-07
5.44627e-07
4.99959e-07
4.49876e-07
4.79591e-07
5.46151e-07
5.93713e-07
6.16589e-07
6.08909e-07
5.77452e-07
5.3866e-07
5.03328e-07
4.70444e-07
5.01715e-07
5.87594e-07
6.38071e-07
7.3352e-07
8.23607e-07
9.1289e-07
9.91925e-07
1.04333e-06
1.05385e-06
1.00254e-06
8.73305e-07
9.08448e-07
1.0391e-06
1.09515e-06
1.08585e-06
1.03012e-06
9.45638e-07
8.50777e-07
7.55184e-07
6.54789e-07
5.97195e-07
7.17171e-07
9.4197e-07
1.17056e-06
1.38393e-06
1.58468e-06
1.76727e-06
1.92095e-06
2.02744e-06
2.05764e-06
1.97628e-06
2.01906e-06
2.09873e-06
2.07125e-06
1.96448e-06
1.80697e-06
1.61867e-06
1.41153e-06
1.19149e-06
9.56143e-07
7.25238e-07
1.18261e-08
1.66522e-08
1.90655e-08
1.97539e-08
1.96649e-08
1.97134e-08
2.01917e-08
2.01575e-08
1.98757e-08
1.9947e-08
2.02877e-08
2.10576e-08
2.23628e-08
2.38508e-08
2.48073e-08
2.43601e-08
2.31834e-08
2.1267e-08
1.73295e-08
1.02551e-08
1.89178e-08
2.23645e-08
2.42959e-08
2.60311e-08
2.72385e-08
2.60409e-08
2.40917e-08
2.28638e-08
2.20027e-08
2.21383e-08
2.26915e-08
2.31423e-08
2.40264e-08
2.5917e-08
2.8851e-08
2.95177e-08
2.77332e-08
2.60789e-08
2.36415e-08
1.83905e-08
2.82047e-08
4.13381e-08
4.29586e-08
3.93238e-08
3.91359e-08
3.68686e-08
3.23562e-08
2.97358e-08
2.78378e-08
2.72999e-08
2.80772e-08
2.94546e-08
3.08376e-08
3.43339e-08
4.21669e-08
4.39498e-08
4.46528e-08
4.78582e-08
4.34313e-08
2.86946e-08
1.30623e-07
1.29957e-07
1.09929e-07
9.2207e-08
7.89165e-08
6.40745e-08
4.91531e-08
4.13345e-08
3.65155e-08
3.43632e-08
3.59477e-08
4.09871e-08
4.66587e-08
5.97761e-08
8.33067e-08
9.17041e-08
1.017e-07
1.20686e-07
1.44731e-07
1.42806e-07
2.33331e-07
2.33797e-07
1.99733e-07
1.5712e-07
1.26646e-07
1.09298e-07
8.99992e-08
6.87868e-08
5.35994e-08
4.62604e-08
5.14454e-08
6.64335e-08
8.43962e-08
1.03694e-07
1.17767e-07
1.34987e-07
1.6767e-07
2.12248e-07
2.45988e-07
2.46822e-07
3.24004e-07
2.77917e-07
2.406e-07
2.04977e-07
1.6851e-07
1.39532e-07
1.17743e-07
1.00631e-07
8.08529e-08
7.02782e-08
8.00916e-08
9.76194e-08
1.11688e-07
1.28802e-07
1.51559e-07
1.81206e-07
2.1813e-07
2.53678e-07
2.91706e-07
3.40314e-07
4.32993e-07
3.57198e-07
3.19709e-07
2.88529e-07
2.5276e-07
2.22983e-07
1.94961e-07
1.71938e-07
1.55095e-07
1.43952e-07
1.54457e-07
1.71929e-07
1.9378e-07
2.17272e-07
2.44175e-07
2.72116e-07
3.05892e-07
3.35504e-07
3.71914e-07
4.48738e-07
5.57569e-07
4.83404e-07
4.78754e-07
4.71616e-07
4.52611e-07
4.10049e-07
3.80996e-07
3.56087e-07
3.22181e-07
2.81577e-07
3.00648e-07
3.525e-07
3.88774e-07
4.12238e-07
4.39417e-07
4.79304e-07
4.94577e-07
4.98452e-07
4.99407e-07
5.7091e-07
7.01288e-07
7.3352e-07
8.77497e-07
1.03583e-06
1.18371e-06
1.31564e-06
1.37756e-06
1.37175e-06
1.24629e-06
9.8817e-07
1.02687e-06
1.30108e-06
1.42995e-06
1.43483e-06
1.35702e-06
1.21494e-06
1.06192e-06
9.00082e-07
7.51491e-07
7.12514e-07
8.86714e-07
1.17056e-06
1.46046e-06
1.7397e-06
2.01003e-06
2.26433e-06
2.48613e-06
2.64939e-06
2.71212e-06
2.62927e-06
2.68024e-06
2.76582e-06
2.70257e-06
2.53487e-06
2.30529e-06
2.0429e-06
1.76554e-06
1.48017e-06
1.18448e-06
8.95566e-07
1.14432e-08
1.71003e-08
1.97539e-08
2.10658e-08
2.15459e-08
2.18866e-08
2.28947e-08
2.38617e-08
2.46848e-08
2.55043e-08
2.6097e-08
2.65099e-08
2.7206e-08
2.79045e-08
2.81202e-08
2.70907e-08
2.50509e-08
2.21917e-08
1.75953e-08
1.00534e-08
1.84893e-08
2.33121e-08
2.60311e-08
2.78861e-08
2.83367e-08
2.70502e-08
2.60849e-08
2.57827e-08
2.58237e-08
2.68605e-08
2.78859e-08
2.79077e-08
2.81103e-08
2.90157e-08
3.09377e-08
3.20346e-08
3.04877e-08
2.757e-08
2.39703e-08
1.7233e-08
2.8706e-08
3.77666e-08
3.93238e-08
4.06073e-08
4.15795e-08
3.81293e-08
3.49451e-08
3.31446e-08
3.17521e-08
3.20231e-08
3.32777e-08
3.43569e-08
3.55861e-08
3.76019e-08
4.39591e-08
4.77619e-08
4.52082e-08
4.26819e-08
3.85532e-08
2.71256e-08
8.85208e-08
9.72122e-08
9.2207e-08
8.56818e-08
7.73774e-08
6.28798e-08
5.0878e-08
4.45151e-08
4.0155e-08
3.89291e-08
4.08635e-08
4.55901e-08
5.19664e-08
6.15458e-08
8.27564e-08
9.56074e-08
9.68875e-08
9.89228e-08
1.02632e-07
8.97636e-08
1.91998e-07
1.81649e-07
1.5712e-07
1.33897e-07
1.18931e-07
1.07154e-07
8.96348e-08
7.03697e-08
5.6319e-08
5.07567e-08
5.53435e-08
7.01463e-08
9.01448e-08
1.09064e-07
1.20851e-07
1.28615e-07
1.43811e-07
1.68921e-07
1.9568e-07
2.06304e-07
3.01172e-07
2.52693e-07
2.04977e-07
1.66122e-07
1.3764e-07
1.16636e-07
1.01344e-07
8.9098e-08
7.67571e-08
7.19609e-08
7.72689e-08
8.7533e-08
9.76727e-08
1.0938e-07
1.25566e-07
1.47056e-07
1.76973e-07
2.18656e-07
2.69218e-07
3.19796e-07
4.47469e-07
3.57205e-07
2.88529e-07
2.33999e-07
1.98099e-07
1.73587e-07
1.55475e-07
1.42408e-07
1.32952e-07
1.25279e-07
1.30489e-07
1.40455e-07
1.52334e-07
1.66083e-07
1.8414e-07
2.09304e-07
2.47518e-07
3.04064e-07
3.74151e-07
4.65899e-07
6.14865e-07
5.1266e-07
4.71616e-07
4.29058e-07
3.96481e-07
3.84143e-07
3.80159e-07
3.72866e-07
3.43213e-07
2.93801e-07
3.09575e-07
3.6411e-07
3.9134e-07
3.94592e-07
3.95011e-07
4.07322e-07
4.45011e-07
4.89566e-07
5.28393e-07
6.3002e-07
8.03268e-07
8.23607e-07
1.03583e-06
1.32117e-06
1.51856e-06
1.68399e-06
1.8423e-06
1.90735e-06
1.772e-06
1.45877e-06
1.49181e-06
1.82051e-06
1.95554e-06
1.88178e-06
1.70407e-06
1.53091e-06
1.33481e-06
1.05284e-06
8.3924e-07
8.15303e-07
1.03614e-06
1.38393e-06
1.7397e-06
2.09083e-06
2.43843e-06
2.77765e-06
3.08711e-06
3.32824e-06
3.44269e-06
3.38241e-06
3.4429e-06
3.51109e-06
3.39139e-06
3.13953e-06
2.81749e-06
2.46781e-06
2.11314e-06
1.7572e-06
1.39712e-06
1.04532e-06
1.09674e-08
1.67701e-08
1.9665e-08
2.1546e-08
2.27454e-08
2.37598e-08
2.5111e-08
2.68622e-08
2.90616e-08
3.12598e-08
3.23083e-08
3.16881e-08
3.10274e-08
3.03166e-08
2.93104e-08
2.76169e-08
2.52299e-08
2.17327e-08
1.66554e-08
9.61525e-09
1.80611e-08
2.43073e-08
2.72386e-08
2.83367e-08
2.8072e-08
2.75654e-08
2.77324e-08
2.8386e-08
2.97193e-08
3.24423e-08
3.4402e-08
3.31259e-08
3.16853e-08
3.10554e-08
3.12493e-08
3.1764e-08
3.09027e-08
2.8254e-08
2.42059e-08
1.57531e-08
2.79687e-08
3.4287e-08
3.9136e-08
4.15795e-08
4.04837e-08
3.79295e-08
3.67108e-08
3.56366e-08
3.54063e-08
3.75358e-08
3.9926e-08
3.96175e-08
3.93671e-08
3.96085e-08
4.18094e-08
4.60288e-08
4.56603e-08
4.04875e-08
3.30163e-08
2.60737e-08
5.75259e-08
7.40968e-08
7.89165e-08
7.73774e-08
6.85864e-08
5.75365e-08
5.0406e-08
4.5613e-08
4.3404e-08
4.52991e-08
4.78766e-08
4.98755e-08
5.4255e-08
5.9854e-08
7.10124e-08
8.68178e-08
9.12087e-08
8.53018e-08
7.51563e-08
5.36983e-08
1.53443e-07
1.37206e-07
1.26646e-07
1.18931e-07
1.12607e-07
1.01402e-07
8.4459e-08
6.814e-08
5.84594e-08
5.92186e-08
6.29925e-08
7.10587e-08
8.777e-08
1.0644e-07
1.194e-07
1.24086e-07
1.27148e-07
1.34613e-07
1.45761e-07
1.6218e-07
2.76984e-07
2.1926e-07
1.6851e-07
1.3764e-07
1.17054e-07
1.0244e-07
9.27139e-08
8.49855e-08
8.04371e-08
8.50798e-08
8.72795e-08
8.79067e-08
9.29372e-08
9.93679e-08
1.10009e-07
1.24763e-07
1.46536e-07
1.80548e-07
2.36849e-07
2.95943e-07
4.58396e-07
3.54292e-07
2.5276e-07
1.98099e-07
1.67953e-07
1.50648e-07
1.41145e-07
1.38276e-07
1.3998e-07
1.44543e-07
1.42238e-07
1.38322e-07
1.38711e-07
1.43798e-07
1.54473e-07
1.73709e-07
2.07442e-07
2.67664e-07
3.73249e-07
4.77977e-07
6.63498e-07
5.44257e-07
4.52611e-07
3.96481e-07
3.99678e-07
4.24335e-07
4.52205e-07
4.6713e-07
4.43244e-07
3.85961e-07
3.94821e-07
4.50232e-07
4.68744e-07
4.49415e-07
4.19363e-07
3.97127e-07
4.01268e-07
4.66677e-07
5.59381e-07
6.79345e-07
8.93422e-07
9.12889e-07
1.18371e-06
1.51856e-06
1.86712e-06
2.26775e-06
2.58246e-06
2.73832e-06
2.57146e-06
2.12954e-06
2.16351e-06
2.61561e-06
2.77495e-06
2.61038e-06
2.27737e-06
1.85847e-06
1.51593e-06
1.19067e-06
9.25162e-07
9.05398e-07
1.1691e-06
1.58468e-06
2.01003e-06
2.43843e-06
2.88704e-06
3.34323e-06
3.77092e-06
4.1238e-06
4.33369e-06
4.3513e-06
4.43268e-06
4.42567e-06
4.20348e-06
3.83131e-06
3.38459e-06
2.91355e-06
2.45712e-06
2.02479e-06
1.59651e-06
1.17789e-06
1.05554e-08
1.64918e-08
1.97135e-08
2.18866e-08
2.37599e-08
2.54284e-08
2.72134e-08
2.95794e-08
3.31682e-08
3.77085e-08
3.9635e-08
3.67759e-08
3.40095e-08
3.16198e-08
2.95051e-08
2.72174e-08
2.43186e-08
2.04274e-08
1.54224e-08
9.15806e-09
1.71276e-08
2.31784e-08
2.60409e-08
2.70502e-08
2.75654e-08
2.83281e-08
2.95318e-08
3.12214e-08
3.43569e-08
4.02443e-08
4.41909e-08
3.97919e-08
3.53514e-08
3.25997e-08
3.09954e-08
2.99679e-08
2.86986e-08
2.63663e-08
2.26179e-08
1.47916e-08
2.62285e-08
3.20593e-08
3.68687e-08
3.81293e-08
3.79295e-08
3.79809e-08
3.80248e-08
3.79447e-08
3.96229e-08
4.50134e-08
4.94734e-08
4.59488e-08
4.24828e-08
4.08519e-08
3.99198e-08
4.0159e-08
4.03635e-08
3.69842e-08
3.00897e-08
2.51577e-08
3.47665e-08
5.61459e-08
6.40744e-08
6.28798e-08
5.75365e-08
5.26502e-08
4.88419e-08
4.60162e-08
4.70155e-08
5.55577e-08
6.13105e-08
5.63765e-08
5.51018e-08
5.73032e-08
6.04541e-08
6.6808e-08
7.36872e-08
7.21468e-08
5.89443e-08
3.19018e-08
1.23355e-07
1.11842e-07
1.09298e-07
1.07154e-07
1.01402e-07
8.9744e-08
7.58625e-08
6.46133e-08
6.10201e-08
7.20422e-08
7.72242e-08
7.23258e-08
8.05221e-08
9.53041e-08
1.08226e-07
1.14595e-07
1.14668e-07
1.13309e-07
1.144e-07
1.2306e-07
2.53861e-07
1.81339e-07
1.39532e-07
1.16635e-07
1.0244e-07
9.3229e-08
8.75632e-08
8.30457e-08
8.60709e-08
1.04813e-07
1.04362e-07
9.14755e-08
9.10718e-08
9.33162e-08
9.87359e-08
1.08207e-07
1.22905e-07
1.47777e-07
1.93697e-07
2.71413e-07
4.64877e-07
3.35303e-07
2.22983e-07
1.73587e-07
1.50648e-07
1.40777e-07
1.39336e-07
1.465e-07
1.61641e-07
1.895e-07
1.77242e-07
1.49971e-07
1.38473e-07
1.35475e-07
1.39476e-07
1.52096e-07
1.79007e-07
2.34313e-07
3.56402e-07
4.84143e-07
7.00886e-07
5.68464e-07
4.10049e-07
3.84143e-07
4.24335e-07
4.86557e-07
5.46955e-07
5.78215e-07
5.46426e-07
4.79672e-07
4.79144e-07
5.3993e-07
5.64276e-07
5.28622e-07
4.68572e-07
4.11536e-07
3.80514e-07
4.18088e-07
5.83326e-07
7.16303e-07
9.67788e-07
9.91925e-07
1.31564e-06
1.68399e-06
2.26775e-06
2.86995e-06
3.3536e-06
3.55909e-06
3.21551e-06
2.54627e-06
2.58142e-06
3.27626e-06
3.59497e-06
3.36992e-06
2.87163e-06
2.25434e-06
1.663e-06
1.31297e-06
1.00014e-06
9.78678e-07
1.28342e-06
1.76727e-06
2.26433e-06
2.77765e-06
3.34323e-06
3.93055e-06
4.5002e-06
4.99751e-06
5.35031e-06
5.51426e-06
5.63423e-06
5.48215e-06
5.10755e-06
4.57842e-06
3.98019e-06
3.37154e-06
2.79388e-06
2.27638e-06
1.7772e-06
1.29109e-06
1.00835e-08
1.62544e-08
2.01917e-08
2.28948e-08
2.5111e-08
2.72134e-08
2.951e-08
3.25808e-08
3.77473e-08
4.64435e-08
5.01258e-08
4.22486e-08
3.6639e-08
3.27373e-08
2.96133e-08
2.64897e-08
2.2956e-08
1.88676e-08
1.41249e-08
8.53585e-09
1.62547e-08
2.08279e-08
2.40917e-08
2.6085e-08
2.77324e-08
2.95318e-08
3.17582e-08
3.50694e-08
4.18331e-08
5.7908e-08
6.71277e-08
5.11659e-08
4.03594e-08
3.44178e-08
3.10594e-08
2.85901e-08
2.61675e-08
2.3311e-08
1.9425e-08
1.39482e-08
2.52579e-08
2.80489e-08
3.23563e-08
3.49452e-08
3.67108e-08
3.80249e-08
3.91146e-08
4.1139e-08
4.78646e-08
6.79616e-08
7.81442e-08
5.7985e-08
4.69278e-08
4.18609e-08
3.9149e-08
3.67811e-08
3.40557e-08
3.01557e-08
2.49938e-08
2.37312e-08
3.44451e-08
4.30067e-08
4.91531e-08
5.08781e-08
5.0406e-08
4.88419e-08
4.72773e-08
4.79191e-08
5.81023e-08
9.8727e-08
1.15535e-07
7.36495e-08
5.7743e-08
5.42134e-08
5.41085e-08
5.40024e-08
5.29046e-08
4.92567e-08
4.07096e-08
3.02085e-08
9.13507e-08
8.79633e-08
8.9999e-08
8.96346e-08
8.44589e-08
7.58624e-08
6.74334e-08
6.2669e-08
7.29298e-08
1.38811e-07
1.58011e-07
8.79632e-08
7.48922e-08
8.0743e-08
9.01017e-08
9.63721e-08
9.69808e-08
9.32863e-08
8.76667e-08
8.37954e-08
2.33821e-07
1.53494e-07
1.17743e-07
1.01344e-07
9.27138e-08
8.75632e-08
8.40162e-08
8.31956e-08
1.0052e-07
1.90804e-07
1.98292e-07
1.06094e-07
8.97779e-08
8.9023e-08
9.06691e-08
9.50845e-08
1.03983e-07
1.21618e-07
1.61063e-07
2.48096e-07
4.64557e-07
2.96925e-07
1.94961e-07
1.55475e-07
1.41145e-07
1.39336e-07
1.45992e-07
1.61693e-07
1.99036e-07
3.19855e-07
2.97926e-07
1.79324e-07
1.47248e-07
1.35705e-07
1.32806e-07
1.38147e-07
1.56333e-07
2.0065e-07
3.11022e-07
4.81306e-07
7.22952e-07
5.70244e-07
3.80996e-07
3.80158e-07
4.52205e-07
5.46955e-07
6.30278e-07
6.58274e-07
6.06597e-07
6.03662e-07
5.94624e-07
5.91662e-07
6.35087e-07
6.00406e-07
5.18631e-07
4.31162e-07
3.69708e-07
3.8255e-07
5.84156e-07
7.36653e-07
1.01985e-06
1.04333e-06
1.37756e-06
1.8423e-06
2.58246e-06
3.3536e-06
3.97059e-06
4.10167e-06
3.4276e-06
2.95491e-06
3.00531e-06
3.51625e-06
4.16729e-06
3.98032e-06
3.34259e-06
2.55914e-06
1.80876e-06
1.36233e-06
1.04582e-06
1.0284e-06
1.37421e-06
1.92095e-06
2.48613e-06
3.08711e-06
3.77091e-06
4.5002e-06
5.23701e-06
5.93089e-06
6.53832e-06
7.06418e-06
7.25696e-06
6.73184e-06
6.09005e-06
5.34648e-06
4.56606e-06
3.8051e-06
3.10256e-06
2.49539e-06
1.92835e-06
1.38009e-06
9.3839e-09
1.54167e-08
2.01575e-08
2.38617e-08
2.68622e-08
2.95794e-08
3.25807e-08
3.68616e-08
4.43237e-08
5.81617e-08
6.407e-08
4.9216e-08
3.98669e-08
3.4038e-08
2.97037e-08
2.57119e-08
2.16799e-08
1.74391e-08
1.28293e-08
7.88681e-09
1.5831e-08
1.91755e-08
2.28638e-08
2.57827e-08
2.8386e-08
3.12214e-08
3.50694e-08
4.2198e-08
5.77103e-08
9.31412e-08
1.09855e-07
7.41754e-08
4.93141e-08
3.75017e-08
3.19112e-08
2.81567e-08
2.47479e-08
2.10889e-08
1.68668e-08
1.32567e-08
2.51019e-08
2.5629e-08
2.97359e-08
3.31447e-08
3.56367e-08
3.79447e-08
4.1139e-08
4.93064e-08
7.54162e-08
1.97819e-07
2.32372e-07
9.33424e-08
5.7077e-08
4.39055e-08
3.84821e-08
3.49584e-08
3.13604e-08
2.68297e-08
2.23227e-08
2.27477e-08
3.67528e-08
3.60931e-08
4.13346e-08
4.45151e-08
4.5613e-08
4.60162e-08
4.79191e-08
5.96649e-08
1.16722e-07
4.4774e-07
5.22903e-07
1.49391e-07
7.21685e-08
5.34237e-08
4.89544e-08
4.72214e-08
4.44309e-08
3.92463e-08
3.20504e-08
3.09571e-08
7.04226e-08
6.3943e-08
6.87867e-08
7.03695e-08
6.81399e-08
6.46132e-08
6.26689e-08
7.42147e-08
1.72224e-07
8.37745e-07
9.77662e-07
2.17373e-07
8.66456e-08
7.01298e-08
7.20344e-08
7.54778e-08
7.54478e-08
7.04734e-08
6.24421e-08
5.81333e-08
2.1793e-07
1.32535e-07
1.00631e-07
8.90979e-08
8.49854e-08
8.30456e-08
8.31955e-08
9.62912e-08
2.27413e-07
1.20636e-06
1.3796e-06
2.60501e-07
1.00958e-07
8.57068e-08
8.48583e-08
8.59686e-08
9.03107e-08
1.02351e-07
1.36571e-07
2.26592e-07
4.55901e-07
2.63027e-07
1.71938e-07
1.42408e-07
1.38277e-07
1.465e-07
1.61693e-07
1.96312e-07
3.76863e-07
1.51477e-06
1.61067e-06
3.67831e-07
1.77202e-07
1.44968e-07
1.32945e-07
1.29255e-07
1.37624e-07
1.70673e-07
2.65593e-07
4.6857e-07
7.2532e-07
5.44626e-07
3.56087e-07
3.72866e-07
4.6713e-07
5.78215e-07
6.58273e-07
6.65831e-07
7.13033e-07
1.58071e-06
1.67574e-06
7.02791e-07
6.38767e-07
6.22859e-07
5.41208e-07
4.37339e-07
3.54771e-07
3.51846e-07
5.56939e-07
7.36453e-07
1.04135e-06
1.05385e-06
1.37175e-06
1.90735e-06
2.73831e-06
3.55909e-06
4.10167e-06
3.89886e-06
3.50969e-06
4.60941e-06
4.8953e-06
3.59984e-06
3.99016e-06
4.13871e-06
3.53113e-06
2.68719e-06
1.84955e-06
1.32999e-06
1.04893e-06
1.04686e-06
1.43187e-06
2.02744e-06
2.64939e-06
3.32824e-06
4.1238e-06
4.99751e-06
5.93089e-06
6.92631e-06
8.07198e-06
9.45406e-06
9.80413e-06
8.36196e-06
7.15493e-06
6.0877e-06
5.08801e-06
4.16676e-06
3.34305e-06
2.65518e-06
2.03179e-06
1.43553e-06
8.90636e-09
1.45781e-08
1.98758e-08
2.46848e-08
2.90616e-08
3.31681e-08
3.77472e-08
4.43236e-08
5.26934e-08
6.87696e-08
7.10443e-08
5.45821e-08
4.44055e-08
3.61735e-08
3.04685e-08
2.5686e-08
2.11546e-08
1.65771e-08
1.19964e-08
7.50726e-09
1.5532e-08
1.79882e-08
2.20027e-08
2.58237e-08
2.97194e-08
3.43569e-08
4.1833e-08
5.77102e-08
9.20239e-08
4.49521e-07
5.85217e-07
1.09405e-07
6.48687e-08
4.39524e-08
3.46678e-08
2.91105e-08
2.45143e-08
2.00095e-08
1.55098e-08
1.31701e-08
2.48353e-08
2.40536e-08
2.78378e-08
3.17521e-08
3.54063e-08
3.96229e-08
4.78645e-08
7.5416e-08
2.42727e-07
2.23336e-06
2.66212e-06
2.93513e-07
8.48369e-08
5.02982e-08
3.96153e-08
3.41358e-08
2.95678e-08
2.50531e-08
2.11845e-08
2.27277e-08
3.65638e-08
3.2384e-08
3.65156e-08
4.01551e-08
4.3404e-08
4.70155e-08
5.81021e-08
1.16721e-07
5.85015e-07
4.95446e-06
5.83028e-06
7.22048e-07
1.36948e-07
6.26992e-08
4.7805e-08
4.27856e-08
3.87667e-08
3.45639e-08
2.92742e-08
3.23596e-08
6.18055e-08
5.04811e-08
5.35993e-08
5.63189e-08
5.84593e-08
6.102e-08
7.29296e-08
1.72223e-07
1.16576e-06
8.48473e-06
9.96153e-06
1.46477e-06
2.0285e-07
7.67543e-08
6.21456e-08
5.98476e-08
5.80333e-08
5.37211e-08
4.53473e-08
4.76631e-08
1.99597e-07
1.09705e-07
8.08527e-08
7.6757e-08
8.04371e-08
8.60708e-08
1.00519e-07
2.27412e-07
1.74917e-06
1.1462e-05
1.35022e-05
2.12346e-06
2.49686e-07
9.67811e-08
8.18738e-08
7.81048e-08
7.8384e-08
8.78641e-08
1.20194e-07
2.05813e-07
4.35884e-07
2.38118e-07
1.55095e-07
1.32952e-07
1.3998e-07
1.61641e-07
1.99036e-07
3.76863e-07
2.13034e-06
1.26188e-05
1.48424e-05
2.49458e-06
3.69702e-07
1.77537e-07
1.43367e-07
1.26271e-07
1.22881e-07
1.47061e-07
2.32262e-07
4.45627e-07
7.03575e-07
4.99959e-07
3.2218e-07
3.43213e-07
4.43244e-07
5.46426e-07
6.06597e-07
7.13032e-07
2.11694e-06
1.11745e-05
1.30648e-05
2.41579e-06
6.95927e-07
5.69123e-07
5.04588e-07
4.06859e-07
3.18853e-07
3.12289e-07
5.06914e-07
7.12434e-07
1.02079e-06
1.00254e-06
1.24629e-06
1.772e-06
2.57146e-06
3.21551e-06
3.4276e-06
3.50969e-06
4.90489e-06
9.67785e-06
1.07547e-05
5.31717e-06
3.61284e-06
3.47273e-06
3.18598e-06
2.50003e-06
1.69182e-06
1.17106e-06
9.92318e-07
1.02416e-06
1.43915e-06
2.05765e-06
2.71212e-06
3.44269e-06
4.33369e-06
5.35031e-06
6.53832e-06
8.07198e-06
1.02272e-05
1.30178e-05
1.35661e-05
1.0716e-05
8.40729e-06
6.75481e-06
5.47088e-06
4.38688e-06
3.45636e-06
2.71408e-06
2.059e-06
1.44059e-06
8.75109e-09
1.4319e-08
1.99471e-08
2.55043e-08
3.12598e-08
3.77085e-08
4.64434e-08
5.81616e-08
6.87696e-08
6.96945e-08
7.11042e-08
6.42937e-08
5.34519e-08
4.12808e-08
3.31276e-08
2.7221e-08
2.19845e-08
1.70727e-08
1.22894e-08
7.65651e-09
1.56116e-08
1.77584e-08
2.21383e-08
2.68605e-08
3.24423e-08
4.02443e-08
5.79077e-08
9.3141e-08
4.4952e-07
7.55195e-07
8.39986e-07
6.01308e-07
1.02323e-07
5.92657e-08
4.05656e-08
3.17402e-08
2.53055e-08
1.98703e-08
1.51599e-08
1.34676e-08
2.54468e-08
2.37e-08
2.73e-08
3.20232e-08
3.75359e-08
4.50134e-08
6.79614e-08
1.97819e-07
2.23336e-06
1.92733e-06
2.01401e-06
2.83682e-06
2.28917e-07
6.90554e-08
4.4372e-08
3.5918e-08
2.9491e-08
2.43644e-08
2.0893e-08
2.33466e-08
3.76534e-08
3.13558e-08
3.43632e-08
3.89291e-08
4.52991e-08
5.55576e-08
9.87265e-08
4.47739e-07
4.95446e-06
3.74098e-06
3.7324e-06
6.23471e-06
5.28157e-07
1.02547e-07
5.49723e-08
4.36117e-08
3.66757e-08
3.18107e-08
2.84627e-08
3.40782e-08
6.00124e-08
4.6452e-08
4.62604e-08
5.07567e-08
5.92187e-08
7.20421e-08
1.3881e-07
8.37741e-07
8.48471e-06
6.22023e-06
6.01053e-06
1.0543e-05
1.00443e-06
1.43919e-07
6.95689e-08
5.6842e-08
4.86743e-08
4.44561e-08
4.08037e-08
4.69367e-08
1.89018e-07
1.00658e-07
7.02781e-08
7.1961e-08
8.50799e-08
1.04813e-07
1.90804e-07
1.20635e-06
1.14619e-05
9.11329e-06
8.63436e-06
1.42421e-05
1.43662e-06
1.87823e-07
9.61412e-08
7.87155e-08
6.89081e-08
7.5502e-08
1.11975e-07
1.94536e-07
4.1149e-07
2.23815e-07
1.43951e-07
1.25279e-07
1.44543e-07
1.895e-07
3.19855e-07
1.51476e-06
1.26188e-05
1.18304e-05
1.10662e-05
1.56815e-05
1.71279e-06
3.03409e-07
1.72112e-07
1.32451e-07
1.17893e-07
1.3658e-07
2.18071e-07
4.19151e-07
6.5892e-07
4.49876e-07
2.81576e-07
2.938e-07
3.8596e-07
4.79671e-07
6.03661e-07
1.58071e-06
1.11744e-05
1.32321e-05
1.23167e-05
1.38469e-05
1.73293e-06
5.67865e-07
4.37415e-07
3.48854e-07
2.69662e-07
2.70978e-07
4.54119e-07
6.6523e-07
9.48373e-07
8.73305e-07
9.88169e-07
1.45877e-06
2.12953e-06
2.54627e-06
2.95491e-06
4.60941e-06
9.67784e-06
1.32182e-05
1.2546e-05
1.12557e-05
5.02199e-06
3.00406e-06
2.49452e-06
2.04012e-06
1.37912e-06
9.24435e-07
8.64071e-07
9.50253e-07
1.36278e-06
1.97628e-06
2.62927e-06
3.38241e-06
4.3513e-06
5.51426e-06
7.06418e-06
9.45406e-06
1.30178e-05
1.56099e-05
1.53243e-05
1.38464e-05
9.98372e-06
7.35132e-06
5.65718e-06
4.40539e-06
3.38952e-06
2.62023e-06
1.9713e-06
1.36079e-06
8.78175e-09
1.44984e-08
2.02878e-08
2.60971e-08
3.23084e-08
3.96352e-08
5.0126e-08
6.40703e-08
7.10447e-08
7.11046e-08
7.33361e-08
6.91013e-08
5.64771e-08
4.32582e-08
3.42202e-08
2.79922e-08
2.27434e-08
1.78645e-08
1.29022e-08
7.9256e-09
1.58258e-08
1.80457e-08
2.26916e-08
2.7886e-08
3.44021e-08
4.4191e-08
6.71278e-08
1.09855e-07
5.85219e-07
8.39988e-07
9.01992e-07
7.04732e-07
1.08893e-07
6.31779e-08
4.18517e-08
3.22088e-08
2.55158e-08
2.01018e-08
1.53859e-08
1.37508e-08
2.63695e-08
2.4228e-08
2.80773e-08
3.32778e-08
3.99261e-08
4.94736e-08
7.81446e-08
2.32373e-07
2.66213e-06
2.01401e-06
2.08754e-06
3.25083e-06
2.56733e-07
7.59494e-08
4.71615e-08
3.74945e-08
3.04952e-08
2.54025e-08
2.16986e-08
2.41913e-08
3.93821e-08
3.25836e-08
3.59478e-08
4.08636e-08
4.78767e-08
6.13107e-08
1.15536e-07
5.22907e-07
5.83032e-06
3.7324e-06
3.75135e-06
7.07463e-06
5.95549e-07
1.1831e-07
6.04212e-08
4.6051e-08
3.8669e-08
3.3564e-08
2.98682e-08
3.58704e-08
6.33887e-08
4.96925e-08
5.14454e-08
5.53436e-08
6.29927e-08
7.72247e-08
1.58012e-07
9.77672e-07
9.96161e-06
6.01053e-06
5.90667e-06
1.1923e-05
1.15418e-06
1.69006e-07
7.70332e-08
6.13104e-08
5.33047e-08
4.95104e-08
4.54072e-08
5.27699e-08
2.10998e-07
1.16266e-07
8.00916e-08
7.72691e-08
8.72799e-08
1.04363e-07
1.98295e-07
1.37962e-06
1.35023e-05
8.63435e-06
8.37512e-06
1.62294e-05
1.66363e-06
2.13907e-07
1.03247e-07
8.48898e-08
7.60837e-08
8.53264e-08
1.25298e-07
2.17683e-07
4.3987e-07
2.43725e-07
1.54457e-07
1.30488e-07
1.42238e-07
1.77242e-07
2.97928e-07
1.61069e-06
1.48426e-05
1.10662e-05
1.06458e-05
1.79536e-05
1.90915e-06
3.0674e-07
1.70481e-07
1.34929e-07
1.23719e-07
1.45778e-07
2.35342e-07
4.46507e-07
6.89121e-07
4.79591e-07
3.00648e-07
3.09575e-07
3.94821e-07
4.79143e-07
5.94624e-07
1.67576e-06
1.30649e-05
1.23166e-05
1.1856e-05
1.59067e-05
1.92346e-06
5.77509e-07
4.43257e-07
3.60315e-07
2.82802e-07
2.84641e-07
4.81942e-07
6.96368e-07
9.8137e-07
9.08449e-07
1.02687e-06
1.49182e-06
2.16351e-06
2.58142e-06
3.00533e-06
4.89534e-06
1.07548e-05
1.2546e-05
1.23569e-05
1.25113e-05
5.39652e-06
3.10471e-06
2.52986e-06
2.08558e-06
1.4251e-06
9.73467e-07
9.06729e-07
9.90273e-07
1.39751e-06
2.01906e-06
2.68024e-06
3.44291e-06
4.43269e-06
5.63425e-06
7.25699e-06
9.80417e-06
1.35662e-05
1.53243e-05
1.55979e-05
1.48134e-05
1.06251e-05
7.74819e-06
5.91735e-06
4.59142e-06
3.52959e-06
2.73132e-06
2.05388e-06
1.4168e-06
9.06648e-09
1.52154e-08
2.10577e-08
2.651e-08
3.16883e-08
3.67761e-08
4.22489e-08
4.92164e-08
5.45824e-08
6.4294e-08
6.91014e-08
5.35114e-08
4.55454e-08
3.76612e-08
3.20534e-08
2.74212e-08
2.29775e-08
1.84044e-08
1.34865e-08
8.18869e-09
1.59638e-08
1.84914e-08
2.31424e-08
2.79078e-08
3.31261e-08
3.97921e-08
5.11662e-08
7.4176e-08
1.09406e-07
6.01311e-07
7.04734e-07
1.16432e-07
6.76833e-08
4.59924e-08
3.57431e-08
2.97314e-08
2.48839e-08
2.03429e-08
1.58166e-08
1.38638e-08
2.62573e-08
2.48115e-08
2.94548e-08
3.43571e-08
3.96177e-08
4.59491e-08
5.79854e-08
9.33434e-08
2.93515e-07
2.83684e-06
3.25084e-06
3.45928e-07
9.48516e-08
5.57947e-08
4.30683e-08
3.68244e-08
3.17069e-08
2.72397e-08
2.26773e-08
2.42484e-08
3.87007e-08
3.47557e-08
4.09873e-08
4.55902e-08
4.98757e-08
5.63769e-08
7.36503e-08
1.49394e-07
7.22056e-07
6.23475e-06
7.07464e-06
8.5921e-07
1.65295e-07
7.51326e-08
5.5216e-08
4.82539e-08
4.39222e-08
3.91585e-08
3.21431e-08
3.56091e-08
6.53692e-08
5.61054e-08
6.64337e-08
7.01465e-08
7.1059e-08
7.23262e-08
8.79642e-08
2.17377e-07
1.46479e-06
1.05431e-05
1.1923e-05
1.73533e-06
2.54734e-07
9.39175e-08
7.34587e-08
7.10191e-08
6.98895e-08
6.48711e-08
5.45968e-08
6.00537e-08
2.33294e-07
1.35608e-07
9.76194e-08
8.75332e-08
8.79071e-08
9.14761e-08
1.06095e-07
2.60506e-07
2.12349e-06
1.42422e-05
1.62294e-05
2.57461e-06
3.13164e-07
1.13352e-07
9.37975e-08
8.97472e-08
9.04975e-08
1.02873e-07
1.41828e-07
2.43959e-07
4.75129e-07
2.71167e-07
1.71929e-07
1.40455e-07
1.38322e-07
1.49971e-07
1.79324e-07
3.67835e-07
2.49462e-06
1.56817e-05
1.79537e-05
2.99021e-06
4.05632e-07
1.78796e-07
1.46029e-07
1.33325e-07
1.35405e-07
1.6684e-07
2.67987e-07
4.85348e-07
7.40694e-07
5.46152e-07
3.525e-07
3.6411e-07
4.50232e-07
5.39929e-07
5.91661e-07
7.02793e-07
2.41583e-06
1.3847e-05
1.59068e-05
2.86015e-06
7.2066e-07
5.69599e-07
5.16981e-07
4.29523e-07
3.44961e-07
3.38443e-07
5.48211e-07
7.5115e-07
1.05493e-06
1.0391e-06
1.30109e-06
1.82051e-06
2.61561e-06
3.27627e-06
3.51625e-06
3.59986e-06
5.31721e-06
1.12558e-05
1.25113e-05
5.88648e-06
3.73677e-06
3.45722e-06
3.22322e-06
2.59125e-06
1.78884e-06
1.25496e-06
1.0379e-06
1.06728e-06
1.46837e-06
2.09874e-06
2.76583e-06
3.5111e-06
4.42568e-06
5.48217e-06
6.73187e-06
8.362e-06
1.07161e-05
1.38465e-05
1.48134e-05
1.15536e-05
8.94394e-06
7.11369e-06
5.73528e-06
4.59366e-06
3.61978e-06
2.83879e-06
2.14727e-06
1.49515e-06
9.53044e-09
1.6455e-08
2.23629e-08
2.72062e-08
3.10277e-08
3.40097e-08
3.66392e-08
3.98672e-08
4.44057e-08
5.34521e-08
5.64773e-08
4.55454e-08
3.8796e-08
3.41493e-08
3.0532e-08
2.70991e-08
2.33952e-08
1.91667e-08
1.42257e-08
8.40464e-09
1.62243e-08
1.94782e-08
2.40265e-08
2.81104e-08
3.16854e-08
3.53515e-08
4.03596e-08
4.93144e-08
6.4869e-08
1.02323e-07
1.08893e-07
6.76834e-08
4.6706e-08
3.63919e-08
3.14438e-08
2.80438e-08
2.47168e-08
2.08632e-08
1.65174e-08
1.40122e-08
2.62562e-08
2.57774e-08
3.08377e-08
3.55863e-08
3.93673e-08
4.2483e-08
4.6928e-08
5.70774e-08
8.48376e-08
2.28919e-07
2.56733e-07
9.48517e-08
5.87478e-08
4.53694e-08
4.02174e-08
3.72471e-08
3.36972e-08
2.87651e-08
2.32332e-08
2.35088e-08
3.78608e-08
3.88406e-08
4.66588e-08
5.19666e-08
5.42552e-08
5.51021e-08
5.77434e-08
7.21692e-08
1.3695e-07
5.28163e-07
5.95551e-07
1.65295e-07
8.02109e-08
5.9052e-08
5.48998e-08
5.40961e-08
5.15392e-08
4.47336e-08
3.52384e-08
3.41396e-08
7.60974e-08
7.43258e-08
8.43964e-08
9.01452e-08
8.77704e-08
8.05225e-08
7.48926e-08
8.66465e-08
2.02853e-07
1.00444e-06
1.15419e-06
2.54735e-07
1.00391e-07
8.02149e-08
8.36076e-08
8.92825e-08
8.96498e-08
8.18557e-08
7.2367e-08
7.53187e-08
2.49281e-07
1.51572e-07
1.11688e-07
9.76728e-08
9.29375e-08
9.10722e-08
8.97783e-08
1.00959e-07
2.4969e-07
1.43664e-06
1.66363e-06
3.13164e-07
1.15717e-07
9.65056e-08
9.52754e-08
9.62909e-08
1.0158e-07
1.17277e-07
1.60943e-07
2.66765e-07
4.95622e-07
3.03424e-07
1.93779e-07
1.52334e-07
1.38711e-07
1.38473e-07
1.47247e-07
1.77202e-07
3.69704e-07
1.71281e-06
1.90916e-06
4.05632e-07
1.81139e-07
1.48214e-07
1.39455e-07
1.40192e-07
1.54325e-07
1.96538e-07
3.11764e-07
5.13938e-07
7.65543e-07
5.93713e-07
3.88774e-07
3.91339e-07
4.68744e-07
5.64275e-07
6.35086e-07
6.38766e-07
6.95928e-07
1.73295e-06
1.92347e-06
7.20661e-07
6.29647e-07
6.27864e-07
5.63925e-07
4.68653e-07
3.87728e-07
3.84096e-07
6.01379e-07
7.831e-07
1.08043e-06
1.09515e-06
1.42995e-06
1.95554e-06
2.77496e-06
3.59498e-06
4.1673e-06
3.99016e-06
3.61285e-06
5.02202e-06
5.39653e-06
3.73677e-06
3.93044e-06
4.11975e-06
3.63092e-06
2.82727e-06
1.97951e-06
1.4326e-06
1.1076e-06
1.10026e-06
1.46604e-06
2.07125e-06
2.70258e-06
3.3914e-06
4.20349e-06
5.10757e-06
6.09007e-06
7.15496e-06
8.40732e-06
9.98375e-06
1.06251e-05
8.94394e-06
7.55921e-06
6.38927e-06
5.33423e-06
4.37303e-06
3.51345e-06
2.78919e-06
2.12947e-06
1.4988e-06
1.00765e-08
1.7963e-08
2.38509e-08
2.79047e-08
3.03168e-08
3.162e-08
3.27375e-08
3.40382e-08
3.61737e-08
4.1281e-08
4.32584e-08
3.76612e-08
3.41493e-08
3.16265e-08
2.93645e-08
2.68696e-08
2.3833e-08
1.99493e-08
1.49571e-08
8.5552e-09
1.67322e-08
2.14892e-08
2.59171e-08
2.90158e-08
3.10555e-08
3.25998e-08
3.44179e-08
3.75019e-08
4.39526e-08
5.92657e-08
6.31781e-08
4.59924e-08
3.63919e-08
3.18343e-08
2.95374e-08
2.76964e-08
2.5456e-08
2.23163e-08
1.81091e-08
1.43882e-08
2.71885e-08
2.90517e-08
3.4334e-08
3.7602e-08
3.96086e-08
4.08521e-08
4.1861e-08
4.39057e-08
5.02985e-08
6.90557e-08
7.59496e-08
5.57948e-08
4.53694e-08
4.13921e-08
4.00229e-08
3.8683e-08
3.61068e-08
3.18755e-08
2.5959e-08
2.37617e-08
3.72569e-08
5.02757e-08
5.9776e-08
6.15459e-08
5.98542e-08
5.73034e-08
5.42137e-08
5.3424e-08
6.26996e-08
1.02548e-07
1.1831e-07
7.51326e-08
5.90519e-08
5.72253e-08
5.97428e-08
6.17672e-08
6.14873e-08
5.75777e-08
4.63678e-08
3.27355e-08
9.87138e-08
9.68865e-08
1.03694e-07
1.09064e-07
1.0644e-07
9.53044e-08
8.07433e-08
7.01302e-08
7.67549e-08
1.43921e-07
1.69007e-07
9.39175e-08
8.02148e-08
8.83257e-08
1.00623e-07
1.08643e-07
1.08165e-07
1.02509e-07
9.83068e-08
1.05653e-07
2.62257e-07
1.72546e-07
1.28802e-07
1.0938e-07
9.9368e-08
9.33164e-08
8.90233e-08
8.57072e-08
9.67816e-08
1.87824e-07
2.13907e-07
1.13352e-07
9.65055e-08
9.62612e-08
9.84237e-08
1.03743e-07
1.15144e-07
1.38242e-07
1.88486e-07
2.8877e-07
5.02771e-07
3.38241e-07
2.17271e-07
1.66083e-07
1.43798e-07
1.35475e-07
1.35705e-07
1.44968e-07
1.77536e-07
3.0341e-07
3.06742e-07
1.78797e-07
1.48214e-07
1.40064e-07
1.40759e-07
1.50695e-07
1.75462e-07
2.30489e-07
3.62461e-07
5.30005e-07
7.63452e-07
6.1659e-07
4.12238e-07
3.94591e-07
4.49414e-07
5.28621e-07
6.00405e-07
6.22858e-07
5.69121e-07
5.67865e-07
5.7751e-07
5.69599e-07
6.27864e-07
6.15642e-07
5.47498e-07
4.661e-07
4.06219e-07
4.19332e-07
6.30615e-07
7.88737e-07
1.06086e-06
1.08585e-06
1.43483e-06
1.88178e-06
2.61039e-06
3.36993e-06
3.98033e-06
4.13872e-06
3.47274e-06
3.00407e-06
3.10472e-06
3.45722e-06
4.11975e-06
4.06448e-06
3.48379e-06
2.71676e-06
1.95114e-06
1.48095e-06
1.11461e-06
1.08917e-06
1.4109e-06
1.96448e-06
2.53488e-06
3.13954e-06
3.83132e-06
4.57844e-06
5.34649e-06
6.08772e-06
6.75483e-06
7.35134e-06
7.7482e-06
7.1137e-06
6.38927e-06
5.60027e-06
4.78912e-06
4.00128e-06
3.27051e-06
2.63162e-06
2.03051e-06
1.44892e-06
1.0547e-08
1.90866e-08
2.48075e-08
2.81204e-08
2.93106e-08
2.95053e-08
2.96135e-08
2.97039e-08
3.04687e-08
3.31278e-08
3.42203e-08
3.20534e-08
3.0532e-08
2.93644e-08
2.80996e-08
2.64598e-08
2.4087e-08
2.05727e-08
1.56275e-08
8.67817e-09
1.72789e-08
2.42835e-08
2.8851e-08
3.09378e-08
3.12493e-08
3.09955e-08
3.10595e-08
3.19113e-08
3.46678e-08
4.05656e-08
4.18518e-08
3.57431e-08
3.14438e-08
2.95373e-08
2.87713e-08
2.82839e-08
2.72791e-08
2.48747e-08
2.05062e-08
1.48239e-08
2.82181e-08
3.51241e-08
4.2167e-08
4.39591e-08
4.18094e-08
3.99199e-08
3.91491e-08
3.84822e-08
3.96155e-08
4.43722e-08
4.71616e-08
4.30683e-08
4.02173e-08
4.00229e-08
4.0419e-08
4.12265e-08
4.17632e-08
3.91804e-08
3.20058e-08
2.5176e-08
3.82804e-08
6.8639e-08
8.3307e-08
8.27565e-08
7.10124e-08
6.04542e-08
5.41087e-08
4.89546e-08
4.78052e-08
5.49725e-08
6.04213e-08
5.5216e-08
5.48997e-08
5.97427e-08
6.56529e-08
7.31016e-08
7.92612e-08
7.66496e-08
6.24732e-08
3.83462e-08
1.29555e-07
1.17411e-07
1.17768e-07
1.20851e-07
1.194e-07
1.08227e-07
9.0102e-08
7.20347e-08
6.21459e-08
6.95692e-08
7.70333e-08
7.34585e-08
8.36074e-08
1.00623e-07
1.15727e-07
1.23061e-07
1.23752e-07
1.23417e-07
1.28373e-07
1.49897e-07
2.787e-07
2.00452e-07
1.51559e-07
1.25566e-07
1.10009e-07
9.8736e-08
9.06692e-08
8.48585e-08
8.1874e-08
9.61414e-08
1.03247e-07
9.37973e-08
9.52752e-08
9.84237e-08
1.04766e-07
1.16176e-07
1.34946e-07
1.67417e-07
2.26904e-07
3.11194e-07
4.99712e-07
3.73414e-07
2.44175e-07
1.8414e-07
1.54473e-07
1.39476e-07
1.32806e-07
1.32945e-07
1.43366e-07
1.72112e-07
1.70481e-07
1.4603e-07
1.39455e-07
1.40759e-07
1.48652e-07
1.66048e-07
1.99827e-07
2.65248e-07
4.01652e-07
5.33326e-07
7.39021e-07
6.0891e-07
4.39417e-07
3.9501e-07
4.19361e-07
4.6857e-07
5.1863e-07
5.41206e-07
5.04587e-07
4.37415e-07
4.43258e-07
5.16981e-07
5.63926e-07
5.47498e-07
4.97899e-07
4.46202e-07
4.21564e-07
4.72677e-07
6.28491e-07
7.7016e-07
1.00696e-06
1.03012e-06
1.35702e-06
1.70407e-06
2.27737e-06
2.87163e-06
3.34259e-06
3.53113e-06
3.18599e-06
2.49453e-06
2.52986e-06
3.22322e-06
3.63092e-06
3.48379e-06
3.01897e-06
2.39459e-06
1.8159e-06
1.40913e-06
1.06822e-06
1.04099e-06
1.31933e-06
1.80697e-06
2.30529e-06
2.81749e-06
3.3846e-06
3.9802e-06
4.56607e-06
5.08802e-06
5.47089e-06
5.65719e-06
5.91736e-06
5.73528e-06
5.33424e-06
4.78912e-06
4.17607e-06
3.54948e-06
2.95148e-06
2.40628e-06
1.87735e-06
1.36096e-06
1.08839e-08
1.91627e-08
2.43603e-08
2.70909e-08
2.7617e-08
2.72175e-08
2.64899e-08
2.5712e-08
2.56861e-08
2.72211e-08
2.79922e-08
2.74212e-08
2.7099e-08
2.68695e-08
2.64598e-08
2.55794e-08
2.36901e-08
2.04119e-08
1.56244e-08
8.73953e-09
1.79005e-08
2.47711e-08
2.95177e-08
3.20346e-08
3.1764e-08
2.9968e-08
2.85902e-08
2.81567e-08
2.91106e-08
3.17402e-08
3.22088e-08
2.97314e-08
2.80437e-08
2.76963e-08
2.82839e-08
2.917e-08
2.86064e-08
2.58183e-08
2.11366e-08
1.4628e-08
2.92359e-08
3.7239e-08
4.395e-08
4.77621e-08
4.60289e-08
4.0159e-08
3.67812e-08
3.49585e-08
3.41358e-08
3.59181e-08
3.74946e-08
3.68244e-08
3.7247e-08
3.8683e-08
4.12265e-08
4.55427e-08
4.66663e-08
4.25531e-08
3.47347e-08
2.51341e-08
6.21408e-08
8.17922e-08
9.17042e-08
9.56076e-08
8.6818e-08
6.68081e-08
5.40025e-08
4.72215e-08
4.27857e-08
4.36117e-08
4.6051e-08
4.82538e-08
5.4096e-08
6.17671e-08
7.31015e-08
8.67543e-08
9.02371e-08
8.49356e-08
7.73733e-08
6.5e-08
1.60052e-07
1.44507e-07
1.34988e-07
1.28616e-07
1.24087e-07
1.14595e-07
9.63725e-08
7.54781e-08
5.98479e-08
5.68421e-08
6.13104e-08
7.10189e-08
8.92822e-08
1.08642e-07
1.23061e-07
1.31049e-07
1.37788e-07
1.49001e-07
1.676e-07
1.93533e-07
2.97509e-07
2.38218e-07
1.81206e-07
1.47056e-07
1.24764e-07
1.08208e-07
9.50846e-08
8.59689e-08
7.81051e-08
7.87156e-08
8.48897e-08
8.9747e-08
9.62908e-08
1.03743e-07
1.16176e-07
1.34108e-07
1.60701e-07
2.02133e-07
2.67619e-07
3.33534e-07
4.88237e-07
3.83661e-07
2.72116e-07
2.09304e-07
1.73709e-07
1.52096e-07
1.38147e-07
1.29255e-07
1.2627e-07
1.3245e-07
1.34929e-07
1.33325e-07
1.40192e-07
1.50695e-07
1.66048e-07
1.90821e-07
2.32452e-07
3.03511e-07
4.11689e-07
5.25232e-07
6.97281e-07
5.77452e-07
4.79304e-07
4.07321e-07
3.97126e-07
4.11535e-07
4.31161e-07
4.37337e-07
4.06857e-07
3.48854e-07
3.60315e-07
4.29523e-07
4.68653e-07
4.661e-07
4.46202e-07
4.30665e-07
4.43646e-07
5.21254e-07
6.04599e-07
7.31811e-07
9.28381e-07
9.45639e-07
1.21495e-06
1.53091e-06
1.85847e-06
2.25434e-06
2.55914e-06
2.68719e-06
2.50003e-06
2.04013e-06
2.08558e-06
2.59125e-06
2.82727e-06
2.71676e-06
2.39459e-06
2.00319e-06
1.67991e-06
1.28645e-06
9.91404e-07
9.65275e-07
1.20186e-06
1.61867e-06
2.04291e-06
2.46782e-06
2.91355e-06
3.37154e-06
3.80511e-06
4.16677e-06
4.38689e-06
4.4054e-06
4.59143e-06
4.59366e-06
4.37303e-06
4.00128e-06
3.54948e-06
3.06943e-06
2.5986e-06
2.14289e-06
1.68919e-06
1.24445e-06
1.12743e-08
1.88513e-08
2.31835e-08
2.5051e-08
2.523e-08
2.43187e-08
2.29562e-08
2.16801e-08
2.11548e-08
2.19846e-08
2.27434e-08
2.29775e-08
2.33951e-08
2.38329e-08
2.4087e-08
2.369e-08
2.20083e-08
1.90543e-08
1.4921e-08
8.78537e-09
1.90019e-08
2.41107e-08
2.77333e-08
3.04877e-08
3.09027e-08
2.86987e-08
2.61675e-08
2.47479e-08
2.45144e-08
2.53056e-08
2.55158e-08
2.48839e-08
2.47168e-08
2.5456e-08
2.7279e-08
2.86064e-08
2.72428e-08
2.42947e-08
2.05828e-08
1.50917e-08
3.02209e-08
4.29818e-08
4.46528e-08
4.52084e-08
4.56604e-08
4.03635e-08
3.40557e-08
3.13604e-08
2.95679e-08
2.9491e-08
3.04952e-08
3.17069e-08
3.36971e-08
3.61067e-08
4.17631e-08
4.66663e-08
4.56585e-08
4.24049e-08
3.7558e-08
2.55376e-08
9.54306e-08
1.05897e-07
1.01699e-07
9.68874e-08
9.12089e-08
7.36873e-08
5.29046e-08
4.44309e-08
3.87668e-08
3.66757e-08
3.8669e-08
4.39221e-08
5.15391e-08
6.1487e-08
7.9261e-08
9.02371e-08
9.23725e-08
9.95651e-08
1.10487e-07
1.09651e-07
2.00687e-07
1.9156e-07
1.6767e-07
1.43811e-07
1.27148e-07
1.14668e-07
9.6981e-08
7.54481e-08
5.80335e-08
4.86744e-08
5.33046e-08
6.98892e-08
8.96495e-08
1.08165e-07
1.23752e-07
1.37788e-07
1.58726e-07
1.87975e-07
2.17375e-07
2.33544e-07
3.17775e-07
2.68394e-07
2.1813e-07
1.76973e-07
1.46536e-07
1.22905e-07
1.03983e-07
9.03109e-08
7.83843e-08
6.89082e-08
7.60835e-08
9.04973e-08
1.0158e-07
1.15144e-07
1.34946e-07
1.60701e-07
1.952e-07
2.38093e-07
2.92867e-07
3.54468e-07
4.71654e-07
3.7901e-07
3.05892e-07
2.47518e-07
2.07442e-07
1.79007e-07
1.56333e-07
1.37624e-07
1.22881e-07
1.17893e-07
1.23718e-07
1.35405e-07
1.54325e-07
1.75462e-07
1.99827e-07
2.32452e-07
2.79055e-07
3.37041e-07
4.07566e-07
5.08418e-07
6.43011e-07
5.38661e-07
4.94577e-07
4.45011e-07
4.01268e-07
3.80514e-07
3.69707e-07
3.5477e-07
3.18853e-07
2.69662e-07
2.82802e-07
3.44961e-07
3.87728e-07
4.06218e-07
4.21564e-07
4.43646e-07
5.02203e-07
5.42956e-07
5.72086e-07
6.77757e-07
8.32658e-07
8.50778e-07
1.06192e-06
1.33481e-06
1.51593e-06
1.663e-06
1.80876e-06
1.84955e-06
1.69182e-06
1.37912e-06
1.4251e-06
1.78884e-06
1.97952e-06
1.95114e-06
1.8159e-06
1.67991e-06
1.43404e-06
1.13582e-06
9.00181e-07
8.69056e-07
1.0642e-06
1.41153e-06
1.76554e-06
2.11315e-06
2.45713e-06
2.79388e-06
3.10256e-06
3.34306e-06
3.45637e-06
3.38953e-06
3.5296e-06
3.61979e-06
3.51345e-06
3.27051e-06
2.95148e-06
2.5986e-06
2.23111e-06
1.85783e-06
1.47749e-06
1.10473e-06
1.13713e-08
1.78054e-08
2.12671e-08
2.21918e-08
2.17328e-08
2.04276e-08
1.88677e-08
1.74392e-08
1.65772e-08
1.70728e-08
1.78645e-08
1.84044e-08
1.91666e-08
1.99492e-08
2.05726e-08
2.04119e-08
1.90543e-08
1.68035e-08
1.36076e-08
8.67746e-09
1.94161e-08
2.39535e-08
2.60789e-08
2.757e-08
2.82539e-08
2.63663e-08
2.3311e-08
2.10889e-08
2.00095e-08
1.98703e-08
2.01018e-08
2.03429e-08
2.08631e-08
2.23162e-08
2.48746e-08
2.58183e-08
2.42947e-08
2.26251e-08
2.06054e-08
1.61879e-08
3.1084e-08
4.5684e-08
4.78581e-08
4.2682e-08
4.04875e-08
3.69841e-08
3.01556e-08
2.68297e-08
2.50531e-08
2.43645e-08
2.54025e-08
2.72397e-08
2.8765e-08
3.18753e-08
3.91802e-08
4.2553e-08
4.24048e-08
4.30636e-08
4.31129e-08
3.61272e-08
1.41277e-07
1.42655e-07
1.20685e-07
9.89223e-08
8.53017e-08
7.2147e-08
4.92567e-08
3.92462e-08
3.45639e-08
3.18107e-08
3.3564e-08
3.91584e-08
4.47334e-08
5.75774e-08
7.66493e-08
8.49355e-08
9.9565e-08
1.30294e-07
1.61911e-07
1.61493e-07
2.42518e-07
2.42938e-07
2.12249e-07
1.68921e-07
1.34613e-07
1.13309e-07
9.32864e-08
7.04736e-08
5.37212e-08
4.44561e-08
4.95103e-08
6.48709e-08
8.18554e-08
1.02508e-07
1.23416e-07
1.49e-07
1.87975e-07
2.27772e-07
2.57231e-07
2.69181e-07
3.37717e-07
2.90237e-07
2.53678e-07
2.18656e-07
1.80548e-07
1.47777e-07
1.21618e-07
1.02351e-07
8.78644e-08
7.55022e-08
8.53262e-08
1.02873e-07
1.17277e-07
1.38242e-07
1.67417e-07
2.02132e-07
2.38093e-07
2.72336e-07
3.10519e-07
3.69539e-07
4.51631e-07
3.73273e-07
3.35504e-07
3.04065e-07
2.67664e-07
2.34313e-07
2.0065e-07
1.70673e-07
1.47061e-07
1.3658e-07
1.45777e-07
1.66839e-07
1.96538e-07
2.30489e-07
2.65248e-07
3.03511e-07
3.37041e-07
3.66631e-07
4.00996e-07
4.84128e-07
5.79451e-07
5.03329e-07
4.98452e-07
4.89566e-07
4.66677e-07
4.18088e-07
3.8255e-07
3.51846e-07
3.12289e-07
2.70978e-07
2.84641e-07
3.38443e-07
3.84096e-07
4.19332e-07
4.72676e-07
5.21254e-07
5.42956e-07
5.46417e-07
5.40419e-07
6.11023e-07
7.24246e-07
7.55185e-07
9.00083e-07
1.05284e-06
1.19067e-06
1.31297e-06
1.36233e-06
1.32998e-06
1.17106e-06
9.24437e-07
9.73469e-07
1.25496e-06
1.4326e-06
1.48095e-06
1.40913e-06
1.28645e-06
1.13582e-06
9.68999e-07
8.04926e-07
7.57187e-07
9.0898e-07
1.19149e-06
1.48017e-06
1.7572e-06
2.02479e-06
2.27638e-06
2.49539e-06
2.65518e-06
2.71409e-06
2.62024e-06
2.73133e-06
2.83879e-06
2.78919e-06
2.63162e-06
2.40628e-06
2.14289e-06
1.85783e-06
1.56017e-06
1.24912e-06
9.44604e-07
1.07503e-08
1.47446e-08
1.73295e-08
1.75953e-08
1.66555e-08
1.54225e-08
1.4125e-08
1.28294e-08
1.19964e-08
1.22894e-08
1.29022e-08
1.34865e-08
1.42256e-08
1.4957e-08
1.56274e-08
1.56243e-08
1.4921e-08
1.36076e-08
1.16194e-08
8.44508e-09
1.9108e-08
2.14328e-08
2.36415e-08
2.39703e-08
2.42058e-08
2.26178e-08
1.94251e-08
1.68669e-08
1.55099e-08
1.51599e-08
1.53859e-08
1.58165e-08
1.65173e-08
1.8109e-08
2.05061e-08
2.11366e-08
2.05828e-08
2.06054e-08
1.99851e-08
1.68882e-08
4.98496e-08
4.2539e-08
4.34313e-08
3.85532e-08
3.30163e-08
3.00897e-08
2.49938e-08
2.23227e-08
2.11845e-08
2.08931e-08
2.16986e-08
2.26773e-08
2.32331e-08
2.59588e-08
3.20057e-08
3.47347e-08
3.75579e-08
4.31129e-08
5.58346e-08
6.39504e-08
1.85894e-07
1.89983e-07
1.4473e-07
1.02632e-07
7.51561e-08
5.89444e-08
4.07096e-08
3.20504e-08
2.92742e-08
2.84627e-08
2.98682e-08
3.2143e-08
3.52383e-08
4.63675e-08
6.2473e-08
7.7373e-08
1.10487e-07
1.61911e-07
2.07272e-07
2.02952e-07
2.73563e-07
2.7249e-07
2.45989e-07
1.9568e-07
1.45761e-07
1.144e-07
8.76665e-08
6.24421e-08
4.53473e-08
4.08037e-08
4.54072e-08
5.45966e-08
7.23667e-08
9.83063e-08
1.28373e-07
1.67599e-07
2.17374e-07
2.57231e-07
2.82577e-07
2.95844e-07
3.48336e-07
3.08043e-07
2.91706e-07
2.69219e-07
2.36849e-07
1.93696e-07
1.61063e-07
1.36571e-07
1.20194e-07
1.11975e-07
1.25298e-07
1.41828e-07
1.60943e-07
1.88486e-07
2.26904e-07
2.67619e-07
2.92867e-07
3.10519e-07
3.23893e-07
3.72418e-07
4.2433e-07
3.70094e-07
3.71915e-07
3.74152e-07
3.73249e-07
3.56402e-07
3.11022e-07
2.65593e-07
2.32262e-07
2.18071e-07
2.35342e-07
2.67986e-07
3.11764e-07
3.62461e-07
4.01652e-07
4.11689e-07
4.07566e-07
4.00996e-07
3.94077e-07
4.49139e-07
5.06572e-07
4.70445e-07
4.99408e-07
5.28394e-07
5.59381e-07
5.83326e-07
5.84156e-07
5.56939e-07
5.06914e-07
4.5412e-07
4.81943e-07
5.48212e-07
6.0138e-07
6.30615e-07
6.28492e-07
6.04599e-07
5.72087e-07
5.40419e-07
5.03812e-07
5.31623e-07
6.03452e-07
6.5479e-07
7.51491e-07
8.39241e-07
9.25162e-07
1.00014e-06
1.04582e-06
1.04893e-06
9.92319e-07
8.64073e-07
9.06732e-07
1.0379e-06
1.1076e-06
1.11461e-06
1.06822e-06
9.91404e-07
9.00181e-07
8.04926e-07
6.98201e-07
6.30239e-07
7.32767e-07
9.56144e-07
1.18448e-06
1.39712e-06
1.59651e-06
1.7772e-06
1.92835e-06
2.03179e-06
2.05901e-06
1.9713e-06
2.05389e-06
2.14727e-06
2.12947e-06
2.03051e-06
1.87735e-06
1.6892e-06
1.4775e-06
1.24912e-06
1.00281e-06
7.61195e-07
9.15927e-09
9.78507e-09
1.02551e-08
1.00535e-08
9.61529e-09
9.1581e-09
8.5359e-09
7.88685e-09
7.50728e-09
7.65651e-09
7.92558e-09
8.18866e-09
8.40459e-09
8.55515e-09
8.67812e-09
8.73949e-09
8.78534e-09
8.67744e-09
8.44507e-09
8.06366e-09
1.64497e-08
1.80167e-08
1.83906e-08
1.72331e-08
1.57532e-08
1.47917e-08
1.39483e-08
1.32568e-08
1.31702e-08
1.34676e-08
1.37507e-08
1.38638e-08
1.40121e-08
1.43881e-08
1.48238e-08
1.4628e-08
1.50917e-08
1.61878e-08
1.68882e-08
1.62289e-08
7.87263e-08
4.87451e-08
2.86947e-08
2.71256e-08
2.60738e-08
2.51578e-08
2.37312e-08
2.27477e-08
2.27278e-08
2.33466e-08
2.41913e-08
2.42484e-08
2.35088e-08
2.37616e-08
2.51759e-08
2.5134e-08
2.55376e-08
3.61269e-08
6.39501e-08
9.58148e-08
2.15311e-07
1.88782e-07
1.42806e-07
8.97632e-08
5.36981e-08
3.19019e-08
3.02086e-08
3.09571e-08
3.23596e-08
3.40783e-08
3.58704e-08
3.56091e-08
3.41396e-08
3.27354e-08
3.83459e-08
6.49995e-08
1.0965e-07
1.61493e-07
2.02951e-07
2.29925e-07
2.88995e-07
2.76633e-07
2.46822e-07
2.06304e-07
1.6218e-07
1.2306e-07
8.37948e-08
5.81328e-08
4.76627e-08
4.69365e-08
5.27697e-08
6.00535e-08
7.53185e-08
1.05652e-07
1.49896e-07
1.93532e-07
2.33544e-07
2.69181e-07
2.95843e-07
3.04917e-07
3.40535e-07
3.4955e-07
3.40315e-07
3.19796e-07
2.95943e-07
2.71413e-07
2.48095e-07
2.26591e-07
2.05813e-07
1.94536e-07
2.17683e-07
2.43959e-07
2.66765e-07
2.8877e-07
3.11194e-07
3.33534e-07
3.54467e-07
3.69539e-07
3.72418e-07
3.56933e-07
3.8404e-07
4.2224e-07
4.48738e-07
4.65899e-07
4.77977e-07
4.84143e-07
4.81306e-07
4.6857e-07
4.45627e-07
4.19151e-07
4.46507e-07
4.85349e-07
5.13939e-07
5.30005e-07
5.33326e-07
5.25233e-07
5.08418e-07
4.84128e-07
4.49139e-07
4.01145e-07
4.28958e-07
5.01716e-07
5.70911e-07
6.30021e-07
6.79345e-07
7.16303e-07
7.36653e-07
7.36454e-07
7.12434e-07
6.65232e-07
6.9637e-07
7.51151e-07
7.83101e-07
7.88738e-07
7.70161e-07
7.31812e-07
6.77757e-07
6.11024e-07
5.31623e-07
4.47465e-07
4.81419e-07
5.97196e-07
7.12515e-07
8.15303e-07
9.05398e-07
9.78678e-07
1.0284e-06
1.04686e-06
1.02416e-06
9.50255e-07
9.90276e-07
1.06728e-06
1.10026e-06
1.08917e-06
1.04099e-06
9.65276e-07
8.69056e-07
7.57188e-07
6.3024e-07
5.01202e-07
5.51557e-07
7.25239e-07
8.95567e-07
1.04532e-06
1.17789e-06
1.29109e-06
1.3801e-06
1.43553e-06
1.44059e-06
1.36079e-06
1.4168e-06
1.49515e-06
1.4988e-06
1.44892e-06
1.36096e-06
1.24445e-06
1.10473e-06
9.44605e-07
7.61196e-07
5.72987e-07
)
;

boundaryField
{
    floor
    {
        type            compressible::epsilonWallFunction;
        Cmu             0.09;
        kappa           0.41;
        E               9.8;
        value           nonuniform List<scalar> 
400
(
1.12478e-08
1.18657e-08
1.18261e-08
1.14432e-08
1.09674e-08
1.05554e-08
1.00835e-08
9.3839e-09
8.90636e-09
8.75109e-09
8.78175e-09
9.06648e-09
9.53044e-09
1.00765e-08
1.0547e-08
1.08839e-08
1.12743e-08
1.13713e-08
1.07503e-08
9.15927e-09
1.18657e-08
1.49832e-08
1.66522e-08
1.71003e-08
1.67701e-08
1.64918e-08
1.62544e-08
1.54167e-08
1.45781e-08
1.4319e-08
1.44984e-08
1.52154e-08
1.6455e-08
1.7963e-08
1.90866e-08
1.91627e-08
1.88513e-08
1.78054e-08
1.47446e-08
9.78507e-09
1.18261e-08
1.66522e-08
1.90655e-08
1.97539e-08
1.9665e-08
1.97135e-08
2.01917e-08
2.01575e-08
1.98758e-08
1.99471e-08
2.02878e-08
2.10577e-08
2.23629e-08
2.38509e-08
2.48075e-08
2.43603e-08
2.31835e-08
2.12671e-08
1.73295e-08
1.02551e-08
1.14432e-08
1.71003e-08
1.97539e-08
2.10658e-08
2.1546e-08
2.18866e-08
2.28948e-08
2.38617e-08
2.46848e-08
2.55043e-08
2.60971e-08
2.651e-08
2.72062e-08
2.79047e-08
2.81204e-08
2.70909e-08
2.5051e-08
2.21918e-08
1.75953e-08
1.00535e-08
1.09673e-08
1.677e-08
1.96649e-08
2.15459e-08
2.27454e-08
2.37599e-08
2.5111e-08
2.68622e-08
2.90616e-08
3.12598e-08
3.23084e-08
3.16883e-08
3.10277e-08
3.03168e-08
2.93106e-08
2.7617e-08
2.523e-08
2.17328e-08
1.66555e-08
9.61529e-09
1.05554e-08
1.64917e-08
1.97134e-08
2.18866e-08
2.37598e-08
2.54284e-08
2.72134e-08
2.95794e-08
3.31681e-08
3.77085e-08
3.96352e-08
3.67761e-08
3.40097e-08
3.162e-08
2.95053e-08
2.72175e-08
2.43187e-08
2.04276e-08
1.54225e-08
9.1581e-09
1.00835e-08
1.62544e-08
2.01917e-08
2.28947e-08
2.5111e-08
2.72134e-08
2.951e-08
3.25807e-08
3.77472e-08
4.64434e-08
5.0126e-08
4.22489e-08
3.66392e-08
3.27375e-08
2.96135e-08
2.64899e-08
2.29562e-08
1.88677e-08
1.4125e-08
8.5359e-09
9.3839e-09
1.54167e-08
2.01575e-08
2.38617e-08
2.68622e-08
2.95794e-08
3.25808e-08
3.68616e-08
4.43236e-08
5.81616e-08
6.40703e-08
4.92164e-08
3.98672e-08
3.40382e-08
2.97039e-08
2.5712e-08
2.16801e-08
1.74392e-08
1.28294e-08
7.88685e-09
8.90635e-09
1.45781e-08
1.98757e-08
2.46848e-08
2.90616e-08
3.31682e-08
3.77473e-08
4.43237e-08
5.26934e-08
6.87696e-08
7.10447e-08
5.45824e-08
4.44057e-08
3.61737e-08
3.04687e-08
2.56861e-08
2.11548e-08
1.65772e-08
1.19964e-08
7.50728e-09
8.75106e-09
1.4319e-08
1.9947e-08
2.55043e-08
3.12598e-08
3.77085e-08
4.64435e-08
5.81617e-08
6.87696e-08
6.96945e-08
7.11046e-08
6.4294e-08
5.34521e-08
4.1281e-08
3.31278e-08
2.72211e-08
2.19846e-08
1.70728e-08
1.22894e-08
7.65651e-09
8.78171e-09
1.44983e-08
2.02877e-08
2.6097e-08
3.23083e-08
3.9635e-08
5.01258e-08
6.407e-08
7.10443e-08
7.11042e-08
7.33361e-08
6.91014e-08
5.64773e-08
4.32584e-08
3.42203e-08
2.79922e-08
2.27434e-08
1.78645e-08
1.29022e-08
7.92558e-09
9.06645e-09
1.52153e-08
2.10576e-08
2.65099e-08
3.16881e-08
3.67759e-08
4.22486e-08
4.9216e-08
5.45821e-08
6.42937e-08
6.91013e-08
5.35114e-08
4.55454e-08
3.76612e-08
3.20534e-08
2.74212e-08
2.29775e-08
1.84044e-08
1.34865e-08
8.18866e-09
9.53041e-09
1.6455e-08
2.23628e-08
2.7206e-08
3.10274e-08
3.40095e-08
3.6639e-08
3.98669e-08
4.44055e-08
5.34519e-08
5.64771e-08
4.55454e-08
3.8796e-08
3.41493e-08
3.0532e-08
2.7099e-08
2.33951e-08
1.91666e-08
1.42256e-08
8.40459e-09
1.00765e-08
1.7963e-08
2.38508e-08
2.79045e-08
3.03166e-08
3.16198e-08
3.27373e-08
3.4038e-08
3.61735e-08
4.12808e-08
4.32582e-08
3.76612e-08
3.41493e-08
3.16265e-08
2.93644e-08
2.68695e-08
2.38329e-08
1.99492e-08
1.4957e-08
8.55515e-09
1.0547e-08
1.90865e-08
2.48073e-08
2.81202e-08
2.93104e-08
2.95051e-08
2.96133e-08
2.97037e-08
3.04685e-08
3.31276e-08
3.42202e-08
3.20534e-08
3.0532e-08
2.93645e-08
2.80996e-08
2.64598e-08
2.4087e-08
2.05726e-08
1.56274e-08
8.67812e-09
1.08839e-08
1.91626e-08
2.43601e-08
2.70907e-08
2.76169e-08
2.72174e-08
2.64897e-08
2.57119e-08
2.5686e-08
2.7221e-08
2.79922e-08
2.74212e-08
2.70991e-08
2.68696e-08
2.64598e-08
2.55794e-08
2.369e-08
2.04119e-08
1.56243e-08
8.73949e-09
1.12743e-08
1.88512e-08
2.31834e-08
2.50509e-08
2.52299e-08
2.43186e-08
2.2956e-08
2.16799e-08
2.11546e-08
2.19845e-08
2.27434e-08
2.29775e-08
2.33952e-08
2.3833e-08
2.4087e-08
2.36901e-08
2.20083e-08
1.90543e-08
1.4921e-08
8.78534e-09
1.13713e-08
1.78053e-08
2.1267e-08
2.21917e-08
2.17327e-08
2.04274e-08
1.88676e-08
1.74391e-08
1.65771e-08
1.70727e-08
1.78645e-08
1.84044e-08
1.91667e-08
1.99493e-08
2.05727e-08
2.04119e-08
1.90543e-08
1.68035e-08
1.36076e-08
8.67744e-09
1.07502e-08
1.47445e-08
1.73295e-08
1.75953e-08
1.66554e-08
1.54224e-08
1.41249e-08
1.28293e-08
1.19964e-08
1.22894e-08
1.29022e-08
1.34865e-08
1.42257e-08
1.49571e-08
1.56275e-08
1.56244e-08
1.4921e-08
1.36076e-08
1.16194e-08
8.44507e-09
9.15924e-09
9.78504e-09
1.02551e-08
1.00534e-08
9.61525e-09
9.15806e-09
8.53585e-09
7.88681e-09
7.50726e-09
7.65651e-09
7.9256e-09
8.18869e-09
8.40464e-09
8.5552e-09
8.67817e-09
8.73953e-09
8.78537e-09
8.67746e-09
8.44508e-09
8.06366e-09
)
;
    }
    ceiling
    {
        type            compressible::epsilonWallFunction;
        Cmu             0.09;
        kappa           0.41;
        E               9.8;
        value           nonuniform List<scalar> 
400
(
5.43006e-07
7.17171e-07
8.86714e-07
1.03614e-06
1.1691e-06
1.28342e-06
1.37421e-06
1.43187e-06
1.43915e-06
1.36278e-06
1.39751e-06
1.46837e-06
1.46604e-06
1.4109e-06
1.31933e-06
1.20186e-06
1.0642e-06
9.0898e-07
7.32767e-07
5.51557e-07
7.17171e-07
9.4197e-07
1.17056e-06
1.38393e-06
1.58468e-06
1.76727e-06
1.92095e-06
2.02744e-06
2.05765e-06
1.97628e-06
2.01906e-06
2.09874e-06
2.07125e-06
1.96448e-06
1.80697e-06
1.61867e-06
1.41153e-06
1.19149e-06
9.56144e-07
7.25239e-07
8.86714e-07
1.17056e-06
1.46046e-06
1.7397e-06
2.01003e-06
2.26433e-06
2.48613e-06
2.64939e-06
2.71212e-06
2.62927e-06
2.68024e-06
2.76583e-06
2.70258e-06
2.53488e-06
2.30529e-06
2.04291e-06
1.76554e-06
1.48017e-06
1.18448e-06
8.95567e-07
1.03614e-06
1.38393e-06
1.7397e-06
2.09083e-06
2.43843e-06
2.77765e-06
3.08711e-06
3.32824e-06
3.44269e-06
3.38241e-06
3.44291e-06
3.5111e-06
3.3914e-06
3.13954e-06
2.81749e-06
2.46782e-06
2.11315e-06
1.7572e-06
1.39712e-06
1.04532e-06
1.1691e-06
1.58468e-06
2.01003e-06
2.43843e-06
2.88704e-06
3.34323e-06
3.77091e-06
4.1238e-06
4.33369e-06
4.3513e-06
4.43269e-06
4.42568e-06
4.20349e-06
3.83132e-06
3.3846e-06
2.91355e-06
2.45713e-06
2.02479e-06
1.59651e-06
1.17789e-06
1.28342e-06
1.76727e-06
2.26433e-06
2.77765e-06
3.34323e-06
3.93055e-06
4.5002e-06
4.99751e-06
5.35031e-06
5.51426e-06
5.63425e-06
5.48217e-06
5.10757e-06
4.57844e-06
3.9802e-06
3.37154e-06
2.79388e-06
2.27638e-06
1.7772e-06
1.29109e-06
1.37421e-06
1.92095e-06
2.48613e-06
3.08711e-06
3.77092e-06
4.5002e-06
5.23701e-06
5.93089e-06
6.53832e-06
7.06418e-06
7.25699e-06
6.73187e-06
6.09007e-06
5.34649e-06
4.56607e-06
3.80511e-06
3.10256e-06
2.49539e-06
1.92835e-06
1.3801e-06
1.43187e-06
2.02744e-06
2.64939e-06
3.32824e-06
4.1238e-06
4.99751e-06
5.93089e-06
6.92631e-06
8.07198e-06
9.45406e-06
9.80417e-06
8.362e-06
7.15496e-06
6.08772e-06
5.08802e-06
4.16677e-06
3.34306e-06
2.65518e-06
2.03179e-06
1.43553e-06
1.43915e-06
2.05764e-06
2.71212e-06
3.44269e-06
4.33369e-06
5.35031e-06
6.53832e-06
8.07198e-06
1.02272e-05
1.30178e-05
1.35662e-05
1.07161e-05
8.40732e-06
6.75483e-06
5.47089e-06
4.38689e-06
3.45637e-06
2.71409e-06
2.05901e-06
1.44059e-06
1.36278e-06
1.97628e-06
2.62927e-06
3.38241e-06
4.3513e-06
5.51426e-06
7.06418e-06
9.45406e-06
1.30178e-05
1.56099e-05
1.53243e-05
1.38465e-05
9.98375e-06
7.35134e-06
5.65719e-06
4.4054e-06
3.38953e-06
2.62024e-06
1.9713e-06
1.36079e-06
1.3975e-06
2.01906e-06
2.68024e-06
3.4429e-06
4.43268e-06
5.63423e-06
7.25696e-06
9.80413e-06
1.35661e-05
1.53243e-05
1.55979e-05
1.48134e-05
1.06251e-05
7.7482e-06
5.91736e-06
4.59143e-06
3.5296e-06
2.73133e-06
2.05389e-06
1.4168e-06
1.46836e-06
2.09873e-06
2.76582e-06
3.51109e-06
4.42567e-06
5.48215e-06
6.73184e-06
8.36196e-06
1.0716e-05
1.38464e-05
1.48134e-05
1.15536e-05
8.94394e-06
7.1137e-06
5.73528e-06
4.59366e-06
3.61979e-06
2.83879e-06
2.14727e-06
1.49515e-06
1.46604e-06
2.07125e-06
2.70257e-06
3.39139e-06
4.20348e-06
5.10755e-06
6.09005e-06
7.15493e-06
8.40729e-06
9.98372e-06
1.06251e-05
8.94394e-06
7.55921e-06
6.38927e-06
5.33424e-06
4.37303e-06
3.51345e-06
2.78919e-06
2.12947e-06
1.4988e-06
1.4109e-06
1.96448e-06
2.53487e-06
3.13953e-06
3.83131e-06
4.57842e-06
5.34648e-06
6.0877e-06
6.75481e-06
7.35132e-06
7.74819e-06
7.11369e-06
6.38927e-06
5.60027e-06
4.78912e-06
4.00128e-06
3.27051e-06
2.63162e-06
2.03051e-06
1.44892e-06
1.31933e-06
1.80697e-06
2.30529e-06
2.81749e-06
3.38459e-06
3.98019e-06
4.56606e-06
5.08801e-06
5.47088e-06
5.65718e-06
5.91735e-06
5.73528e-06
5.33423e-06
4.78912e-06
4.17607e-06
3.54948e-06
2.95148e-06
2.40628e-06
1.87735e-06
1.36096e-06
1.20185e-06
1.61867e-06
2.0429e-06
2.46781e-06
2.91355e-06
3.37154e-06
3.8051e-06
4.16676e-06
4.38688e-06
4.40539e-06
4.59142e-06
4.59366e-06
4.37303e-06
4.00128e-06
3.54948e-06
3.06943e-06
2.5986e-06
2.14289e-06
1.6892e-06
1.24445e-06
1.0642e-06
1.41153e-06
1.76554e-06
2.11314e-06
2.45712e-06
2.79388e-06
3.10256e-06
3.34305e-06
3.45636e-06
3.38952e-06
3.52959e-06
3.61978e-06
3.51345e-06
3.27051e-06
2.95148e-06
2.5986e-06
2.23111e-06
1.85783e-06
1.4775e-06
1.10473e-06
9.08978e-07
1.19149e-06
1.48017e-06
1.7572e-06
2.02479e-06
2.27638e-06
2.49539e-06
2.65518e-06
2.71408e-06
2.62023e-06
2.73132e-06
2.83879e-06
2.78919e-06
2.63162e-06
2.40628e-06
2.14289e-06
1.85783e-06
1.56017e-06
1.24912e-06
9.44605e-07
7.32766e-07
9.56143e-07
1.18448e-06
1.39712e-06
1.59651e-06
1.7772e-06
1.92835e-06
2.03179e-06
2.059e-06
1.9713e-06
2.05388e-06
2.14727e-06
2.12947e-06
2.03051e-06
1.87735e-06
1.68919e-06
1.47749e-06
1.24912e-06
1.00281e-06
7.61196e-07
5.51556e-07
7.25238e-07
8.95566e-07
1.04532e-06
1.17789e-06
1.29109e-06
1.38009e-06
1.43553e-06
1.44059e-06
1.36079e-06
1.4168e-06
1.49515e-06
1.4988e-06
1.44892e-06
1.36096e-06
1.24445e-06
1.10473e-06
9.44604e-07
7.61195e-07
5.72987e-07
)
;
    }
    fixedWalls
    {
        type            compressible::epsilonWallFunction;
        Cmu             0.09;
        kappa           0.41;
        E               9.8;
        value           nonuniform List<scalar> 
800
(
1.12478e-08
1.84022e-08
6.90981e-08
2.05476e-07
2.80478e-07
3.32274e-07
3.75675e-07
4.20349e-07
4.72752e-07
5.43006e-07
1.18657e-08
1.94431e-08
4.39986e-08
1.75034e-07
2.64445e-07
3.37301e-07
4.10826e-07
4.91331e-07
5.87594e-07
7.17171e-07
1.18261e-08
1.89178e-08
2.82047e-08
1.30623e-07
2.33331e-07
3.24004e-07
4.32993e-07
5.57569e-07
7.01288e-07
8.86714e-07
1.14432e-08
1.84893e-08
2.8706e-08
8.85208e-08
1.91998e-07
3.01172e-07
4.47469e-07
6.14865e-07
8.03268e-07
1.03614e-06
1.09674e-08
1.80611e-08
2.79687e-08
5.75259e-08
1.53443e-07
2.76984e-07
4.58396e-07
6.63498e-07
8.93422e-07
1.1691e-06
1.05554e-08
1.71276e-08
2.62285e-08
3.47665e-08
1.23355e-07
2.53861e-07
4.64877e-07
7.00886e-07
9.67788e-07
1.28342e-06
1.00835e-08
1.62547e-08
2.52579e-08
3.44451e-08
9.13507e-08
2.33821e-07
4.64557e-07
7.22952e-07
1.01985e-06
1.37421e-06
9.3839e-09
1.5831e-08
2.51019e-08
3.67528e-08
7.04226e-08
2.1793e-07
4.55901e-07
7.2532e-07
1.04135e-06
1.43187e-06
8.90636e-09
1.5532e-08
2.48353e-08
3.65638e-08
6.18055e-08
1.99597e-07
4.35884e-07
7.03575e-07
1.02079e-06
1.43915e-06
8.75109e-09
1.56116e-08
2.54468e-08
3.76534e-08
6.00124e-08
1.89018e-07
4.1149e-07
6.5892e-07
9.48373e-07
1.36278e-06
8.78175e-09
1.58258e-08
2.63695e-08
3.93821e-08
6.33887e-08
2.10998e-07
4.3987e-07
6.89121e-07
9.8137e-07
1.39751e-06
9.06648e-09
1.59638e-08
2.62573e-08
3.87007e-08
6.53692e-08
2.33294e-07
4.75129e-07
7.40694e-07
1.05493e-06
1.46837e-06
9.53044e-09
1.62243e-08
2.62562e-08
3.78608e-08
7.60974e-08
2.49281e-07
4.95622e-07
7.65543e-07
1.08043e-06
1.46604e-06
1.00765e-08
1.67322e-08
2.71885e-08
3.72569e-08
9.87138e-08
2.62257e-07
5.02771e-07
7.63452e-07
1.06086e-06
1.4109e-06
1.0547e-08
1.72789e-08
2.82181e-08
3.82804e-08
1.29555e-07
2.787e-07
4.99712e-07
7.39021e-07
1.00696e-06
1.31933e-06
1.08839e-08
1.79005e-08
2.92359e-08
6.21408e-08
1.60052e-07
2.97509e-07
4.88237e-07
6.97281e-07
9.28381e-07
1.20186e-06
1.12743e-08
1.90019e-08
3.02209e-08
9.54306e-08
2.00687e-07
3.17775e-07
4.71654e-07
6.43011e-07
8.32658e-07
1.0642e-06
1.13713e-08
1.94161e-08
3.1084e-08
1.41277e-07
2.42518e-07
3.37717e-07
4.51631e-07
5.79451e-07
7.24246e-07
9.0898e-07
1.07503e-08
1.9108e-08
4.98496e-08
1.85894e-07
2.73563e-07
3.48336e-07
4.2433e-07
5.06572e-07
6.03452e-07
7.32767e-07
9.15927e-09
1.64497e-08
7.87263e-08
2.15311e-07
2.88995e-07
3.40535e-07
3.8404e-07
4.28958e-07
4.81419e-07
5.51557e-07
9.15924e-09
1.64496e-08
7.87268e-08
2.15311e-07
2.88995e-07
3.40535e-07
3.84039e-07
4.28958e-07
4.81418e-07
5.51556e-07
9.78504e-09
1.80167e-08
4.87453e-08
1.88782e-07
2.76633e-07
3.49549e-07
4.22239e-07
5.01715e-07
5.97195e-07
7.25238e-07
1.02551e-08
1.83905e-08
2.86946e-08
1.42806e-07
2.46822e-07
3.40314e-07
4.48738e-07
5.7091e-07
7.12514e-07
8.95566e-07
1.00534e-08
1.7233e-08
2.71256e-08
8.97636e-08
2.06304e-07
3.19796e-07
4.65899e-07
6.3002e-07
8.15303e-07
1.04532e-06
9.61525e-09
1.57531e-08
2.60737e-08
5.36983e-08
1.6218e-07
2.95943e-07
4.77977e-07
6.79345e-07
9.05398e-07
1.17789e-06
9.15806e-09
1.47916e-08
2.51577e-08
3.19018e-08
1.2306e-07
2.71413e-07
4.84143e-07
7.16303e-07
9.78678e-07
1.29109e-06
8.53585e-09
1.39482e-08
2.37312e-08
3.02085e-08
8.37954e-08
2.48096e-07
4.81306e-07
7.36653e-07
1.0284e-06
1.38009e-06
7.88681e-09
1.32567e-08
2.27477e-08
3.09571e-08
5.81333e-08
2.26592e-07
4.6857e-07
7.36453e-07
1.04686e-06
1.43553e-06
7.50726e-09
1.31701e-08
2.27277e-08
3.23596e-08
4.76631e-08
2.05813e-07
4.45627e-07
7.12434e-07
1.02416e-06
1.44059e-06
7.65651e-09
1.34676e-08
2.33466e-08
3.40782e-08
4.69367e-08
1.94536e-07
4.19151e-07
6.6523e-07
9.50253e-07
1.36079e-06
7.9256e-09
1.37508e-08
2.41913e-08
3.58704e-08
5.27699e-08
2.17683e-07
4.46507e-07
6.96368e-07
9.90273e-07
1.4168e-06
8.18869e-09
1.38638e-08
2.42484e-08
3.56091e-08
6.00537e-08
2.43959e-07
4.85348e-07
7.5115e-07
1.06728e-06
1.49515e-06
8.40464e-09
1.40122e-08
2.35088e-08
3.41396e-08
7.53187e-08
2.66765e-07
5.13938e-07
7.831e-07
1.10026e-06
1.4988e-06
8.5552e-09
1.43882e-08
2.37617e-08
3.27355e-08
1.05653e-07
2.8877e-07
5.30005e-07
7.88737e-07
1.08917e-06
1.44892e-06
8.67817e-09
1.48239e-08
2.5176e-08
3.83462e-08
1.49897e-07
3.11194e-07
5.33326e-07
7.7016e-07
1.04099e-06
1.36096e-06
8.73953e-09
1.4628e-08
2.51341e-08
6.5e-08
1.93533e-07
3.33534e-07
5.25232e-07
7.31811e-07
9.65275e-07
1.24445e-06
8.78537e-09
1.50917e-08
2.55376e-08
1.09651e-07
2.33544e-07
3.54468e-07
5.08418e-07
6.77757e-07
8.69056e-07
1.10473e-06
8.67746e-09
1.61879e-08
3.61272e-08
1.61493e-07
2.69181e-07
3.69539e-07
4.84128e-07
6.11023e-07
7.57187e-07
9.44604e-07
8.44508e-09
1.68882e-08
6.39504e-08
2.02952e-07
2.95844e-07
3.72418e-07
4.49139e-07
5.31623e-07
6.30239e-07
7.61195e-07
8.06366e-09
1.62289e-08
9.58148e-08
2.29925e-07
3.04917e-07
3.56933e-07
4.01145e-07
4.47465e-07
5.01202e-07
5.72987e-07
1.12478e-08
1.84022e-08
6.90981e-08
2.05476e-07
2.80478e-07
3.32274e-07
3.75675e-07
4.20349e-07
4.72752e-07
5.43006e-07
1.18657e-08
1.94431e-08
4.39988e-08
1.75034e-07
2.64445e-07
3.37301e-07
4.10826e-07
4.91331e-07
5.87594e-07
7.17171e-07
1.18261e-08
1.89178e-08
2.82047e-08
1.30623e-07
2.33331e-07
3.24004e-07
4.32994e-07
5.57569e-07
7.01288e-07
8.86714e-07
1.14432e-08
1.84893e-08
2.8706e-08
8.85209e-08
1.91998e-07
3.01172e-07
4.47469e-07
6.14865e-07
8.03268e-07
1.03614e-06
1.09673e-08
1.8061e-08
2.79687e-08
5.75261e-08
1.53443e-07
2.76984e-07
4.58396e-07
6.63498e-07
8.93422e-07
1.1691e-06
1.05554e-08
1.71275e-08
2.62284e-08
3.47664e-08
1.23355e-07
2.53861e-07
4.64876e-07
7.00886e-07
9.67788e-07
1.28342e-06
1.00835e-08
1.62547e-08
2.52578e-08
3.44449e-08
9.13505e-08
2.33821e-07
4.64557e-07
7.22952e-07
1.01985e-06
1.37421e-06
9.3839e-09
1.5831e-08
2.51019e-08
3.67527e-08
7.04223e-08
2.1793e-07
4.55901e-07
7.2532e-07
1.04135e-06
1.43187e-06
8.90635e-09
1.5532e-08
2.48352e-08
3.65637e-08
6.18053e-08
1.99597e-07
4.35883e-07
7.03575e-07
1.02079e-06
1.43915e-06
8.75106e-09
1.56116e-08
2.54468e-08
3.76533e-08
6.00124e-08
1.89018e-07
4.1149e-07
6.5892e-07
9.48373e-07
1.36278e-06
8.78171e-09
1.58258e-08
2.63694e-08
3.9382e-08
6.33888e-08
2.10998e-07
4.3987e-07
6.8912e-07
9.81368e-07
1.3975e-06
9.06645e-09
1.59637e-08
2.62572e-08
3.87005e-08
6.53696e-08
2.33294e-07
4.75128e-07
7.40693e-07
1.05493e-06
1.46836e-06
9.53041e-09
1.62242e-08
2.62561e-08
3.78607e-08
7.6098e-08
2.49281e-07
4.95621e-07
7.65542e-07
1.08043e-06
1.46604e-06
1.00765e-08
1.67321e-08
2.71884e-08
3.72568e-08
9.87143e-08
2.62258e-07
5.02771e-07
7.63451e-07
1.06086e-06
1.4109e-06
1.0547e-08
1.72788e-08
2.8218e-08
3.82806e-08
1.29555e-07
2.78701e-07
4.99711e-07
7.3902e-07
1.00696e-06
1.31933e-06
1.08839e-08
1.79005e-08
2.92359e-08
6.21414e-08
1.60052e-07
2.97509e-07
4.88236e-07
6.9728e-07
9.2838e-07
1.20185e-06
1.12743e-08
1.90018e-08
3.02209e-08
9.54313e-08
2.00688e-07
3.17775e-07
4.71653e-07
6.43011e-07
8.32656e-07
1.0642e-06
1.13713e-08
1.9416e-08
3.10841e-08
1.41278e-07
2.42518e-07
3.37716e-07
4.5163e-07
5.7945e-07
7.24244e-07
9.08978e-07
1.07502e-08
1.9108e-08
4.98501e-08
1.85894e-07
2.73563e-07
3.48335e-07
4.24329e-07
5.06572e-07
6.03452e-07
7.32766e-07
9.15924e-09
1.64496e-08
7.87268e-08
2.15311e-07
2.88995e-07
3.40535e-07
3.84039e-07
4.28958e-07
4.81418e-07
5.51556e-07
9.15927e-09
1.64497e-08
7.87263e-08
2.15311e-07
2.88995e-07
3.40535e-07
3.8404e-07
4.28958e-07
4.81419e-07
5.51557e-07
9.78507e-09
1.80167e-08
4.87451e-08
1.88782e-07
2.76633e-07
3.4955e-07
4.2224e-07
5.01716e-07
5.97196e-07
7.25239e-07
1.02551e-08
1.83906e-08
2.86947e-08
1.42806e-07
2.46822e-07
3.40315e-07
4.48738e-07
5.70911e-07
7.12515e-07
8.95567e-07
1.00535e-08
1.72331e-08
2.71256e-08
8.97632e-08
2.06304e-07
3.19796e-07
4.65899e-07
6.30021e-07
8.15303e-07
1.04532e-06
9.61529e-09
1.57532e-08
2.60738e-08
5.36981e-08
1.6218e-07
2.95943e-07
4.77977e-07
6.79345e-07
9.05398e-07
1.17789e-06
9.1581e-09
1.47917e-08
2.51578e-08
3.19019e-08
1.2306e-07
2.71413e-07
4.84143e-07
7.16303e-07
9.78678e-07
1.29109e-06
8.5359e-09
1.39483e-08
2.37312e-08
3.02086e-08
8.37948e-08
2.48095e-07
4.81306e-07
7.36653e-07
1.0284e-06
1.3801e-06
7.88685e-09
1.32568e-08
2.27477e-08
3.09571e-08
5.81328e-08
2.26591e-07
4.6857e-07
7.36454e-07
1.04686e-06
1.43553e-06
7.50728e-09
1.31702e-08
2.27278e-08
3.23596e-08
4.76627e-08
2.05813e-07
4.45627e-07
7.12434e-07
1.02416e-06
1.44059e-06
7.65651e-09
1.34676e-08
2.33466e-08
3.40783e-08
4.69365e-08
1.94536e-07
4.19151e-07
6.65232e-07
9.50255e-07
1.36079e-06
7.92558e-09
1.37507e-08
2.41913e-08
3.58704e-08
5.27697e-08
2.17683e-07
4.46507e-07
6.9637e-07
9.90276e-07
1.4168e-06
8.18866e-09
1.38638e-08
2.42484e-08
3.56091e-08
6.00535e-08
2.43959e-07
4.85349e-07
7.51151e-07
1.06728e-06
1.49515e-06
8.40459e-09
1.40121e-08
2.35088e-08
3.41396e-08
7.53185e-08
2.66765e-07
5.13939e-07
7.83101e-07
1.10026e-06
1.4988e-06
8.55515e-09
1.43881e-08
2.37616e-08
3.27354e-08
1.05652e-07
2.8877e-07
5.30005e-07
7.88738e-07
1.08917e-06
1.44892e-06
8.67812e-09
1.48238e-08
2.51759e-08
3.83459e-08
1.49896e-07
3.11194e-07
5.33326e-07
7.70161e-07
1.04099e-06
1.36096e-06
8.73949e-09
1.4628e-08
2.5134e-08
6.49995e-08
1.93532e-07
3.33534e-07
5.25233e-07
7.31812e-07
9.65276e-07
1.24445e-06
8.78534e-09
1.50917e-08
2.55376e-08
1.0965e-07
2.33544e-07
3.54467e-07
5.08418e-07
6.77757e-07
8.69056e-07
1.10473e-06
8.67744e-09
1.61878e-08
3.61269e-08
1.61493e-07
2.69181e-07
3.69539e-07
4.84128e-07
6.11024e-07
7.57188e-07
9.44605e-07
8.44507e-09
1.68882e-08
6.39501e-08
2.02951e-07
2.95843e-07
3.72418e-07
4.49139e-07
5.31623e-07
6.3024e-07
7.61196e-07
8.06366e-09
1.62289e-08
9.58148e-08
2.29925e-07
3.04917e-07
3.56933e-07
4.01145e-07
4.47465e-07
5.01202e-07
5.72987e-07
)
;
    }
}


// ************************************************************************* //
