/*--------------------------------*- C++ -*----------------------------------*\
| =========                 |                                                 |
| \\      /  F ield         | OpenFOAM: The Open Source CFD Toolbox           |
|  \\    /   O peration     | Version:  1.7.1                                 |
|   \\  /    A nd           | Web:      www.OpenFOAM.com                      |
|    \\/     M anipulation  |                                                 |
\*---------------------------------------------------------------------------*/
FoamFile
{
    version     2.0;
    format      ascii;
    class       volScalarField;
    location    "1400";
    object      p_rgh;
}
// * * * * * * * * * * * * * * * * * * * * * * * * * * * * * * * * * * * * * //

dimensions      [1 -1 -2 0 0 0 0];

internalField   nonuniform List<scalar> 
4000
(
100120
100120
100120
100120
100120
100120
100120
100120
100120
100120
100120
100120
100120
100120
100120
100120
100120
100120
100120
100120
100120
100120
100120
100120
100120
100120
100120
100120
100120
100120
100120
100120
100120
100120
100120
100120
100120
100120
100120
100120
100120
100120
100120
100120
100120
100120
100120
100120
100120
100120
100120
100120
100120
100120
100120
100120
100120
100120
100120
100120
100120
100120
100120
100120
100120
100120
100120
100120
100120
100120
100120
100120
100120
100120
100120
100120
100120
100120
100120
100120
100120
100120
100120
100120
100120
100120
100120
100120
100120
100120
100120
100120
100120
100120
100120
100120
100120
100120
100120
100120
100120
100120
100120
100120
100120
100120
100120
100120
100120
100120
100120
100120
100120
100120
100120
100120
100120
100120
100120
100120
100120
100120
100120
100120
100120
100120
100120
100120
100120
100120
100120
100120
100120
100120
100120
100120
100120
100120
100120
100120
100120
100120
100120
100120
100120
100120
100120
100120
100120
100120
100120
100120
100120
100120
100120
100120
100120
100120
100120
100120
100120
100120
100120
100120
100120
100120
100120
100120
100120
100120
100120
100120
100120
100120
100120
100120
100120
100120
100120
100120
100120
100120
100120
100120
100120
100120
100120
100120
100120
100120
100120
100120
100120
100120
100120
100120
100120
100120
100120
100120
100120
100120
100120
100120
100120
100120
100120
100120
100120
100120
100120
100120
100120
100120
100120
100120
100120
100120
100120
100120
100120
100120
100120
100120
100120
100120
100120
100120
100120
100120
100120
100120
100120
100120
100120
100120
100120
100120
100120
100120
100120
100120
100120
100120
100120
100120
100120
100120
100120
100120
100120
100120
100120
100120
100120
100120
100120
100120
100120
100120
100120
100120
100120
100120
100120
100120
100120
100120
100120
100120
100120
100120
100120
100120
100120
100120
100120
100120
100120
100120
100120
100120
100120
100120
100120
100120
100120
100120
100120
100120
100120
100120
100120
100120
100120
100120
100120
100120
100120
100120
100120
100120
100120
100120
100120
100120
100120
100120
100120
100120
100120
100120
100120
100120
100120
100120
100120
100120
100120
100120
100120
100120
100120
100120
100120
100120
100120
100120
100120
100120
100120
100120
100120
100120
100120
100120
100120
100120
100120
100120
100120
100120
100120
100120
100120
100120
100120
100120
100120
100120
100120
100120
100120
100120
100120
100120
100120
100120
100120
100120
100120
100120
100120
100120
100120
100120
100120
100120
100120
100120
100120
100120
100120
100120
100120
100120
100120
100120
100120
100120
100120
100120
100120
100120
100120
100120
100120
100120
100120
100120
100120
100120
100120
100120
100120
100120
100120
100120
100120
100120
100120
100120
100120
100120
100120
100120
100120
100120
100120
100120
100120
100120
100120
100120
100120
100120
100120
100120
100120
100120
100120
100120
100120
100120
100120
100120
100120
100120
100120
100120
100120
100120
100120
100120
100120
100120
100120
100120
100120
100120
100120
100120
100120
100120
100120
100120
100120
100120
100120
100120
100120
100120
100120
100120
100120
100120
100120
100120
100120
100120
100120
100120
100120
100120
100120
100120
100120
100120
100120
100120
100120
100120
100120
100120
100120
100120
100120
100120
100120
100120
100120
100120
100120
100120
100120
100120
100120
100120
100120
100120
100120
100120
100120
100120
100120
100120
100120
100120
100120
100120
100120
100120
100120
100120
100120
100120
100120
100120
100120
100120
100120
100120
100120
100120
100120
100120
100120
100120
100120
100120
100120
100120
100120
100120
100120
100120
100120
100120
100120
100120
100120
100120
100120
100120
100120
100120
100120
100120
100120
100120
100120
100120
100120
100120
100120
100120
100120
100120
100120
100120
100120
100120
100120
100120
100120
100120
100120
100120
100120
100120
100120
100120
100120
100120
100120
100120
100120
100120
100120
100120
100120
100120
100120
100120
100120
100120
100120
100120
100120
100120
100120
100120
100120
100120
100120
100120
100120
100120
100120
100120
100120
100120
100120
100120
100120
100120
100120
100120
100120
100120
100120
100120
100120
100120
100120
100120
100120
100120
100120
100120
100120
100120
100120
100120
100120
100120
100120
100120
100120
100120
100120
100120
100120
100120
100120
100120
100120
100120
100120
100120
100120
100120
100120
100120
100120
100120
100120
100120
100120
100120
100120
100120
100120
100120
100120
100120
100120
100120
100120
100120
100120
100120
100120
100120
100120
100120
100120
100120
100120
100120
100120
100120
100120
100120
100120
100120
100120
100120
100120
100120
100120
100120
100120
100120
100120
100120
100120
100120
100120
100120
100120
100120
100120
100120
100120
100120
100120
100120
100120
100120
100120
100120
100120
100120
100120
100120
100120
100120
100120
100120
100120
100120
100120
100120
100120
100120
100120
100120
100120
100120
100120
100120
100120
100120
100120
100120
100120
100120
100120
100120
100120
100120
100120
100120
100120
100120
100120
100120
100120
100120
100120
100120
100120
100120
100120
100120
100120
100120
100120
100120
100120
100120
100120
100120
100120
100120
100120
100120
100120
100120
100120
100120
100120
100120
100120
100120
100120
100120
100120
100120
100120
100120
100120
100120
100120
100120
100120
100120
100120
100120
100120
100120
100120
100120
100120
100120
100120
100120
100120
100120
100120
100120
100120
100120
100120
100120
100120
100120
100120
100120
100120
100120
100120
100120
100120
100120
100120
100120
100120
100120
100120
100120
100120
100120
100120
100120
100120
100120
100120
100120
100120
100120
100120
100120
100120
100120
100120
100120
100120
100120
100120
100120
100120
100120
100120
100120
100120
100120
100120
100120
100120
100120
100120
100120
100120
100120
100120
100120
100120
100120
100120
100120
100120
100120
100120
100120
100120
100120
100120
100120
100120
100120
100120
100120
100120
100120
100120
100120
100120
100120
100120
100120
100120
100120
100120
100120
100120
100120
100120
100120
100120
100120
100120
100120
100120
100120
100120
100120
100120
100120
100120
100120
100120
100120
100120
100120
100120
100120
100120
100120
100120
100120
100120
100120
100120
100120
100120
100120
100120
100120
100120
100120
100120
100120
100120
100120
100120
100120
100120
100120
100120
100120
100120
100120
100120
100120
100120
100120
100120
100120
100120
100120
100120
100120
100120
100120
100120
100120
100120
100120
100120
100120
100120
100120
100120
100120
100120
100120
100120
100120
100120
100120
100120
100120
100120
100120
100120
100120
100120
100120
100120
100120
100120
100120
100120
100120
100120
100120
100120
100120
100120
100120
100120
100120
100120
100120
100120
100120
100120
100120
100120
100120
100120
100120
100120
100120
100120
100120
100120
100120
100120
100120
100120
100120
100120
100120
100120
100120
100120
100120
100120
100120
100120
100120
100120
100120
100120
100120
100120
100120
100120
100120
100120
100120
100120
100120
100120
100120
100120
100120
100120
100120
100120
100120
100120
100120
100120
100120
100120
100120
100120
100120
100120
100120
100120
100120
100120
100120
100120
100120
100120
100120
100120
100120
100120
100120
100120
100120
100120
100120
100120
100120
100120
100120
100120
100120
100120
100120
100120
100120
100120
100120
100120
100120
100120
100120
100120
100120
100120
100120
100120
100120
100120
100120
100120
100120
100120
100120
100120
100120
100120
100120
100120
100120
100120
100120
100120
100120
100120
100120
100120
100120
100120
100120
100120
100120
100120
100120
100120
100120
100120
100120
100120
100120
100120
100120
100120
100120
100120
100120
100120
100120
100120
100120
100120
100120
100120
100120
100120
100120
100120
100120
100120
100120
100120
100120
100120
100120
100120
100120
100120
100120
100120
100120
100120
100120
100120
100120
100120
100120
100120
100120
100120
100120
100120
100120
100120
100120
100120
100120
100120
100120
100120
100120
100120
100120
100120
100120
100120
100120
100120
100120
100120
100120
100120
100120
100120
100120
100120
100120
100120
100120
100120
100120
100120
100120
100120
100120
100120
100120
100120
100120
100120
100120
100120
100120
100120
100120
100120
100120
100120
100120
100120
100120
100120
100120
100120
100120
100120
100120
100120
100120
100120
100120
100120
100120
100120
100120
100120
100120
100120
100120
100120
100120
100120
100120
100120
100120
100120
100120
100120
100120
100120
100120
100120
100120
100120
100120
100120
100120
100120
100120
100120
100120
100120
100120
100120
100120
100120
100120
100120
100120
100120
100120
100120
100120
100120
100120
100120
100120
100120
100120
100120
100120
100120
100120
100120
100120
100120
100120
100120
100120
100120
100120
100120
100120
100120
100120
100120
100120
100120
100120
100120
100120
100120
100120
100120
100120
100120
100120
100120
100120
100120
100120
100120
100120
100120
100120
100120
100120
100120
100120
100120
100120
100120
100120
100120
100120
100120
100120
100120
100120
100120
100120
100120
100120
100120
100120
100120
100120
100120
100120
100120
100120
100120
100120
100120
100120
100120
100120
100120
100120
100120
100120
100120
100120
100120
100120
100120
100120
100120
100120
100120
100120
100120
100120
100120
100120
100120
100120
100120
100120
100120
100120
100120
100120
100120
100120
100120
100120
100120
100120
100120
100120
100120
100120
100120
100120
100120
100120
100120
100120
100120
100120
100120
100120
100120
100120
100120
100120
100120
100120
100120
100120
100120
100120
100120
100120
100120
100120
100120
100120
100120
100120
100120
100120
100120
100120
100120
100120
100120
100120
100120
100120
100120
100120
100120
100120
100120
100120
100120
100120
100120
100120
100120
100120
100120
100120
100120
100120
100120
100120
100120
100120
100120
100120
100120
100120
100120
100120
100120
100120
100120
100120
100120
100120
100120
100120
100120
100120
100120
100120
100120
100120
100120
100120
100120
100120
100120
100120
100120
100120
100120
100120
100120
100120
100120
100120
100120
100120
100120
100120
100120
100120
100120
100120
100120
100120
100120
100120
100120
100120
100120
100120
100120
100120
100120
100120
100120
100120
100120
100120
100120
100120
100120
100120
100120
100120
100120
100120
100120
100120
100120
100120
100120
100120
100120
100120
100120
100120
100120
100120
100120
100120
100120
100120
100120
100120
100120
100120
100120
100120
100120
100120
100120
100120
100120
100120
100120
100120
100120
100120
100120
100120
100120
100120
100120
100120
100120
100120
100120
100120
100120
100120
100120
100120
100120
100120
100120
100120
100120
100120
100120
100120
100120
100120
100120
100120
100120
100120
100120
100120
100120
100120
100120
100120
100120
100120
100120
100120
100120
100120
100120
100120
100120
100120
100120
100120
100120
100120
100120
100120
100120
100120
100120
100120
100120
100120
100120
100120
100120
100120
100120
100120
100120
100120
100120
100120
100120
100120
100120
100120
100120
100120
100120
100120
100120
100120
100120
100120
100120
100120
100120
100120
100120
100120
100120
100120
100120
100120
100120
100120
100120
100120
100120
100120
100120
100120
100120
100120
100120
100120
100120
100120
100120
100120
100120
100120
100120
100120
100120
100120
100120
100120
100120
100120
100120
100120
100120
100120
100120
100120
100120
100120
100120
100120
100120
100120
100120
100120
100120
100120
100120
100120
100120
100120
100120
100120
100120
100120
100120
100120
100120
100120
100120
100120
100120
100120
100120
100120
100120
100120
100120
100120
100120
100120
100120
100120
100120
100120
100120
100120
100120
100120
100120
100120
100120
100120
100120
100120
100120
100120
100120
100120
100120
100120
100120
100120
100120
100120
100120
100120
100120
100120
100120
100120
100120
100120
100120
100120
100120
100120
100120
100120
100120
100120
100120
100120
100120
100120
100120
100120
100120
100120
100120
100120
100120
100120
100120
100120
100120
100120
100120
100120
100120
100120
100120
100120
100120
100120
100120
100120
100120
100120
100120
100120
100120
100120
100120
100120
100120
100120
100120
100120
100120
100120
100120
100120
100120
100120
100120
100120
100120
100120
100120
100120
100120
100120
100120
100120
100120
100120
100120
100120
100120
100120
100120
100120
100120
100120
100120
100120
100120
100120
100120
100120
100120
100120
100120
100120
100120
100120
100120
100120
100120
100120
100120
100120
100120
100120
100120
100120
100120
100120
100120
100120
100120
100120
100120
100120
100120
100120
100120
100120
100120
100120
100120
100120
100120
100120
100120
100120
100120
100120
100120
100120
100120
100120
100120
100120
100120
100120
100120
100120
100120
100120
100120
100120
100120
100120
100120
100120
100120
100120
100120
100120
100120
100120
100120
100120
100120
100120
100120
100120
100120
100120
100120
100120
100120
100120
100120
100120
100120
100120
100120
100120
100120
100120
100120
100120
100120
100120
100120
100120
100120
100120
100120
100120
100120
100120
100120
100120
100120
100120
100120
100120
100120
100120
100120
100120
100120
100120
100120
100120
100120
100120
100120
100120
100120
100120
100120
100120
100120
100120
100120
100120
100120
100120
100120
100120
100120
100120
100120
100120
100120
100120
100120
100120
100120
100120
100120
100120
100120
100120
100120
100120
100120
100120
100120
100120
100120
100120
100120
100120
100120
100120
100120
100120
100120
100120
100120
100120
100120
100120
100120
100120
100120
100120
100120
100120
100120
100120
100120
100120
100120
100120
100120
100120
100120
100120
100120
100120
100120
100120
100120
100120
100120
100120
100120
100120
100120
100120
100120
100120
100120
100120
100120
100120
100120
100120
100120
100120
100120
100120
100120
100120
100120
100120
100120
100120
100120
100120
100120
100120
100120
100120
100120
100120
100120
100120
100120
100120
100120
100120
100120
100120
100120
100120
100120
100120
100120
100120
100120
100120
100120
100120
100120
100120
100120
100120
100120
100120
100120
100120
100120
100120
100120
100120
100120
100120
100120
100120
100120
100120
100120
100120
100120
100120
100120
100120
100120
100120
100120
100120
100120
100120
100120
100120
100120
100120
100120
100120
100120
100120
100120
100120
100120
100120
100120
100120
100120
100120
100120
100120
100120
100120
100120
100120
100120
100120
100120
100120
100120
100120
100120
100120
100120
100120
100120
100120
100120
100120
100120
100120
100120
100120
100120
100120
100120
100120
100120
100120
100120
100120
100120
100120
100120
100120
100120
100120
100120
100120
100120
100120
100120
100120
100120
100120
100120
100120
100120
100120
100120
100120
100120
100120
100120
100120
100120
100120
100120
100120
100120
100120
100120
100120
100120
100120
100120
100120
100120
100120
100120
100120
100120
100120
100120
100120
100120
100120
100120
100120
100120
100120
100120
100120
100120
100120
100120
100120
100120
100120
100120
100120
100120
100120
100120
100120
100120
100120
100120
100120
100120
100120
100120
100120
100120
100120
100120
100120
100120
100120
100120
100120
100120
100120
100120
100120
100120
100120
100120
100120
100120
100120
100120
100120
100120
100120
100120
100120
100120
100120
100120
100120
100120
100120
100120
100120
100120
100120
100120
100120
100120
100120
100120
100120
100120
100120
100120
100120
100120
100120
100120
100120
100120
100120
100120
100120
100120
100120
100120
100120
100120
100120
100120
100120
100120
100120
100120
100120
100120
100120
100120
100120
100120
100120
100120
100120
100120
100120
100120
100120
100120
100120
100120
100120
100120
100120
100120
100120
100120
100120
100120
100120
100120
100120
100120
100120
100120
100120
100120
100120
100120
100120
100120
100120
100120
100120
100120
100120
100120
100120
100120
100120
100120
100120
100120
100120
100120
100120
100120
100120
100120
100120
100120
100120
100120
100120
100120
100120
100120
100120
100120
100120
100120
100120
100120
100120
100120
100120
100120
100120
100120
100120
100120
100120
100120
100120
100120
100120
100120
100120
100120
100120
100120
100120
100120
100120
100120
100120
100120
100120
100120
100120
100120
100120
100120
100120
100120
100120
100120
100120
100120
100120
100120
100120
100120
100120
100120
100120
100120
100120
100120
100120
100120
100120
100120
100120
100120
100120
100120
100120
100120
100120
100120
100120
100120
100120
100120
100120
100120
100120
100120
100120
100120
100120
100120
100120
100120
100120
100120
100120
100120
100120
100120
100120
100120
100120
100120
100120
100120
100120
100120
100120
100120
100120
100120
100120
100120
100120
100120
100120
100120
100120
100120
100120
100120
100120
100120
100120
100120
100120
100120
100120
100120
100120
100120
100120
100120
100120
100120
100120
100120
100120
100120
100120
100120
100120
100120
100120
100120
100120
100120
100120
100120
100120
100120
100120
100120
100120
100120
100120
100120
100120
100120
100120
100120
100120
100120
100120
100120
100120
100120
100120
100120
100120
100120
100120
100120
100120
100120
100120
100120
100120
100120
100120
100120
100120
100120
100120
100120
100120
100120
100120
100120
100120
100120
100120
100120
100120
100120
100120
100120
100120
100120
100120
100120
100120
100120
100120
100120
100120
100120
100120
100120
100120
100120
100120
100120
100120
100120
100120
100120
100120
100120
100120
100120
100120
100120
100120
100120
100120
100120
100120
100120
100120
100120
100120
100120
100120
100120
100120
100120
100120
100120
100120
100120
100120
100120
100120
100120
100120
100120
100120
100120
100120
100120
100120
100120
100120
100120
100120
100120
100120
100120
100120
100120
100120
100120
100120
100120
100120
100120
100120
100120
100120
100120
100120
100120
100120
100120
100120
100120
100120
100120
100120
100120
100120
100120
100120
100120
100120
100120
100120
100120
100120
100120
100120
100120
100120
100120
100120
100120
100120
100120
100120
100120
100120
100120
100120
100120
100120
100120
100120
100120
100120
100120
100120
100120
100120
100120
100120
100120
100120
100120
100120
100120
100120
100120
100120
100120
100120
100120
100120
100120
100120
100120
100120
100120
100120
100120
100120
100120
100120
100120
100120
100120
100120
100120
100120
100120
100120
100120
100120
100120
100120
100120
100120
100120
100120
100120
100120
100120
100120
100120
100120
100120
100120
100120
100120
100120
100120
100120
100120
100120
100120
100120
100120
100120
100120
100120
100120
100120
100120
100120
100120
100120
100120
100120
100120
100120
100120
100120
100120
100120
100120
100120
100120
100120
100120
100120
100120
100120
100120
100120
100120
100120
100120
100120
100120
100120
100120
100120
100120
100120
100120
100120
100120
100120
100120
100120
100120
100120
100120
100120
100120
100120
100120
100120
100120
100120
100120
100120
100120
100120
100120
100120
100120
100120
100120
100120
100120
100120
100120
100120
100120
100120
100120
100120
100120
100120
100120
100120
100120
100120
100120
100120
100120
100120
100120
100120
100120
100120
100120
100120
100120
100120
100120
100120
100120
100120
100120
100120
100120
100120
100120
100120
100120
100120
100120
100120
100120
100120
100120
100120
100120
100120
100120
100120
100120
100120
100120
100120
100120
100120
100120
100120
100120
100120
100120
100120
100120
100120
100120
100120
100120
100120
100120
100120
100120
100120
100120
100120
100120
100120
100120
100120
100120
100120
100120
100120
100120
100120
100120
100120
100120
100120
100120
100120
100120
100120
100120
100120
100120
100120
100120
100120
100120
100120
100120
100120
100120
100120
100120
100120
100120
100120
100120
100120
100120
100120
100120
100120
100120
100120
100120
100120
100120
100120
100120
100120
100120
100120
100120
100120
100120
100120
100120
100120
100120
100120
100120
100120
100120
100120
100120
100120
100120
100120
100120
100120
100120
100120
100120
100120
100120
100120
100120
100120
100120
100120
100120
100120
100120
100120
100120
100120
100120
100120
100120
100120
100120
100120
100120
100120
100120
100120
100120
100120
100120
100120
100120
100120
100120
100120
100120
100120
100120
100120
100120
100120
100120
100120
100120
100120
100120
100120
100120
100120
100120
100120
100120
100120
100120
100120
100120
100120
100120
100120
100120
100120
100120
100120
100120
100120
100120
100120
100120
100120
100120
100120
100120
100120
100120
100120
100120
100120
100120
100120
100120
100120
100120
100120
100120
100120
100120
100120
100120
100120
100120
100120
100120
100120
100120
100120
100120
100120
100120
100120
100120
100120
100120
100120
100120
100120
100120
100120
100120
100120
100120
100120
100120
100120
100120
100120
100120
100120
100120
100120
100120
100120
100120
100120
100120
100120
100120
100120
100120
100120
100120
100120
100120
100120
100120
100120
100120
100120
100120
100120
100120
100120
100120
100120
100120
100120
100120
100120
100120
100120
100120
100120
100120
100120
100120
100120
100120
100120
100120
100120
100120
100120
100120
100120
100120
100120
100120
100120
100120
100120
100120
100120
100120
100120
100120
100120
100120
100120
100120
100120
100120
100120
100120
100120
100120
100120
100120
100120
100120
100120
100120
100120
100120
100120
100120
100120
100120
100120
100120
100120
100120
100120
100120
100120
100120
100120
100120
100120
100120
100120
100120
100120
100120
100120
100120
100120
100120
100120
100120
100120
100120
100120
100120
100120
100120
100120
100120
100120
100120
100120
100120
100120
100120
100120
100120
100120
100120
100120
100120
100120
100120
100120
100120
100120
100120
100120
100120
100120
100120
100120
100120
100120
100120
100120
100120
100120
100120
100120
100120
100120
100120
100120
100120
100120
100120
100120
100120
100120
100120
100120
100120
100120
100120
100120
100120
100120
100120
100120
100120
100120
100120
100120
100120
100120
100120
100120
100120
100120
100120
100120
100120
100120
100120
100120
100120
100120
100120
100120
100120
100120
100120
100120
100120
100120
100120
100120
100120
100120
100120
100120
100120
100120
100120
100120
100120
100120
100120
100120
100120
100120
100120
100120
100120
100120
100120
100120
100120
100120
100120
100120
100120
100120
100120
100120
100120
100120
100120
100120
100120
100120
100120
100120
100120
100120
100120
100120
100120
100120
100120
100120
100120
100120
100120
100120
100120
100120
100120
100120
100120
100120
100120
100120
100120
100120
100120
100120
100120
100120
100120
100120
100120
100120
100120
100120
100120
100120
100120
100120
100120
100120
100120
100120
100120
100120
100120
100120
100120
100120
100120
100120
100120
100120
100120
100120
100120
100120
100120
100120
100120
100120
100120
100120
100120
100120
100120
100120
100120
100120
100120
100120
100120
100120
100120
100120
100120
100120
100120
100120
100120
100120
100120
100120
100120
100120
100120
100120
100120
100120
100120
100120
100120
100120
100120
100120
100120
100120
100120
100120
100120
100120
100120
100120
100120
100120
100120
100120
100120
100120
100120
100120
100120
100120
100120
100120
100120
100120
100120
100120
100120
100120
100120
100120
100120
100120
100120
100120
100120
100120
100120
100120
100120
100120
100120
100120
100120
100120
100120
100120
100120
100120
100120
100120
100120
100120
100120
100120
100120
100120
100120
100120
100120
100120
100120
100120
100120
100120
100120
100120
100120
100120
100120
100120
100120
100120
100120
100120
100120
100120
100120
100120
100120
100120
100120
100120
100120
100120
100120
100120
100120
100120
100120
100120
100120
100120
100120
100120
100120
100120
100120
100120
100120
100120
100120
100120
100120
100120
100120
100120
100120
100120
100120
100120
100120
100120
100120
100120
100120
100120
100120
100120
100120
100120
100120
100120
100120
100120
100120
100120
100120
100120
100120
100120
100120
100120
100120
100120
100120
100120
100120
100120
100120
100120
100120
100120
100120
100120
100120
100120
100120
100120
100120
100120
100120
100120
100120
100120
100120
100120
100120
100120
100120
100120
100120
100120
100120
100120
100120
100120
100120
100120
100120
100120
100120
100120
100120
100120
100120
100120
100120
100120
100120
100120
100120
100120
100120
100120
100120
100120
100120
100120
100120
100120
100120
100120
100120
100120
100120
100120
100120
100120
100120
100120
100120
100120
100120
100120
100120
100120
100120
100120
100120
100120
100120
100120
100120
100120
100120
100120
100120
100120
100120
100120
100120
100120
100120
100120
100120
100120
100120
100120
100120
100120
100120
100120
100120
100120
100120
100120
100120
100120
100120
100120
100120
100120
100120
100120
100120
100120
100120
100120
100120
100120
100120
100120
100120
100120
100120
100120
100120
100120
100120
100120
100120
100120
100120
100120
100120
100120
100120
100120
100120
100120
100120
100120
100120
100120
100120
100120
100120
100120
100120
100120
100120
100120
100120
100120
100120
100120
100120
100120
100120
100120
100120
100120
100120
100120
100120
100120
100120
100120
100120
100120
100120
100120
100120
100120
100120
100120
100120
100120
100120
100120
100120
100120
100120
100120
100120
100120
100120
100120
100120
100120
100120
100120
100120
100120
100120
100120
100120
100120
100120
100120
100120
100120
100120
100120
100120
100120
100120
100120
100120
100120
100120
100120
100120
100120
100120
100120
100120
100120
100120
100120
100120
100120
100120
100120
100120
100120
100120
100120
100120
100120
100120
100120
100120
100120
100120
100120
100120
100120
100120
100120
100120
100120
100120
100120
100120
100120
100120
100120
100120
100120
100120
100120
100120
100120
100120
100120
100120
100120
100120
100120
100120
100120
100120
100120
100120
100120
100120
100120
100120
100120
100120
100120
100120
100120
100120
100120
100120
100120
100120
100120
100120
100120
100120
100120
100120
100120
100120
100120
100120
100120
100120
100120
100120
100120
100120
100120
100120
100120
100120
100120
100120
100120
100120
100120
100120
100120
100120
100120
100120
100120
100120
100120
100120
100120
100120
100120
100120
100120
100120
100120
100120
100120
100120
100120
100120
100120
100120
100120
100120
100120
100120
100120
100120
100120
100120
100120
100120
100120
100120
100120
100120
100120
100120
100120
100120
100120
100120
100120
100120
100120
100120
100120
100120
100120
100120
100120
100120
100120
100120
100120
100120
100120
100120
100120
100120
100120
100120
100120
100120
100120
100120
100120
100120
100120
100120
100120
100120
100120
100120
100120
100120
100120
100120
100120
100120
100120
100120
100120
100120
100120
100120
100120
100120
100120
100120
100120
100120
100120
100120
100120
100120
100120
100120
100120
100120
100120
100120
100120
100120
100120
100120
100120
100120
100120
100120
100120
100120
100120
100120
100120
100120
100120
100120
100120
100120
100120
100120
100120
100120
100120
100120
100120
100120
100120
100120
100120
100120
100120
100120
100120
100120
100120
100120
100120
100120
100120
100120
100120
100120
100120
100120
100120
100120
100120
100120
100120
100120
100120
100120
100120
100120
100120
100120
100120
100120
100120
100120
100120
100120
100120
100120
100120
100120
100120
100120
100120
100120
100120
100120
100120
100120
100120
100120
100120
100120
100120
100120
100120
100120
100120
100120
100120
100120
100120
100120
100120
100120
100120
100120
100120
100120
100120
100120
100120
100120
100120
100120
100120
100120
100120
100120
100120
100120
100120
100120
100120
100120
100120
100120
100120
100120
100120
100120
100120
100120
100120
100120
100120
100120
100120
100120
100120
100120
100120
100120
100120
100120
100120
100120
100120
100120
100120
100120
100120
100120
100120
100120
100120
100120
100120
100120
100120
100120
100120
100120
100120
100120
100120
100120
100120
100120
100120
100120
100120
100120
100120
100120
100120
100120
100120
100120
100120
100120
100120
100120
100120
100120
100120
100120
100120
100120
100120
100120
100120
100120
100120
100120
100120
100120
100120
100120
100120
100120
100120
100120
100120
100120
100120
100120
100120
100120
100120
100120
100120
100120
100120
100120
100120
100120
)
;

boundaryField
{
    floor
    {
        type            buoyantPressure;
        gradient        uniform -0;
        rho             rho;
        value           nonuniform List<scalar> 
400
(
100120
100120
100120
100120
100120
100120
100120
100120
100120
100120
100120
100120
100120
100120
100120
100120
100120
100120
100120
100120
100120
100120
100120
100120
100120
100120
100120
100120
100120
100120
100120
100120
100120
100120
100120
100120
100120
100120
100120
100120
100120
100120
100120
100120
100120
100120
100120
100120
100120
100120
100120
100120
100120
100120
100120
100120
100120
100120
100120
100120
100120
100120
100120
100120
100120
100120
100120
100120
100120
100120
100120
100120
100120
100120
100120
100120
100120
100120
100120
100120
100120
100120
100120
100120
100120
100120
100120
100120
100120
100120
100120
100120
100120
100120
100120
100120
100120
100120
100120
100120
100120
100120
100120
100120
100120
100120
100120
100120
100120
100120
100120
100120
100120
100120
100120
100120
100120
100120
100120
100120
100120
100120
100120
100120
100120
100120
100120
100120
100120
100120
100120
100120
100120
100120
100120
100120
100120
100120
100120
100120
100120
100120
100120
100120
100120
100120
100120
100120
100120
100120
100120
100120
100120
100120
100120
100120
100120
100120
100120
100120
100120
100120
100120
100120
100120
100120
100120
100120
100120
100120
100120
100120
100120
100120
100120
100120
100120
100120
100120
100120
100120
100120
100120
100120
100120
100120
100120
100120
100120
100120
100120
100120
100120
100120
100120
100120
100120
100120
100120
100120
100120
100120
100120
100120
100120
100120
100120
100120
100120
100120
100120
100120
100120
100120
100120
100120
100120
100120
100120
100120
100120
100120
100120
100120
100120
100120
100120
100120
100120
100120
100120
100120
100120
100120
100120
100120
100120
100120
100120
100120
100120
100120
100120
100120
100120
100120
100120
100120
100120
100120
100120
100120
100120
100120
100120
100120
100120
100120
100120
100120
100120
100120
100120
100120
100120
100120
100120
100120
100120
100120
100120
100120
100120
100120
100120
100120
100120
100120
100120
100120
100120
100120
100120
100120
100120
100120
100120
100120
100120
100120
100120
100120
100120
100120
100120
100120
100120
100120
100120
100120
100120
100120
100120
100120
100120
100120
100120
100120
100120
100120
100120
100120
100120
100120
100120
100120
100120
100120
100120
100120
100120
100120
100120
100120
100120
100120
100120
100120
100120
100120
100120
100120
100120
100120
100120
100120
100120
100120
100120
100120
100120
100120
100120
100120
100120
100120
100120
100120
100120
100120
100120
100120
100120
100120
100120
100120
100120
100120
100120
100120
100120
100120
100120
100120
100120
100120
100120
100120
100120
100120
100120
100120
100120
100120
100120
100120
100120
100120
100120
100120
100120
100120
100120
100120
100120
100120
100120
100120
100120
100120
100120
100120
100120
100120
100120
100120
100120
100120
100120
100120
)
;
    }
    ceiling
    {
        type            buoyantPressure;
        gradient        nonuniform List<scalar> 
400
(
0.203338
0.205384
0.207225
0.208817
0.210173
0.211303
0.212173
0.212707
0.212765
0.212056
0.211725
0.212002
0.211739
0.211037
0.210014
0.208745
0.207265
0.205571
0.203658
0.201588
0.205384
0.207163
0.208878
0.21047
0.211911
0.213181
0.214215
0.214895
0.215028
0.214344
0.214172
0.214537
0.214183
0.213295
0.212056
0.210593
0.208976
0.207228
0.20539
0.203549
0.207225
0.208878
0.210513
0.212103
0.213617
0.215027
0.21624
0.217102
0.217361
0.216689
0.216718
0.217157
0.216666
0.215563
0.214105
0.212461
0.21073
0.208944
0.207141
0.205378
0.208817
0.21047
0.212103
0.213739
0.215366
0.216977
0.218441
0.219562
0.220025
0.219431
0.219709
0.220137
0.21943
0.218035
0.216288
0.214409
0.21253
0.21066
0.208816
0.206999
0.210173
0.211911
0.213617
0.215366
0.217205
0.219142
0.220993
0.222521
0.223374
0.223074
0.223715
0.223889
0.222764
0.220918
0.218736
0.216482
0.214355
0.212334
0.210372
0.208414
0.211303
0.213181
0.215027
0.216977
0.219142
0.221502
0.223835
0.225916
0.227376
0.227649
0.228817
0.228409
0.226621
0.22416
0.221437
0.218701
0.216194
0.21393
0.211782
0.209625
0.212173
0.214215
0.21624
0.218441
0.220993
0.223835
0.22678
0.229657
0.232118
0.233566
0.235529
0.233817
0.230907
0.227554
0.224142
0.220859
0.217903
0.215342
0.21297
0.210591
0.212707
0.214895
0.217102
0.219562
0.222521
0.225916
0.229657
0.233709
0.237904
0.241854
0.245156
0.240488
0.235591
0.230904
0.226592
0.222681
0.219256
0.216394
0.213803
0.211229
0.212765
0.215028
0.217361
0.220025
0.223374
0.227376
0.232118
0.237904
0.245146
0.25444
0.260197
0.248958
0.240504
0.23382
0.228365
0.223768
0.219899
0.216807
0.214065
0.211382
0.212056
0.214344
0.216689
0.219431
0.223074
0.227649
0.233565
0.241854
0.25444
0.275525
0.286202
0.260023
0.24517
0.235554
0.228762
0.223531
0.219349
0.216162
0.21342
0.210722
0.211725
0.214172
0.216718
0.219708
0.223715
0.228817
0.235529
0.245155
0.260197
0.286202
0.29558
0.264935
0.247858
0.23705
0.22955
0.223881
0.21943
0.216076
0.213202
0.210416
0.212002
0.214537
0.217157
0.220137
0.223889
0.228409
0.233817
0.240487
0.248958
0.260023
0.264935
0.251983
0.24237
0.234895
0.228891
0.223898
0.219748
0.216436
0.213506
0.210664
0.211738
0.214183
0.216666
0.219429
0.222764
0.226621
0.230907
0.235591
0.240504
0.24517
0.247858
0.24237
0.236781
0.231543
0.226807
0.222574
0.218913
0.215857
0.213093
0.210376
0.211037
0.213295
0.215563
0.218035
0.220918
0.22416
0.227554
0.230904
0.23382
0.235554
0.23705
0.234895
0.231543
0.227797
0.224062
0.220533
0.217397
0.214678
0.212163
0.209668
0.210014
0.212056
0.214105
0.216288
0.218736
0.221437
0.224142
0.226592
0.228365
0.228762
0.22955
0.228891
0.226807
0.224062
0.221103
0.218192
0.215554
0.213162
0.210902
0.208657
0.208745
0.210593
0.212461
0.214409
0.216482
0.218701
0.220859
0.222681
0.223768
0.223531
0.223881
0.223898
0.222574
0.220533
0.218192
0.215823
0.213593
0.211471
0.209427
0.207414
0.207265
0.208975
0.21073
0.21253
0.214355
0.216194
0.217903
0.219256
0.219898
0.219349
0.21943
0.219748
0.218913
0.217397
0.215554
0.213593
0.211635
0.209701
0.207808
0.205969
0.205571
0.207228
0.208944
0.21066
0.212334
0.21393
0.215342
0.216394
0.216807
0.216162
0.216076
0.216436
0.215857
0.214678
0.213162
0.211471
0.209701
0.207886
0.206066
0.204316
0.203658
0.20539
0.207141
0.208816
0.210372
0.211782
0.21297
0.213802
0.214065
0.21342
0.213202
0.213506
0.213093
0.212163
0.210901
0.209427
0.207808
0.206066
0.204245
0.202446
0.201588
0.203549
0.205378
0.206999
0.208414
0.209625
0.210591
0.211228
0.211382
0.210722
0.210416
0.210664
0.210376
0.209668
0.208657
0.207414
0.205969
0.204316
0.202446
0.200431
)
;
        rho             rho;
        value           nonuniform List<scalar> 
400
(
100120
100120
100120
100120
100120
100120
100120
100120
100120
100120
100120
100120
100120
100120
100120
100120
100120
100120
100120
100120
100120
100120
100120
100120
100120
100120
100120
100120
100120
100120
100120
100120
100120
100120
100120
100120
100120
100120
100120
100120
100120
100120
100120
100120
100120
100120
100120
100120
100120
100120
100120
100120
100120
100120
100120
100120
100120
100120
100120
100120
100120
100120
100120
100120
100120
100120
100120
100120
100120
100120
100120
100120
100120
100120
100120
100120
100120
100120
100120
100120
100120
100120
100120
100120
100120
100120
100120
100120
100120
100120
100120
100120
100120
100120
100120
100120
100120
100120
100120
100120
100120
100120
100120
100120
100120
100120
100120
100120
100120
100120
100120
100120
100120
100120
100120
100120
100120
100120
100120
100120
100120
100120
100120
100120
100120
100120
100120
100120
100120
100120
100120
100120
100120
100120
100120
100120
100120
100120
100120
100120
100120
100120
100120
100120
100120
100120
100120
100120
100120
100120
100120
100120
100120
100120
100120
100120
100120
100120
100120
100120
100120
100120
100120
100120
100120
100120
100120
100120
100120
100120
100120
100120
100120
100120
100120
100120
100120
100120
100120
100120
100120
100120
100120
100120
100120
100120
100120
100120
100120
100120
100120
100120
100120
100120
100120
100120
100120
100120
100120
100120
100120
100120
100120
100120
100120
100120
100120
100120
100120
100120
100120
100120
100120
100120
100120
100120
100120
100120
100120
100120
100120
100120
100120
100120
100120
100120
100120
100120
100120
100120
100120
100120
100120
100120
100120
100120
100120
100120
100120
100120
100120
100120
100120
100120
100120
100120
100120
100120
100120
100120
100120
100120
100120
100120
100120
100120
100120
100120
100120
100120
100120
100120
100120
100120
100120
100120
100120
100120
100120
100120
100120
100120
100120
100120
100120
100120
100120
100120
100120
100120
100120
100120
100120
100120
100120
100120
100120
100120
100120
100120
100120
100120
100120
100120
100120
100120
100120
100120
100120
100120
100120
100120
100120
100120
100120
100120
100120
100120
100120
100120
100120
100120
100120
100120
100120
100120
100120
100120
100120
100120
100120
100120
100120
100120
100120
100120
100120
100120
100120
100120
100120
100120
100120
100120
100120
100120
100120
100120
100120
100120
100120
100120
100120
100120
100120
100120
100120
100120
100120
100120
100120
100120
100120
100120
100120
100120
100120
100120
100120
100120
100120
100120
100120
100120
100120
100120
100120
100120
100120
100120
100120
100120
100120
100120
100120
100120
100120
100120
100120
100120
100120
100120
100120
100120
100120
100120
100120
100120
100120
100120
100120
100120
100120
100120
100120
100120
100120
100120
100120
100120
)
;
    }
    fixedWalls
    {
        type            buoyantPressure;
        gradient        uniform 0;
        rho             rho;
        value           nonuniform List<scalar> 
800
(
100120
100120
100120
100120
100120
100120
100120
100120
100120
100120
100120
100120
100120
100120
100120
100120
100120
100120
100120
100120
100120
100120
100120
100120
100120
100120
100120
100120
100120
100120
100120
100120
100120
100120
100120
100120
100120
100120
100120
100120
100120
100120
100120
100120
100120
100120
100120
100120
100120
100120
100120
100120
100120
100120
100120
100120
100120
100120
100120
100120
100120
100120
100120
100120
100120
100120
100120
100120
100120
100120
100120
100120
100120
100120
100120
100120
100120
100120
100120
100120
100120
100120
100120
100120
100120
100120
100120
100120
100120
100120
100120
100120
100120
100120
100120
100120
100120
100120
100120
100120
100120
100120
100120
100120
100120
100120
100120
100120
100120
100120
100120
100120
100120
100120
100120
100120
100120
100120
100120
100120
100120
100120
100120
100120
100120
100120
100120
100120
100120
100120
100120
100120
100120
100120
100120
100120
100120
100120
100120
100120
100120
100120
100120
100120
100120
100120
100120
100120
100120
100120
100120
100120
100120
100120
100120
100120
100120
100120
100120
100120
100120
100120
100120
100120
100120
100120
100120
100120
100120
100120
100120
100120
100120
100120
100120
100120
100120
100120
100120
100120
100120
100120
100120
100120
100120
100120
100120
100120
100120
100120
100120
100120
100120
100120
100120
100120
100120
100120
100120
100120
100120
100120
100120
100120
100120
100120
100120
100120
100120
100120
100120
100120
100120
100120
100120
100120
100120
100120
100120
100120
100120
100120
100120
100120
100120
100120
100120
100120
100120
100120
100120
100120
100120
100120
100120
100120
100120
100120
100120
100120
100120
100120
100120
100120
100120
100120
100120
100120
100120
100120
100120
100120
100120
100120
100120
100120
100120
100120
100120
100120
100120
100120
100120
100120
100120
100120
100120
100120
100120
100120
100120
100120
100120
100120
100120
100120
100120
100120
100120
100120
100120
100120
100120
100120
100120
100120
100120
100120
100120
100120
100120
100120
100120
100120
100120
100120
100120
100120
100120
100120
100120
100120
100120
100120
100120
100120
100120
100120
100120
100120
100120
100120
100120
100120
100120
100120
100120
100120
100120
100120
100120
100120
100120
100120
100120
100120
100120
100120
100120
100120
100120
100120
100120
100120
100120
100120
100120
100120
100120
100120
100120
100120
100120
100120
100120
100120
100120
100120
100120
100120
100120
100120
100120
100120
100120
100120
100120
100120
100120
100120
100120
100120
100120
100120
100120
100120
100120
100120
100120
100120
100120
100120
100120
100120
100120
100120
100120
100120
100120
100120
100120
100120
100120
100120
100120
100120
100120
100120
100120
100120
100120
100120
100120
100120
100120
100120
100120
100120
100120
100120
100120
100120
100120
100120
100120
100120
100120
100120
100120
100120
100120
100120
100120
100120
100120
100120
100120
100120
100120
100120
100120
100120
100120
100120
100120
100120
100120
100120
100120
100120
100120
100120
100120
100120
100120
100120
100120
100120
100120
100120
100120
100120
100120
100120
100120
100120
100120
100120
100120
100120
100120
100120
100120
100120
100120
100120
100120
100120
100120
100120
100120
100120
100120
100120
100120
100120
100120
100120
100120
100120
100120
100120
100120
100120
100120
100120
100120
100120
100120
100120
100120
100120
100120
100120
100120
100120
100120
100120
100120
100120
100120
100120
100120
100120
100120
100120
100120
100120
100120
100120
100120
100120
100120
100120
100120
100120
100120
100120
100120
100120
100120
100120
100120
100120
100120
100120
100120
100120
100120
100120
100120
100120
100120
100120
100120
100120
100120
100120
100120
100120
100120
100120
100120
100120
100120
100120
100120
100120
100120
100120
100120
100120
100120
100120
100120
100120
100120
100120
100120
100120
100120
100120
100120
100120
100120
100120
100120
100120
100120
100120
100120
100120
100120
100120
100120
100120
100120
100120
100120
100120
100120
100120
100120
100120
100120
100120
100120
100120
100120
100120
100120
100120
100120
100120
100120
100120
100120
100120
100120
100120
100120
100120
100120
100120
100120
100120
100120
100120
100120
100120
100120
100120
100120
100120
100120
100120
100120
100120
100120
100120
100120
100120
100120
100120
100120
100120
100120
100120
100120
100120
100120
100120
100120
100120
100120
100120
100120
100120
100120
100120
100120
100120
100120
100120
100120
100120
100120
100120
100120
100120
100120
100120
100120
100120
100120
100120
100120
100120
100120
100120
100120
100120
100120
100120
100120
100120
100120
100120
100120
100120
100120
100120
100120
100120
100120
100120
100120
100120
100120
100120
100120
100120
100120
100120
100120
100120
100120
100120
100120
100120
100120
100120
100120
100120
100120
100120
100120
100120
100120
100120
100120
100120
100120
100120
100120
100120
100120
100120
100120
100120
100120
100120
100120
100120
100120
100120
100120
100120
100120
100120
100120
100120
100120
100120
100120
100120
100120
100120
100120
100120
100120
100120
100120
100120
100120
100120
100120
100120
100120
100120
100120
100120
100120
100120
100120
100120
100120
100120
100120
100120
100120
100120
100120
100120
100120
100120
100120
100120
100120
100120
100120
100120
100120
100120
100120
100120
100120
100120
100120
100120
100120
100120
100120
100120
100120
100120
100120
100120
100120
100120
100120
100120
100120
100120
100120
100120
100120
100120
100120
100120
100120
100120
100120
100120
100120
100120
100120
100120
100120
100120
100120
100120
100120
100120
100120
100120
100120
100120
100120
100120
)
;
    }
}


// ************************************************************************* //
