/*--------------------------------*- C++ -*----------------------------------*\
| =========                 |                                                 |
| \\      /  F ield         | OpenFOAM: The Open Source CFD Toolbox           |
|  \\    /   O peration     | Version:  1.7.1                                 |
|   \\  /    A nd           | Web:      www.OpenFOAM.com                      |
|    \\/     M anipulation  |                                                 |
\*---------------------------------------------------------------------------*/
FoamFile
{
    version     2.0;
    format      ascii;
    class       volScalarField;
    location    "1400";
    object      T;
}
// * * * * * * * * * * * * * * * * * * * * * * * * * * * * * * * * * * * * * //

dimensions      [0 0 0 1 0 0 0];

internalField   nonuniform List<scalar> 
4000
(
300.206
300.207
300.206
300.204
300.201
300.2
300.2
300.199
300.198
300.198
300.199
300.2
300.202
300.204
300.205
300.207
300.209
300.211
300.211
300.21
300.228
300.231
300.233
300.234
300.234
300.235
300.234
300.235
300.236
300.237
300.237
300.238
300.238
300.239
300.239
300.238
300.238
300.238
300.235
300.233
300.267
300.257
300.249
300.25
300.253
300.256
300.256
300.257
300.258
300.258
300.258
300.258
300.258
300.258
300.258
300.255
300.253
300.253
300.262
300.273
300.3
300.298
300.291
300.282
300.274
300.267
300.269
300.271
300.272
300.272
300.272
300.271
300.27
300.269
300.269
300.276
300.284
300.293
300.297
300.299
300.299
300.3
300.3
300.298
300.295
300.293
300.29
300.286
300.284
300.283
300.283
300.284
300.286
300.289
300.292
300.294
300.297
300.298
300.298
300.298
300.296
300.298
300.299
300.299
300.299
300.299
300.298
300.297
300.296
300.296
300.296
300.297
300.297
300.297
300.298
300.298
300.298
300.297
300.296
300.294
300.292
300.295
300.297
300.298
300.299
300.299
300.299
300.299
300.299
300.298
300.298
300.298
300.298
300.298
300.297
300.297
300.296
300.295
300.293
300.29
300.288
300.291
300.293
300.295
300.296
300.297
300.297
300.298
300.297
300.297
300.296
300.296
300.296
300.296
300.295
300.294
300.293
300.291
300.289
300.286
300.283
300.286
300.289
300.29
300.292
300.293
300.294
300.294
300.294
300.293
300.293
300.293
300.293
300.292
300.291
300.29
300.288
300.286
300.284
300.281
300.277
300.28
300.282
300.284
300.286
300.287
300.289
300.289
300.289
300.288
300.288
300.288
300.288
300.287
300.286
300.284
300.282
300.28
300.277
300.275
300.207
300.207
300.206
300.203
300.201
300.199
300.199
300.199
300.199
300.2
300.2
300.201
300.202
300.204
300.205
300.207
300.209
300.21
300.21
300.21
300.231
300.232
300.233
300.234
300.234
300.235
300.235
300.236
300.237
300.237
300.237
300.238
300.238
300.239
300.239
300.238
300.238
300.238
300.237
300.236
300.257
300.252
300.249
300.251
300.253
300.255
300.256
300.257
300.258
300.259
300.259
300.258
300.258
300.257
300.257
300.256
300.253
300.252
300.256
300.262
300.298
300.293
300.287
300.279
300.272
300.267
300.269
300.272
300.273
300.273
300.273
300.272
300.271
300.269
300.269
300.274
300.281
300.288
300.295
300.298
300.3
300.3
300.299
300.296
300.293
300.291
300.287
300.283
300.281
300.281
300.28
300.28
300.283
300.287
300.289
300.292
300.295
300.298
300.298
300.298
300.298
300.298
300.298
300.298
300.298
300.296
300.294
300.293
300.291
300.29
300.29
300.291
300.292
300.293
300.295
300.296
300.297
300.297
300.296
300.296
300.295
300.295
300.296
300.297
300.297
300.296
300.296
300.295
300.294
300.294
300.294
300.294
300.294
300.295
300.295
300.295
300.295
300.294
300.293
300.292
300.291
300.292
300.293
300.294
300.295
300.295
300.295
300.295
300.294
300.294
300.293
300.293
300.293
300.294
300.293
300.293
300.293
300.291
300.29
300.288
300.286
300.288
300.29
300.292
300.293
300.293
300.294
300.294
300.294
300.293
300.293
300.293
300.293
300.292
300.292
300.291
300.289
300.288
300.286
300.284
300.28
300.282
300.284
300.286
300.288
300.29
300.291
300.292
300.292
300.291
300.291
300.292
300.291
300.29
300.288
300.287
300.284
300.282
300.28
300.277
300.206
300.206
300.204
300.202
300.2
300.198
300.199
300.199
300.2
300.201
300.201
300.202
300.203
300.204
300.205
300.206
300.207
300.209
300.209
300.209
300.233
300.233
300.234
300.234
300.234
300.234
300.234
300.235
300.236
300.237
300.237
300.238
300.238
300.239
300.239
300.238
300.238
300.238
300.238
300.237
300.249
300.249
300.25
300.251
300.253
300.255
300.255
300.257
300.258
300.258
300.258
300.258
300.258
300.257
300.257
300.256
300.254
300.253
300.253
300.252
300.291
300.287
300.281
300.275
300.269
300.267
300.27
300.272
300.273
300.273
300.273
300.273
300.272
300.269
300.268
300.271
300.277
300.283
300.289
300.293
300.3
300.299
300.297
300.293
300.291
300.289
300.285
300.282
300.281
300.281
300.28
300.28
300.282
300.285
300.287
300.29
300.293
300.296
300.298
300.298
300.299
300.298
300.298
300.297
300.296
300.294
300.292
300.29
300.288
300.286
300.286
300.288
300.289
300.29
300.293
300.295
300.296
300.296
300.297
300.297
300.297
300.296
300.296
300.296
300.295
300.294
300.293
300.292
300.291
300.29
300.29
300.29
300.291
300.292
300.293
300.294
300.294
300.294
300.294
300.294
300.293
300.293
300.294
300.294
300.293
300.293
300.292
300.291
300.291
300.29
300.289
300.29
300.29
300.291
300.291
300.292
300.292
300.292
300.291
300.291
300.289
300.29
300.291
300.292
300.292
300.292
300.292
300.291
300.291
300.289
300.289
300.29
300.29
300.29
300.29
300.29
300.29
300.289
300.288
300.286
300.282
300.284
300.286
300.289
300.291
300.292
300.294
300.295
300.295
300.295
300.295
300.295
300.295
300.293
300.291
300.289
300.287
300.284
300.282
300.28
300.204
300.203
300.202
300.201
300.199
300.198
300.198
300.199
300.2
300.201
300.202
300.202
300.203
300.203
300.204
300.205
300.205
300.206
300.206
300.206
300.234
300.234
300.234
300.233
300.233
300.233
300.233
300.234
300.236
300.236
300.237
300.237
300.237
300.238
300.238
300.238
300.238
300.237
300.237
300.237
300.25
300.251
300.251
300.253
300.254
300.254
300.255
300.257
300.258
300.258
300.258
300.258
300.258
300.257
300.257
300.257
300.255
300.254
300.254
300.254
300.282
300.279
300.275
300.27
300.267
300.267
300.27
300.272
300.273
300.273
300.273
300.273
300.272
300.27
300.268
300.269
300.272
300.277
300.281
300.283
300.298
300.296
300.293
300.291
300.289
300.286
300.283
300.281
300.281
300.281
300.281
300.28
300.281
300.283
300.286
300.288
300.29
300.293
300.295
300.297
300.299
300.298
300.297
300.296
300.294
300.292
300.29
300.288
300.286
300.285
300.285
300.286
300.287
300.289
300.291
300.293
300.295
300.296
300.297
300.298
300.298
300.297
300.296
300.295
300.294
300.293
300.291
300.29
300.289
300.288
300.287
300.288
300.289
300.29
300.291
300.292
300.293
300.294
300.295
300.296
300.295
300.294
300.294
300.293
300.292
300.291
300.29
300.289
300.288
300.287
300.287
300.287
300.288
300.289
300.289
300.29
300.291
300.292
300.292
300.292
300.29
300.292
300.292
300.291
300.291
300.29
300.29
300.29
300.289
300.288
300.287
300.288
300.289
300.289
300.289
300.289
300.289
300.29
300.289
300.288
300.284
300.286
300.289
300.291
300.293
300.295
300.297
300.298
300.299
300.298
300.299
300.299
300.298
300.296
300.294
300.292
300.289
300.287
300.284
300.282
300.201
300.201
300.2
300.199
300.198
300.198
300.198
300.199
300.2
300.201
300.202
300.202
300.202
300.202
300.202
300.203
300.204
300.204
300.203
300.203
300.234
300.234
300.234
300.233
300.232
300.232
300.232
300.234
300.235
300.236
300.236
300.236
300.237
300.237
300.237
300.238
300.237
300.237
300.237
300.236
300.253
300.253
300.253
300.254
300.254
300.254
300.255
300.256
300.257
300.257
300.257
300.257
300.258
300.257
300.257
300.257
300.256
300.256
300.255
300.255
300.274
300.272
300.269
300.267
300.266
300.268
300.271
300.272
300.273
300.273
300.273
300.273
300.272
300.271
300.269
300.268
300.268
300.271
300.273
300.274
300.295
300.293
300.291
300.289
300.287
300.284
300.282
300.281
300.281
300.281
300.281
300.28
300.28
300.281
300.284
300.286
300.288
300.29
300.292
300.294
300.299
300.298
300.296
300.294
300.292
300.291
300.289
300.287
300.286
300.285
300.284
300.285
300.286
300.287
300.289
300.291
300.293
300.294
300.296
300.298
300.299
300.297
300.295
300.294
300.293
300.291
300.29
300.288
300.287
300.286
300.286
300.286
300.287
300.288
300.29
300.291
300.292
300.293
300.295
300.296
300.296
300.295
300.293
300.292
300.291
300.29
300.288
300.287
300.286
300.285
300.285
300.286
300.286
300.287
300.288
300.289
300.29
300.291
300.293
300.294
300.292
300.293
300.292
300.291
300.29
300.29
300.29
300.29
300.289
300.287
300.287
300.288
300.289
300.289
300.288
300.288
300.289
300.29
300.29
300.289
300.286
300.288
300.291
300.293
300.295
300.298
300.3
300.302
300.303
300.303
300.304
300.304
300.303
300.3
300.297
300.294
300.292
300.289
300.286
300.284
300.2
300.199
300.198
300.198
300.198
300.198
300.198
300.198
300.2
300.201
300.202
300.201
300.201
300.201
300.201
300.201
300.202
300.202
300.202
300.202
300.235
300.235
300.234
300.233
300.232
300.231
300.232
300.233
300.234
300.235
300.235
300.236
300.236
300.236
300.236
300.236
300.236
300.236
300.237
300.236
300.256
300.255
300.255
300.254
300.254
300.255
300.255
300.256
300.257
300.257
300.257
300.257
300.257
300.257
300.257
300.257
300.256
300.256
300.256
300.256
300.267
300.267
300.267
300.267
300.268
300.27
300.271
300.272
300.273
300.273
300.273
300.273
300.272
300.272
300.27
300.269
300.268
300.268
300.268
300.268
300.293
300.291
300.289
300.286
300.284
300.282
300.281
300.281
300.281
300.281
300.281
300.28
300.28
300.28
300.282
300.284
300.285
300.287
300.289
300.291
300.299
300.296
300.294
300.292
300.291
300.289
300.288
300.286
300.285
300.284
300.284
300.284
300.285
300.286
300.287
300.289
300.291
300.292
300.294
300.297
300.299
300.296
300.294
300.293
300.291
300.29
300.289
300.287
300.286
300.285
300.284
300.285
300.286
300.287
300.288
300.29
300.291
300.292
300.295
300.297
300.297
300.295
300.293
300.291
300.29
300.288
300.288
300.287
300.285
300.284
300.284
300.285
300.286
300.286
300.287
300.288
300.289
300.291
300.293
300.294
300.293
300.293
300.292
300.29
300.29
300.29
300.29
300.29
300.29
300.288
300.288
300.289
300.289
300.289
300.289
300.288
300.289
300.29
300.291
300.291
300.287
300.29
300.292
300.295
300.298
300.301
300.304
300.307
300.309
300.309
300.311
300.31
300.308
300.304
300.301
300.297
300.294
300.291
300.288
300.285
300.2
300.199
300.199
300.198
300.198
300.198
300.198
300.199
300.2
300.202
300.203
300.201
300.2
300.2
300.2
300.201
300.201
300.201
300.2
300.201
300.234
300.235
300.234
300.233
300.232
300.232
300.232
300.233
300.234
300.235
300.235
300.235
300.235
300.235
300.235
300.235
300.235
300.236
300.236
300.236
300.256
300.256
300.255
300.255
300.255
300.255
300.256
300.257
300.257
300.256
300.256
300.256
300.257
300.257
300.257
300.257
300.256
300.256
300.256
300.256
300.269
300.269
300.27
300.27
300.271
300.271
300.272
300.273
300.273
300.273
300.273
300.273
300.272
300.272
300.272
300.271
300.27
300.269
300.269
300.268
300.29
300.287
300.285
300.283
300.282
300.281
300.28
300.281
300.281
300.281
300.281
300.28
300.28
300.279
300.28
300.281
300.283
300.284
300.285
300.287
300.298
300.294
300.292
300.29
300.289
300.288
300.287
300.285
300.284
300.284
300.283
300.283
300.284
300.285
300.286
300.287
300.288
300.29
300.292
300.296
300.299
300.296
300.293
300.291
300.29
300.289
300.287
300.286
300.285
300.283
300.283
300.284
300.285
300.286
300.287
300.288
300.289
300.291
300.294
300.297
300.297
300.295
300.292
300.29
300.288
300.288
300.287
300.286
300.285
300.283
300.283
300.284
300.285
300.286
300.286
300.287
300.288
300.29
300.293
300.295
300.294
300.294
300.292
300.29
300.29
300.29
300.291
300.291
300.291
300.291
300.291
300.29
300.29
300.29
300.289
300.288
300.288
300.29
300.292
300.291
300.289
300.291
300.294
300.297
300.3
300.304
300.308
300.312
300.315
300.317
300.319
300.317
300.313
300.309
300.304
300.3
300.296
300.293
300.29
300.287
300.199
300.199
300.199
300.199
300.199
300.198
300.199
300.199
300.201
300.203
300.204
300.201
300.201
300.2
300.2
300.2
300.2
300.2
300.2
300.2
300.235
300.236
300.235
300.234
300.234
300.233
300.233
300.233
300.234
300.235
300.235
300.235
300.234
300.234
300.234
300.235
300.235
300.235
300.236
300.236
300.257
300.257
300.257
300.257
300.256
300.256
300.257
300.257
300.257
300.256
300.255
300.256
300.257
300.257
300.257
300.257
300.257
300.257
300.257
300.256
300.271
300.272
300.272
300.272
300.272
300.272
300.273
300.273
300.273
300.272
300.271
300.273
300.273
300.272
300.272
300.272
300.272
300.271
300.27
300.269
300.286
300.283
300.282
300.281
300.281
300.281
300.281
300.281
300.281
300.28
300.28
300.28
300.28
300.28
300.28
300.28
300.28
300.281
300.282
300.283
300.297
300.293
300.29
300.288
300.287
300.286
300.285
300.285
300.284
300.283
300.283
300.283
300.283
300.284
300.285
300.286
300.287
300.288
300.291
300.296
300.299
300.295
300.292
300.29
300.288
300.287
300.286
300.285
300.284
300.283
300.282
300.283
300.284
300.285
300.286
300.287
300.288
300.29
300.293
300.297
300.298
300.295
300.291
300.289
300.287
300.287
300.286
300.285
300.284
300.283
300.283
300.283
300.284
300.285
300.285
300.286
300.287
300.289
300.292
300.295
300.294
300.294
300.291
300.29
300.29
300.29
300.291
300.292
300.294
300.298
300.299
300.294
300.291
300.29
300.289
300.288
300.288
300.289
300.292
300.292
300.289
300.292
300.295
300.298
300.302
300.307
300.312
300.317
300.323
300.328
300.332
300.326
300.32
300.313
300.308
300.303
300.298
300.294
300.291
300.287
300.198
300.199
300.2
300.2
300.2
300.2
300.2
300.201
300.202
300.207
300.208
300.202
300.201
300.201
300.201
300.2
300.2
300.2
300.2
300.2
300.236
300.237
300.236
300.236
300.235
300.234
300.234
300.234
300.235
300.243
300.245
300.235
300.235
300.234
300.235
300.235
300.236
300.236
300.236
300.237
300.258
300.258
300.258
300.258
300.257
300.257
300.257
300.257
300.256
300.261
300.262
300.255
300.256
300.257
300.257
300.257
300.257
300.257
300.257
300.257
300.272
300.273
300.273
300.273
300.273
300.273
300.273
300.273
300.272
300.276
300.276
300.271
300.273
300.273
300.273
300.272
300.272
300.272
300.272
300.27
300.284
300.281
300.281
300.281
300.281
300.281
300.281
300.281
300.28
300.285
300.286
300.28
300.28
300.28
300.28
300.28
300.28
300.279
300.279
300.281
300.296
300.291
300.288
300.286
300.286
300.285
300.284
300.284
300.283
300.29
300.291
300.283
300.283
300.284
300.284
300.285
300.286
300.287
300.29
300.295
300.299
300.294
300.291
300.289
300.287
300.286
300.285
300.284
300.283
300.292
300.293
300.283
300.283
300.284
300.285
300.286
300.287
300.289
300.293
300.297
300.297
300.294
300.291
300.288
300.286
300.285
300.285
300.284
300.285
300.297
300.299
300.284
300.283
300.284
300.284
300.285
300.286
300.289
300.292
300.295
300.294
300.294
300.291
300.289
300.289
300.29
300.291
300.294
300.301
300.318
300.323
300.302
300.294
300.29
300.288
300.288
300.287
300.289
300.292
300.292
300.289
300.292
300.295
300.299
300.303
300.309
300.315
300.323
300.332
300.344
300.352
300.337
300.326
300.317
300.31
300.304
300.299
300.295
300.291
300.288
300.198
300.2
300.201
300.201
300.201
300.201
300.202
300.203
300.207
300.663
300.676
300.207
300.203
300.202
300.201
300.201
300.201
300.201
300.201
300.201
300.237
300.237
300.237
300.236
300.236
300.235
300.235
300.235
300.243
300.53
300.554
300.245
300.236
300.236
300.236
300.236
300.237
300.237
300.238
300.238
300.258
300.259
300.258
300.258
300.257
300.257
300.256
300.256
300.261
300.473
300.498
300.262
300.256
300.257
300.257
300.257
300.258
300.258
300.258
300.258
300.272
300.273
300.273
300.273
300.273
300.273
300.273
300.272
300.276
300.441
300.465
300.277
300.272
300.273
300.273
300.273
300.272
300.272
300.272
300.27
300.283
300.281
300.281
300.281
300.281
300.281
300.281
300.28
300.285
300.419
300.442
300.286
300.28
300.281
300.281
300.281
300.28
300.28
300.279
300.281
300.296
300.29
300.286
300.285
300.285
300.284
300.284
300.283
300.29
300.403
300.424
300.292
300.283
300.283
300.283
300.284
300.284
300.286
300.29
300.295
300.298
300.294
300.29
300.288
300.286
300.285
300.283
300.283
300.292
300.39
300.41
300.294
300.282
300.283
300.284
300.285
300.286
300.289
300.292
300.296
300.297
300.294
300.29
300.287
300.285
300.284
300.283
300.283
300.297
300.382
300.4
300.3
300.283
300.282
300.283
300.284
300.286
300.288
300.292
300.294
300.293
300.293
300.289
300.288
300.287
300.288
300.291
300.298
300.318
300.376
300.393
300.323
300.299
300.29
300.287
300.286
300.286
300.288
300.291
300.291
300.288
300.291
300.295
300.298
300.303
300.309
300.317
300.328
300.344
300.372
300.386
300.352
300.332
300.32
300.311
300.304
300.298
300.294
300.29
300.287
300.199
300.2
300.201
300.202
300.202
300.202
300.203
300.204
300.208
300.676
300.693
300.21
300.205
300.203
300.203
300.203
300.203
300.203
300.202
300.202
300.237
300.237
300.237
300.237
300.236
300.235
300.235
300.235
300.245
300.554
300.578
300.247
300.238
300.237
300.237
300.238
300.238
300.238
300.238
300.238
300.258
300.259
300.258
300.258
300.257
300.257
300.256
300.255
300.262
300.498
300.523
300.265
300.257
300.257
300.258
300.258
300.258
300.258
300.258
300.258
300.272
300.273
300.273
300.273
300.273
300.273
300.273
300.271
300.276
300.465
300.489
300.278
300.272
300.273
300.273
300.273
300.273
300.272
300.272
300.27
300.283
300.28
300.28
300.281
300.281
300.281
300.281
300.28
300.286
300.442
300.464
300.288
300.28
300.281
300.281
300.28
300.28
300.279
300.279
300.281
300.296
300.29
300.286
300.285
300.284
300.284
300.283
300.283
300.291
300.424
300.445
300.293
300.282
300.283
300.283
300.284
300.284
300.286
300.29
300.295
300.298
300.294
300.29
300.287
300.286
300.284
300.283
300.282
300.293
300.41
300.429
300.295
300.282
300.282
300.283
300.285
300.286
300.289
300.292
300.296
300.296
300.293
300.289
300.287
300.285
300.284
300.283
300.283
300.299
300.4
300.417
300.303
300.283
300.282
300.283
300.284
300.285
300.288
300.291
300.294
300.293
300.293
300.289
300.287
300.287
300.288
300.291
300.299
300.323
300.393
300.407
300.327
300.3
300.29
300.287
300.286
300.286
300.287
300.291
300.291
300.288
300.291
300.295
300.299
300.304
300.311
300.319
300.332
300.352
300.386
300.399
300.358
300.336
300.321
300.312
300.304
300.298
300.294
300.29
300.286
300.2
300.201
300.202
300.202
300.202
300.201
300.201
300.201
300.202
300.207
300.21
300.204
300.204
300.203
300.203
300.203
300.203
300.203
300.203
300.203
300.238
300.238
300.238
300.237
300.236
300.236
300.235
300.235
300.235
300.245
300.247
300.239
300.238
300.238
300.238
300.239
300.239
300.239
300.239
300.239
300.258
300.258
300.258
300.258
300.257
300.257
300.256
300.256
300.255
300.262
300.265
300.258
300.259
300.259
300.259
300.259
300.259
300.259
300.258
300.258
300.271
300.272
300.273
300.273
300.273
300.273
300.273
300.273
300.271
300.277
300.278
300.272
300.273
300.273
300.273
300.273
300.273
300.272
300.272
300.27
300.284
300.28
300.28
300.28
300.28
300.28
300.28
300.28
300.28
300.286
300.288
300.279
300.28
300.28
300.28
300.28
300.279
300.279
300.28
300.283
300.297
300.291
300.288
300.286
300.285
300.284
300.283
300.283
300.283
300.292
300.293
300.282
300.282
300.283
300.283
300.284
300.285
300.287
300.29
300.295
300.298
300.294
300.29
300.288
300.286
300.285
300.284
300.283
300.283
300.294
300.295
300.283
300.282
300.283
300.284
300.285
300.287
300.289
300.292
300.296
300.296
300.293
300.29
300.287
300.286
300.285
300.284
300.283
300.284
300.3
300.303
300.284
300.282
300.283
300.284
300.284
300.286
300.288
300.291
300.294
300.293
300.293
300.29
300.288
300.288
300.289
300.29
300.294
300.302
300.323
300.327
300.303
300.294
300.29
300.288
300.287
300.287
300.288
300.291
300.291
300.288
300.292
300.295
300.299
300.304
300.31
300.317
300.326
300.337
300.352
300.358
300.341
300.329
300.319
300.311
300.304
300.299
300.294
300.29
300.287
300.202
300.202
300.203
300.203
300.202
300.201
300.2
300.201
300.201
300.203
300.205
300.204
300.203
300.203
300.204
300.204
300.204
300.204
300.204
300.204
300.238
300.238
300.238
300.237
300.237
300.236
300.235
300.234
300.235
300.236
300.238
300.238
300.239
300.239
300.24
300.24
300.24
300.24
300.24
300.239
300.258
300.258
300.258
300.258
300.258
300.257
300.257
300.257
300.256
300.256
300.257
300.259
300.26
300.26
300.26
300.26
300.26
300.259
300.258
300.257
300.27
300.271
300.272
300.272
300.272
300.272
300.272
300.273
300.273
300.272
300.272
300.273
300.274
300.273
300.273
300.273
300.272
300.272
300.271
300.269
300.286
300.283
300.282
300.281
300.28
300.28
300.28
300.28
300.28
300.28
300.28
300.28
300.28
300.28
300.279
300.279
300.28
300.281
300.283
300.285
300.297
300.292
300.289
300.287
300.286
300.285
300.284
300.283
300.283
300.283
300.282
300.282
300.283
300.283
300.284
300.285
300.286
300.288
300.291
300.296
300.298
300.294
300.291
300.289
300.287
300.286
300.285
300.284
300.283
300.282
300.282
300.282
300.283
300.284
300.285
300.286
300.287
300.29
300.293
300.296
300.296
300.293
300.29
300.288
300.286
300.286
300.285
300.284
300.283
300.283
300.283
300.282
300.283
300.284
300.284
300.285
300.286
300.289
300.292
300.294
300.293
300.293
300.29
300.289
300.289
300.289
300.29
300.291
300.294
300.299
300.3
300.294
300.291
300.289
300.288
300.287
300.287
300.289
300.291
300.291
300.288
300.291
300.295
300.298
300.303
300.308
300.313
300.32
300.326
300.332
300.336
300.329
300.321
300.314
300.308
300.302
300.298
300.293
300.29
300.286
300.204
300.204
300.204
300.203
300.202
300.201
300.2
300.2
300.201
300.202
300.203
300.203
300.203
300.204
300.204
300.205
300.205
300.205
300.205
300.205
300.239
300.239
300.239
300.238
300.237
300.236
300.235
300.234
300.234
300.236
300.237
300.238
300.239
300.24
300.24
300.241
300.241
300.241
300.24
300.24
300.258
300.257
300.257
300.257
300.257
300.257
300.257
300.257
300.257
300.257
300.257
300.259
300.26
300.26
300.26
300.26
300.259
300.259
300.258
300.258
300.269
300.269
300.269
300.27
300.271
300.272
300.272
300.272
300.273
300.273
300.273
300.273
300.273
300.273
300.273
300.272
300.271
300.27
300.269
300.269
300.289
300.287
300.285
300.283
300.281
300.28
300.279
300.28
300.28
300.281
300.281
300.28
300.28
300.279
300.279
300.281
300.282
300.285
300.286
300.288
300.297
300.293
300.29
300.289
300.287
300.286
300.285
300.284
300.284
300.283
300.283
300.283
300.283
300.285
300.286
300.287
300.288
300.29
300.292
300.296
300.298
300.295
300.292
300.29
300.288
300.287
300.286
300.285
300.284
300.283
300.282
300.283
300.284
300.285
300.286
300.287
300.289
300.291
300.293
300.296
300.296
300.294
300.291
300.289
300.287
300.286
300.286
300.285
300.284
300.282
300.282
300.283
300.284
300.284
300.285
300.286
300.287
300.289
300.292
300.294
300.292
300.292
300.29
300.289
300.289
300.289
300.29
300.29
300.29
300.29
300.29
300.29
300.289
300.289
300.288
300.287
300.287
300.289
300.29
300.29
300.287
300.29
300.293
300.296
300.3
300.304
300.309
300.313
300.317
300.32
300.321
300.319
300.314
300.309
300.304
300.3
300.296
300.292
300.289
300.285
300.205
300.205
300.205
300.204
300.202
300.201
300.2
300.2
300.201
300.201
300.203
300.203
300.204
300.204
300.205
300.205
300.206
300.206
300.205
300.205
300.239
300.239
300.239
300.238
300.237
300.236
300.235
300.234
300.235
300.236
300.237
300.238
300.24
300.24
300.241
300.241
300.241
300.241
300.24
300.24
300.258
300.257
300.257
300.257
300.257
300.257
300.257
300.257
300.257
300.257
300.258
300.259
300.26
300.26
300.26
300.26
300.259
300.259
300.258
300.258
300.269
300.269
300.268
300.268
300.269
300.27
300.272
300.272
300.273
300.273
300.273
300.273
300.273
300.273
300.272
300.271
300.27
300.269
300.269
300.27
300.292
300.289
300.287
300.286
300.284
300.282
300.28
300.28
300.28
300.281
300.281
300.28
300.279
300.279
300.281
300.283
300.286
300.288
300.29
300.293
300.298
300.295
300.293
300.291
300.289
300.287
300.286
300.285
300.284
300.283
300.283
300.283
300.284
300.286
300.287
300.289
300.29
300.292
300.294
300.297
300.297
300.295
300.293
300.291
300.29
300.288
300.287
300.286
300.285
300.284
300.283
300.284
300.285
300.286
300.287
300.289
300.29
300.292
300.294
300.296
300.295
300.293
300.291
300.289
300.288
300.287
300.286
300.285
300.284
300.283
300.283
300.284
300.284
300.285
300.286
300.287
300.288
300.29
300.292
300.293
300.291
300.292
300.29
300.289
300.288
300.289
300.289
300.289
300.288
300.287
300.287
300.288
300.288
300.288
300.287
300.287
300.288
300.289
300.29
300.289
300.286
300.288
300.291
300.294
300.297
300.301
300.304
300.308
300.31
300.311
300.312
300.311
300.308
300.304
300.3
300.297
300.293
300.29
300.287
300.284
300.207
300.207
300.206
300.205
300.203
300.201
300.201
300.2
300.2
300.201
300.203
300.203
300.204
300.205
300.205
300.206
300.206
300.206
300.206
300.205
300.238
300.238
300.238
300.238
300.238
300.236
300.235
300.235
300.235
300.236
300.238
300.239
300.24
300.241
300.241
300.241
300.241
300.24
300.24
300.239
300.255
300.256
300.256
300.257
300.257
300.257
300.257
300.257
300.257
300.257
300.258
300.259
300.26
300.26
300.26
300.259
300.259
300.258
300.258
300.257
300.276
300.274
300.271
300.269
300.268
300.269
300.271
300.272
300.272
300.273
300.273
300.273
300.273
300.272
300.271
300.27
300.27
300.272
300.275
300.277
300.294
300.292
300.29
300.288
300.286
300.284
300.281
300.28
300.28
300.281
300.28
300.28
300.279
300.281
300.283
300.287
300.289
300.291
300.293
300.295
300.298
300.296
300.295
300.293
300.291
300.289
300.287
300.286
300.285
300.284
300.284
300.284
300.285
300.287
300.289
300.291
300.293
300.294
300.295
300.297
300.297
300.295
300.294
300.292
300.291
300.29
300.288
300.287
300.286
300.285
300.285
300.285
300.286
300.287
300.289
300.29
300.291
300.292
300.294
300.295
300.294
300.293
300.292
300.29
300.289
300.288
300.287
300.286
300.285
300.284
300.284
300.284
300.285
300.286
300.287
300.288
300.289
300.29
300.292
300.292
300.29
300.291
300.29
300.289
300.288
300.288
300.288
300.288
300.288
300.286
300.286
300.287
300.287
300.287
300.287
300.287
300.288
300.289
300.289
300.288
300.284
300.287
300.289
300.292
300.294
300.297
300.3
300.303
300.304
300.304
300.304
300.304
300.302
300.3
300.297
300.293
300.29
300.288
300.285
300.282
300.209
300.209
300.207
300.205
300.204
300.202
300.201
300.2
300.2
300.201
300.203
300.203
300.204
300.205
300.206
300.206
300.206
300.207
300.206
300.206
300.238
300.238
300.238
300.238
300.237
300.236
300.235
300.235
300.236
300.237
300.238
300.239
300.24
300.241
300.241
300.241
300.24
300.24
300.239
300.238
300.253
300.253
300.254
300.255
300.256
300.256
300.256
300.257
300.257
300.258
300.258
300.259
300.26
300.259
300.259
300.259
300.258
300.257
300.256
300.255
300.284
300.281
300.277
300.272
300.268
300.268
300.27
300.272
300.272
300.272
300.273
300.273
300.272
300.271
300.27
300.27
300.273
300.278
300.283
300.286
300.297
300.295
300.293
300.29
300.288
300.285
300.283
300.28
300.28
300.28
300.28
300.279
300.28
300.282
300.286
300.289
300.292
300.294
300.295
300.297
300.298
300.297
300.296
300.295
300.293
300.291
300.288
300.287
300.286
300.284
300.284
300.285
300.286
300.288
300.29
300.293
300.294
300.295
300.296
300.297
300.296
300.295
300.294
300.293
300.292
300.291
300.289
300.288
300.287
300.286
300.286
300.287
300.287
300.289
300.29
300.291
300.292
300.293
300.294
300.294
300.293
300.293
300.292
300.291
300.29
300.289
300.288
300.287
300.286
300.286
300.285
300.286
300.286
300.287
300.288
300.289
300.29
300.29
300.291
300.291
300.288
300.289
300.29
300.289
300.289
300.289
300.288
300.288
300.287
300.286
300.286
300.287
300.287
300.287
300.288
300.288
300.288
300.288
300.288
300.287
300.282
300.284
300.287
300.289
300.292
300.294
300.296
300.298
300.299
300.298
300.298
300.299
300.298
300.296
300.293
300.29
300.288
300.285
300.283
300.28
300.211
300.21
300.209
300.206
300.204
300.202
300.201
300.2
300.2
300.201
300.203
300.203
300.204
300.205
300.206
300.206
300.207
300.207
300.207
300.208
300.238
300.238
300.238
300.237
300.237
300.236
300.236
300.235
300.236
300.237
300.238
300.239
300.24
300.241
300.241
300.24
300.24
300.239
300.239
300.239
300.253
300.252
300.253
300.254
300.256
300.256
300.256
300.257
300.257
300.258
300.258
300.259
300.259
300.259
300.259
300.258
300.257
300.256
300.257
300.258
300.293
300.288
300.283
300.277
300.271
300.268
300.269
300.271
300.272
300.272
300.272
300.272
300.272
300.27
300.269
300.272
300.278
300.285
300.29
300.293
300.298
300.298
300.296
300.293
300.29
300.287
300.284
300.281
300.279
300.28
300.279
300.279
300.281
300.285
300.288
300.291
300.294
300.296
300.297
300.297
300.297
300.297
300.296
300.296
300.294
300.292
300.29
300.288
300.287
300.286
300.286
300.287
300.288
300.29
300.292
300.294
300.295
300.295
300.295
300.296
300.295
300.294
300.294
300.294
300.293
300.292
300.291
300.29
300.289
300.289
300.289
300.289
300.29
300.291
300.292
300.292
300.293
300.293
300.293
300.293
300.291
300.291
300.292
300.292
300.291
300.291
300.29
300.289
300.289
300.288
300.288
300.288
300.289
300.289
300.29
300.29
300.29
300.29
300.29
300.289
300.286
300.288
300.289
300.29
300.29
300.29
300.29
300.289
300.289
300.288
300.287
300.288
300.289
300.289
300.289
300.289
300.288
300.287
300.286
300.285
300.28
300.282
300.284
300.287
300.289
300.291
300.293
300.294
300.295
300.294
300.294
300.294
300.293
300.292
300.29
300.288
300.285
300.283
300.281
300.278
300.211
300.21
300.209
300.206
300.203
300.202
300.2
300.2
300.2
300.201
300.202
300.203
300.204
300.205
300.205
300.206
300.206
300.207
300.208
300.209
300.235
300.237
300.238
300.237
300.237
300.237
300.236
300.236
300.236
300.238
300.238
300.239
300.24
300.24
300.24
300.24
300.239
300.239
300.239
300.238
300.262
300.256
300.253
300.254
300.255
300.256
300.256
300.257
300.257
300.258
300.258
300.258
300.258
300.258
300.258
300.258
300.256
300.257
300.262
300.268
300.297
300.295
300.289
300.281
300.273
300.268
300.269
300.27
300.272
300.272
300.272
300.272
300.271
300.269
300.269
300.275
300.283
300.29
300.294
300.296
300.298
300.298
300.298
300.295
300.292
300.289
300.285
300.282
300.279
300.279
300.279
300.28
300.283
300.286
300.29
300.293
300.295
300.297
300.297
300.297
300.296
300.296
300.297
300.297
300.296
300.294
300.292
300.291
300.29
300.29
300.29
300.29
300.291
300.292
300.294
300.295
300.296
300.295
300.295
300.294
300.293
300.293
300.294
300.295
300.295
300.295
300.294
300.293
300.293
300.292
300.292
300.292
300.293
300.293
300.294
300.294
300.294
300.293
300.292
300.291
300.289
300.29
300.291
300.292
300.293
300.293
300.293
300.292
300.292
300.292
300.291
300.291
300.292
300.292
300.292
300.292
300.291
300.29
300.288
300.287
300.284
300.286
300.288
300.289
300.29
300.291
300.292
300.292
300.292
300.291
300.291
300.291
300.291
300.29
300.29
300.289
300.288
300.286
300.284
300.282
300.277
300.28
300.282
300.284
300.286
300.288
300.29
300.291
300.291
300.29
300.29
300.29
300.29
300.289
300.287
300.285
300.283
300.281
300.278
300.276
300.21
300.21
300.209
300.206
300.203
300.202
300.201
300.2
300.2
300.201
300.202
300.203
300.204
300.205
300.205
300.205
300.206
300.208
300.209
300.211
300.233
300.236
300.237
300.237
300.236
300.236
300.236
300.236
300.237
300.238
300.238
300.239
300.239
300.24
300.24
300.239
300.238
300.239
300.238
300.237
300.273
300.262
300.252
300.254
300.255
300.256
300.256
300.256
300.257
300.258
300.258
300.258
300.257
300.258
300.258
300.257
300.255
300.258
300.268
300.277
300.299
300.298
300.293
300.283
300.274
300.268
300.268
300.269
300.27
300.27
300.27
300.27
300.269
300.269
300.27
300.277
300.286
300.293
300.296
300.297
300.298
300.298
300.298
300.297
300.294
300.291
300.287
300.283
300.281
300.281
300.281
300.283
300.285
300.288
300.293
300.295
300.297
300.297
300.297
300.296
300.294
300.296
300.297
300.298
300.298
300.297
300.296
300.296
300.295
300.295
300.295
300.295
300.296
300.296
300.297
300.297
300.297
300.296
300.294
300.293
300.29
300.292
300.294
300.296
300.296
300.297
300.297
300.297
300.297
300.296
300.296
300.296
300.296
300.296
300.296
300.295
300.294
300.293
300.291
300.289
300.286
300.288
300.291
300.292
300.294
300.294
300.295
300.295
300.295
300.294
300.294
300.294
300.294
300.294
300.293
300.292
300.291
300.289
300.287
300.284
300.281
300.284
300.286
300.288
300.289
300.291
300.291
300.292
300.292
300.291
300.291
300.291
300.291
300.29
300.289
300.288
300.287
300.285
300.282
300.28
300.275
300.277
300.28
300.282
300.284
300.285
300.287
300.287
300.288
300.287
300.286
300.287
300.286
300.285
300.284
300.282
300.28
300.278
300.276
300.273
)
;

boundaryField
{
    floor
    {
        type            fixedValue;
        value           nonuniform List<scalar> 
400
(
300
300
300
300
300
300
300
300
300
300
300
300
300
300
300
300
300
300
300
300
300
300
300
300
300
300
300
300
300
300
300
300
300
300
300
300
300
300
300
300
300
300
300
300
300
300
300
300
300
300
300
300
300
300
300
300
300
300
300
300
300
300
300
300
300
300
300
300
300
300
300
300
300
300
300
300
300
300
300
300
300
300
300
300
300
300
300
300
300
300
300
300
300
300
300
300
300
300
300
300
300
300
300
300
300
300
300
300
300
300
300
300
300
300
300
300
300
300
300
300
300
300
300
300
300
300
300
300
300
300
300
300
300
300
300
300
300
300
300
300
300
300
300
300
300
300
300
300
300
300
300
300
300
300
300
300
300
300
300
300
300
300
300
300
300
300
300
300
300
300
300
300
300
300
300
300
300
300
300
300
300
300
300
300
300
300
300
300
300
600
600
300
300
300
300
300
300
300
300
300
300
300
300
300
300
300
300
300
300
600
600
300
300
300
300
300
300
300
300
300
300
300
300
300
300
300
300
300
300
300
300
300
300
300
300
300
300
300
300
300
300
300
300
300
300
300
300
300
300
300
300
300
300
300
300
300
300
300
300
300
300
300
300
300
300
300
300
300
300
300
300
300
300
300
300
300
300
300
300
300
300
300
300
300
300
300
300
300
300
300
300
300
300
300
300
300
300
300
300
300
300
300
300
300
300
300
300
300
300
300
300
300
300
300
300
300
300
300
300
300
300
300
300
300
300
300
300
300
300
300
300
300
300
300
300
300
300
300
300
300
300
300
300
300
300
300
300
300
300
300
300
300
300
300
300
300
300
300
300
300
300
300
300
300
300
300
300
300
300
300
300
300
300
300
300
300
300
300
300
300
300
300
300
300
300
300
300
300
300
300
300
300
300
300
300
300
300
300
300
300
)
;
    }
    ceiling
    {
        type            fixedValue;
        value           uniform 300;
    }
    fixedWalls
    {
        type            zeroGradient;
    }
}


// ************************************************************************* //
