/*--------------------------------*- C++ -*----------------------------------*\
| =========                 |                                                 |
| \\      /  F ield         | OpenFOAM: The Open Source CFD Toolbox           |
|  \\    /   O peration     | Version:  1.7.1                                 |
|   \\  /    A nd           | Web:      www.OpenFOAM.com                      |
|    \\/     M anipulation  |                                                 |
\*---------------------------------------------------------------------------*/
FoamFile
{
    version     2.0;
    format      ascii;
    class       volScalarField;
    location    "2000";
    object      alphat;
}
// * * * * * * * * * * * * * * * * * * * * * * * * * * * * * * * * * * * * * //

dimensions      [1 -1 -1 0 0 0 0];

internalField   nonuniform List<scalar> 
4000
(
0.000102409
0.000101213
0.000100895
9.83968e-05
9.61909e-05
9.40002e-05
9.12726e-05
8.91198e-05
8.90777e-05
8.99155e-05
9.02382e-05
9.08862e-05
9.24431e-05
9.42307e-05
9.63065e-05
9.89616e-05
0.00010116
0.0001038
0.000104018
0.000102406
0.000151719
0.000128204
0.000128878
0.000127345
0.000123828
0.000117349
0.000115335
0.000114305
0.000114334
0.000115691
0.000115226
0.000114307
0.000114644
0.000115435
0.000119565
0.000126402
0.000129683
0.000131768
0.000131518
0.000138157
0.000297485
0.000265627
0.000218712
0.000167589
0.000145926
0.000145041
0.000145061
0.000144066
0.000143391
0.00014551
0.000144109
0.000141855
0.000142265
0.000143411
0.000145647
0.000146882
0.000158636
0.000210957
0.000258473
0.000287888
0.000342978
0.000330119
0.000308175
0.000278759
0.000245724
0.00021189
0.000168542
0.000160423
0.000162992
0.000166938
0.000165193
0.000160984
0.000159513
0.000160613
0.000206175
0.000243875
0.000279743
0.000307617
0.000326421
0.000337795
0.000364778
0.000359062
0.000344647
0.00032441
0.000298967
0.000272157
0.000251178
0.00022621
0.000202226
0.000191106
0.000189158
0.000191628
0.000217894
0.000250081
0.000271465
0.000297647
0.00032286
0.000342463
0.000355448
0.000359998
0.000379182
0.0003817
0.000376888
0.00036757
0.00035769
0.000348343
0.000338703
0.000328279
0.000318285
0.000308985
0.000305771
0.000312937
0.00032346
0.00033508
0.000345775
0.000355407
0.000365585
0.000374078
0.000377663
0.000374425
0.000390875
0.000402324
0.000408926
0.000412766
0.000415168
0.00041587
0.000413959
0.000409202
0.000401584
0.000391813
0.000390836
0.000400576
0.000407718
0.000412122
0.000413734
0.000412692
0.000409901
0.000405434
0.000397974
0.000386137
0.000402572
0.000422915
0.000439911
0.000453144
0.000463339
0.000470263
0.000473352
0.000472076
0.000465682
0.000454357
0.000454271
0.00046627
0.000471991
0.000472491
0.000468687
0.000461081
0.000450205
0.000436225
0.000418446
0.000397946
0.000415843
0.000445684
0.000471326
0.000491795
0.000508132
0.000520276
0.000527668
0.000529501
0.000524146
0.00051075
0.000511234
0.000525507
0.000530119
0.000527445
0.000519267
0.000506347
0.000489225
0.000467951
0.000441512
0.000411414
0.000433064
0.000473245
0.00050676
0.000532817
0.000553745
0.000570157
0.000581984
0.000588369
0.000587344
0.000575702
0.000576693
0.000588883
0.000589284
0.000582186
0.000569651
0.000552509
0.00053079
0.000503875
0.000469522
0.000428919
0.000101213
0.00011366
0.000117931
0.000119272
0.000118466
0.000115424
0.00011155
0.000107827
0.000106955
0.000108237
0.00010872
0.000109908
0.000113059
0.000116575
0.000119622
0.000122765
0.00012301
0.00012052
0.00011616
0.000102662
0.000128204
0.000245644
0.000282454
0.000305231
0.000342799
0.000339289
0.000342851
0.000347587
0.000351906
0.000364528
0.000362066
0.000351558
0.000348843
0.000342432
0.000344559
0.000345557
0.000300812
0.000268309
0.000248239
0.000131073
0.000265627
0.000279323
0.000263483
0.000306375
0.000405933
0.000379432
0.000366213
0.000392054
0.000409599
0.000431762
0.000422748
0.000391707
0.000371728
0.000343118
0.000346516
0.000389957
0.000312167
0.000253776
0.000264478
0.00025436
0.000330119
0.000429525
0.000410994
0.000372418
0.00035588
0.000341686
0.000355677
0.000394717
0.000386589
0.000414017
0.000410478
0.000364776
0.000364669
0.000346405
0.000333073
0.000350882
0.00037034
0.000403762
0.000416426
0.000324018
0.000359062
0.00045191
0.000458113
0.000430888
0.000385023
0.000347099
0.00032377
0.000311291
0.000313726
0.000381509
0.000395469
0.000313792
0.000305601
0.00031807
0.000340889
0.00038027
0.000426316
0.000451884
0.00044437
0.000353439
0.0003817
0.000479009
0.000496619
0.000485456
0.000458934
0.000415234
0.000376563
0.000343124
0.000320547
0.000316595
0.000312164
0.000308828
0.000330391
0.000366165
0.000407924
0.000451996
0.000480302
0.000490952
0.000472366
0.00037656
0.000402324
0.00051021
0.000542419
0.000555126
0.000560267
0.00054701
0.000501855
0.000448011
0.000402162
0.000377822
0.000371595
0.000388422
0.000432632
0.000490031
0.000535974
0.000550982
0.000547444
0.000535447
0.000503625
0.00039773
0.000422915
0.000541536
0.000588108
0.000623344
0.000660577
0.00068707
0.000692581
0.000675427
0.000636435
0.000582959
0.00057666
0.000630262
0.000667016
0.000682092
0.000675855
0.000649876
0.000614304
0.000580225
0.000534883
0.000418838
0.000445684
0.000565429
0.000625758
0.000675905
0.000723024
0.000759042
0.000774159
0.000765961
0.000726814
0.00065563
0.000655555
0.000729784
0.000765551
0.000771293
0.000754697
0.000717602
0.00067016
0.000620139
0.000558945
0.000441897
0.000473245
0.000517081
0.000555101
0.000586225
0.000612452
0.000634077
0.000650607
0.00066069
0.000661786
0.000651098
0.000652417
0.000663595
0.00066196
0.000651239
0.000634086
0.000611827
0.000584911
0.000553048
0.000514301
0.000470012
0.000100895
0.000117931
0.000125379
0.000130281
0.000129947
0.000126801
0.000123442
0.000120307
0.000119726
0.000121412
0.000121669
0.000122284
0.000124973
0.000128368
0.000131399
0.000134102
0.000134352
0.000128404
0.000119746
0.000102488
0.000128878
0.000282453
0.000332366
0.000380079
0.000413829
0.000407941
0.000415663
0.000427974
0.000445994
0.000467381
0.000462508
0.000440316
0.00042454
0.000414742
0.000412933
0.000410829
0.000377967
0.000322864
0.000274477
0.000132559
0.000218711
0.000263483
0.000306953
0.000408982
0.000486439
0.000449064
0.000445954
0.000469562
0.000496134
0.000527094
0.000517178
0.000475395
0.000447662
0.000425139
0.000419595
0.00045879
0.000417571
0.000317231
0.000257553
0.00020493
0.000308175
0.000410994
0.000414504
0.000408602
0.000418415
0.000426579
0.00045648
0.000472774
0.000465296
0.000493586
0.000487985
0.000444343
0.000440992
0.000438859
0.000417805
0.00041138
0.000405299
0.000409198
0.000399861
0.0003023
0.000344647
0.000458113
0.000481289
0.000460187
0.000426882
0.000401024
0.000389134
0.00039321
0.000420521
0.000463042
0.000463167
0.000417509
0.000388119
0.000382595
0.000393413
0.00041983
0.000453994
0.000473293
0.000448737
0.000338209
0.000376888
0.000496619
0.000528841
0.000519611
0.000481568
0.000440003
0.000404679
0.000376004
0.000356831
0.000357418
0.000356329
0.000346942
0.000364112
0.000393831
0.000430676
0.000473603
0.000512395
0.000521259
0.000488327
0.000371124
0.000408926
0.000542419
0.000589395
0.000599775
0.000582582
0.000542803
0.000497227
0.000450302
0.000407419
0.000379131
0.000370987
0.000389052
0.000430426
0.000481182
0.000530094
0.000572164
0.000590681
0.000580918
0.000534548
0.000404318
0.000439911
0.000588108
0.000664151
0.000715987
0.000750193
0.000745772
0.000720726
0.000687584
0.000641741
0.000578854
0.000571318
0.000622976
0.000665601
0.000700274
0.000728812
0.000735341
0.000704218
0.000654264
0.000579904
0.000436065
0.000471326
0.000625758
0.000765603
0.000902904
0.00102245
0.00111032
0.00115154
0.00115511
0.00111797
0.00101861
0.00101865
0.00111529
0.00114873
0.00114346
0.00110228
0.00101301
0.000892623
0.000755638
0.000617111
0.000467887
0.00050676
0.000555101
0.000596968
0.000632124
0.000662448
0.000688199
0.00070859
0.000721916
0.000725063
0.000714582
0.000716137
0.000726956
0.000723253
0.000709339
0.000688405
0.0006621
0.000631161
0.000595365
0.00055289
0.000504036
9.83968e-05
0.000119272
0.000130281
0.000135614
0.000135093
0.000133324
0.00013128
0.000129361
0.000129744
0.000132349
0.000132347
0.000131883
0.000133467
0.000135945
0.000138092
0.000139605
0.000139735
0.000134778
0.000122901
0.000100473
0.000127345
0.000305232
0.000380079
0.000428395
0.000438768
0.000441209
0.000455724
0.000474117
0.000503578
0.000532544
0.000527215
0.000496135
0.000471443
0.000458411
0.000451189
0.000443499
0.000429806
0.000397768
0.000322507
0.000131904
0.000167588
0.000306376
0.000408983
0.000500284
0.000509729
0.000479778
0.00049812
0.0005199
0.000552758
0.000588566
0.000581564
0.000534969
0.000502495
0.00048239
0.000465515
0.000475427
0.000493217
0.000443546
0.000347486
0.000155977
0.000278759
0.000372419
0.000408602
0.000437094
0.000465671
0.000488464
0.000518737
0.00051958
0.000522776
0.00055084
0.000547128
0.000503741
0.000491345
0.00049647
0.000483901
0.000460926
0.000434614
0.00040842
0.000369155
0.000272726
0.000324409
0.000430888
0.000460187
0.000457067
0.000447073
0.000440054
0.000444012
0.000463394
0.000493856
0.000517576
0.000517456
0.000485515
0.000458442
0.000440769
0.000434552
0.000440408
0.000450451
0.000452315
0.000421407
0.00031747
0.000367569
0.000485455
0.000519611
0.00051309
0.000486397
0.000458072
0.000435645
0.000420686
0.000418418
0.000443708
0.000452026
0.000415578
0.000412089
0.000426631
0.000449157
0.000477898
0.000504531
0.00051027
0.000475757
0.000361519
0.000412766
0.000555125
0.000599775
0.00060264
0.000583705
0.000554181
0.000522508
0.000491669
0.000463217
0.000446908
0.000439219
0.000445327
0.000472532
0.000506758
0.000541725
0.000573517
0.000593074
0.000590648
0.000547187
0.000408256
0.000453144
0.000623344
0.000715987
0.000776775
0.000806979
0.000804818
0.000784055
0.000754686
0.000709769
0.00064854
0.000639134
0.000687945
0.000730655
0.000762728
0.000787391
0.000792184
0.000764509
0.000705955
0.000615619
0.000449485
0.000491794
0.000675904
0.000902903
0.00115715
0.00134346
0.00140876
0.00142816
0.00141789
0.00134439
0.001205
0.0012089
0.00133959
0.00140897
0.00141899
0.00140125
0.00133415
0.00114522
0.000890948
0.000666637
0.000488576
0.000532817
0.000586225
0.000632124
0.000671414
0.00070594
0.00073616
0.000761098
0.000778408
0.000784307
0.0007757
0.000777571
0.000786234
0.000779755
0.000761874
0.000736439
0.000705702
0.000670587
0.000630757
0.000584362
0.000530427
9.61909e-05
0.000118466
0.000129947
0.000135093
0.000136744
0.000137205
0.00013671
0.000136285
0.000138134
0.000142337
0.000142087
0.000140045
0.000140105
0.000141231
0.000141915
0.000141453
0.000139533
0.00013407
0.000122538
9.87569e-05
0.000123828
0.000342799
0.00041383
0.000438768
0.000449674
0.000465772
0.000483948
0.000508628
0.00054795
0.000584166
0.000579018
0.000541176
0.000509112
0.00049168
0.000480162
0.000465799
0.000449267
0.000424626
0.000358103
0.000128504
0.000145926
0.000405935
0.00048644
0.000509729
0.000495994
0.000511289
0.000536839
0.000561136
0.000603748
0.000641957
0.000636752
0.000587054
0.00054624
0.000526289
0.000507722
0.00048638
0.000482687
0.000474934
0.000411225
0.000150799
0.000245724
0.000355881
0.000418415
0.000465671
0.000503256
0.000534868
0.000551716
0.000550121
0.000570437
0.000602929
0.000601047
0.000555555
0.000528661
0.000531674
0.000531111
0.000505477
0.000465616
0.000418465
0.000354019
0.00023895
0.000298967
0.000385023
0.000426882
0.000447073
0.000459048
0.00047125
0.000491427
0.000517669
0.00054472
0.000576673
0.000578597
0.000536478
0.00051112
0.000490472
0.000470901
0.000456165
0.000442437
0.000420957
0.000377133
0.000291648
0.00035769
0.000458933
0.000481568
0.000486396
0.000478957
0.000468581
0.000461921
0.000462682
0.000483026
0.000535183
0.000547032
0.000486319
0.000459491
0.000456463
0.000462422
0.000472284
0.000478937
0.00047252
0.000448514
0.000351645
0.000415168
0.000560267
0.000582582
0.000583705
0.000577861
0.000565085
0.000550001
0.000537212
0.000532985
0.000550889
0.000547014
0.000519482
0.000522346
0.000537452
0.000555107
0.000569682
0.000575513
0.000572089
0.000551545
0.000410799
0.000463339
0.000660577
0.000750192
0.000806979
0.000839491
0.000843117
0.000833172
0.000814449
0.000778171
0.00072895
0.000718962
0.000758181
0.000793827
0.000815669
0.000829131
0.000827677
0.000796648
0.000741601
0.000653218
0.000459814
0.000508132
0.000723024
0.00102245
0.00134346
0.00149124
0.00157918
0.00163463
0.00164042
0.00155473
0.00138041
0.00138266
0.00154935
0.00163154
0.00162551
0.001571
0.00148261
0.00133164
0.00101149
0.000713733
0.000505049
0.000553745
0.000612452
0.000662448
0.00070594
0.000746034
0.000782379
0.000812863
0.000835145
0.000845535
0.000841551
0.000843547
0.000847604
0.000836607
0.000813701
0.000782676
0.000745887
0.000705147
0.000661206
0.000610793
0.000551575
9.40003e-05
0.000115424
0.000126801
0.000133324
0.000137205
0.000139435
0.00014054
0.000141901
0.000145569
0.000152077
0.000151727
0.000147489
0.000145544
0.000144851
0.000143831
0.000141578
0.000137727
0.00013115
0.000119443
9.59024e-05
0.000117349
0.00033929
0.000407942
0.00044121
0.000465772
0.000486625
0.000506623
0.000537393
0.000582236
0.000617861
0.000613597
0.000578248
0.000541802
0.000519014
0.000503229
0.000484483
0.000460211
0.000426416
0.000355565
0.000121527
0.000145041
0.000379433
0.000449065
0.000479778
0.00051129
0.000541775
0.000562389
0.000591136
0.000631627
0.000647437
0.000641074
0.0006176
0.000580631
0.000558211
0.000541674
0.000514567
0.000477821
0.000438587
0.000369959
0.000149666
0.00021189
0.000341686
0.00042658
0.000488465
0.000534868
0.000561274
0.00056515
0.00057064
0.000597141
0.000605995
0.000600177
0.000583834
0.000556768
0.000551547
0.000553796
0.000538512
0.000496204
0.000431597
0.0003413
0.000202224
0.000272157
0.000347099
0.000401024
0.000440055
0.00047125
0.000500922
0.000528806
0.000552644
0.000576602
0.000591998
0.000590237
0.000570212
0.00054763
0.000530015
0.000505337
0.000474846
0.000440577
0.000398895
0.000342261
0.000267034
0.000348343
0.000415234
0.000440003
0.000458072
0.000468581
0.00047547
0.000483689
0.000499963
0.000537067
0.000591065
0.000599723
0.000543793
0.000502313
0.000483265
0.000473802
0.000465941
0.000454158
0.000434202
0.000406855
0.000342331
0.000415869
0.00054701
0.000542802
0.000554181
0.000565085
0.000568835
0.000568224
0.000571408
0.000593374
0.000648459
0.000648992
0.000586469
0.000562931
0.000560925
0.000563229
0.000560514
0.000548808
0.000534204
0.000534877
0.000411547
0.000470263
0.000687069
0.000745771
0.000804818
0.000843117
0.000859244
0.000864329
0.00085574
0.000823236
0.000783641
0.000774895
0.000807526
0.000840677
0.000852657
0.000850358
0.000835605
0.000797246
0.000736662
0.000679093
0.000466803
0.000520276
0.000759042
0.00111032
0.00140876
0.00157918
0.00171053
0.00179428
0.00179532
0.00164996
0.00137252
0.00137405
0.00164522
0.00178629
0.00178714
0.00170547
0.00157424
0.00139721
0.00110227
0.000749896
0.000517265
0.000570157
0.000634077
0.000688199
0.00073616
0.000782379
0.000824579
0.000860777
0.000888477
0.000904189
0.000906482
0.000908763
0.000906593
0.000890166
0.000861817
0.000825077
0.00078238
0.00073548
0.000687043
0.000632534
0.000568125
9.12727e-05
0.00011155
0.000123442
0.00013128
0.00013671
0.00014054
0.000143551
0.000147132
0.000153307
0.000164175
0.00016388
0.000155341
0.000150453
0.000147246
0.000144115
0.000140113
0.000134785
0.000127372
0.000115713
9.28886e-05
0.000115335
0.000342852
0.000415664
0.000455724
0.000483948
0.000506623
0.000530906
0.000566417
0.00060793
0.000631988
0.000627577
0.000607113
0.000573746
0.000545789
0.000524374
0.000501758
0.000473381
0.000433732
0.00036017
0.000117744
0.000145061
0.000366214
0.000445954
0.00049812
0.000536839
0.000562389
0.00058591
0.000613872
0.00062487
0.000569127
0.000558314
0.000612706
0.0006066
0.000585305
0.000565036
0.000539684
0.000503879
0.000454196
0.000376029
0.000147188
0.000168542
0.000355678
0.000456481
0.000518737
0.000551716
0.00056515
0.000571665
0.000585037
0.000582072
0.000492412
0.000478909
0.00056817
0.000577011
0.000566809
0.000560144
0.000549222
0.000522836
0.000472385
0.000379932
0.000160948
0.000251178
0.00032377
0.000389134
0.000444013
0.000491427
0.000528806
0.000554921
0.000572518
0.000571529
0.000482809
0.000471709
0.000562757
0.000570769
0.000557913
0.00053607
0.00050056
0.000452613
0.000393499
0.000324019
0.000247334
0.000338702
0.000376563
0.000404679
0.000435645
0.000461921
0.000483689
0.000504959
0.000531632
0.000560685
0.000521788
0.000519128
0.000564977
0.000538511
0.000510748
0.000487532
0.000464223
0.000436101
0.000402245
0.000370197
0.000332345
0.000413959
0.000501854
0.000497227
0.000522508
0.000550001
0.000568224
0.000579652
0.000597032
0.000636736
0.000660378
0.000660284
0.000635877
0.000596162
0.000579102
0.00056823
0.00054989
0.000520096
0.000489569
0.00048781
0.000409587
0.000473352
0.000692581
0.000720726
0.000784054
0.000833172
0.000864329
0.00087928
0.000868754
0.000829463
0.000790655
0.000784356
0.000819222
0.000859501
0.000873234
0.000860851
0.000830366
0.000780199
0.000713847
0.000683343
0.000469891
0.000527667
0.000774158
0.00115154
0.00142816
0.00163463
0.00179428
0.00187963
0.00183041
0.00155617
0.00118792
0.00118815
0.00155842
0.00182039
0.00187335
0.0017906
0.00163221
0.00142031
0.00114186
0.000764487
0.000524664
0.000581984
0.000650607
0.00070859
0.000761097
0.000812863
0.000860777
0.000902967
0.000937248
0.000961702
0.000978833
0.00098165
0.000964759
0.000939382
0.000904385
0.000861565
0.000813068
0.000760547
0.000707483
0.00064913
0.000580028
8.91199e-05
0.000107827
0.000120307
0.000129361
0.000136285
0.000141901
0.000147132
0.00015372
0.000163359
0.000178748
0.000178777
0.000165404
0.000156311
0.000149562
0.000143855
0.000137873
0.000130934
0.000122268
0.000110235
8.97393e-05
0.000114305
0.000347587
0.000427974
0.000474118
0.000508629
0.000537393
0.000566417
0.000599441
0.00060634
0.000495226
0.000487419
0.000607164
0.000606535
0.00057938
0.000552223
0.000523153
0.000487698
0.000441216
0.000360812
0.000115568
0.000144066
0.000392054
0.000469562
0.000519901
0.000561136
0.000591136
0.000613871
0.000613255
0.000522741
0.000335913
0.000328951
0.000508837
0.000605062
0.000611647
0.000592184
0.000561295
0.00052103
0.000473656
0.000398419
0.00014595
0.000160423
0.000394718
0.000472775
0.00051958
0.000550121
0.00057064
0.000585037
0.000571427
0.000445912
0.000353708
0.000356657
0.000430996
0.000563772
0.000584142
0.000571319
0.000548944
0.000515887
0.000472479
0.000400156
0.000164283
0.00022621
0.000311291
0.00039321
0.000463394
0.000517669
0.000552643
0.000572518
0.000562701
0.000430116
0.000439054
0.000453714
0.000420254
0.000560761
0.000577748
0.000560268
0.000527382
0.000475394
0.000403733
0.000315672
0.000217445
0.000328279
0.000343124
0.000376004
0.000420686
0.000462682
0.000499963
0.000531632
0.00054569
0.000444265
0.000523067
0.000546374
0.000442617
0.000552981
0.000542922
0.00051025
0.000470388
0.000424678
0.000375765
0.000337411
0.000321692
0.000409202
0.00044801
0.000450302
0.000491669
0.000537212
0.000571408
0.000597032
0.000624423
0.000593265
0.000648925
0.000663278
0.000593226
0.00063041
0.000604159
0.000577889
0.000541849
0.000492129
0.00044419
0.000435269
0.000404786
0.000472076
0.000675426
0.000687583
0.000754685
0.000814449
0.00085574
0.000868754
0.000847488
0.00079797
0.000788627
0.000792053
0.000793261
0.000843469
0.000867422
0.000856711
0.000816043
0.000754373
0.000683023
0.000666087
0.000468612
0.000529501
0.000765961
0.00115511
0.00141789
0.00164042
0.00179532
0.00183041
0.00165196
0.00131177
0.00121713
0.00122442
0.00131076
0.00164167
0.00182191
0.00179213
0.00163815
0.00141186
0.00114806
0.00075699
0.000526525
0.000588368
0.00066069
0.000721915
0.000778407
0.000835145
0.000888476
0.000937248
0.000981247
0.00102519
0.00107561
0.00107957
0.00102914
0.000984256
0.000939255
0.000889716
0.000835588
0.000777982
0.000720875
0.000659258
0.000586445
8.90778e-05
0.000106955
0.000119727
0.000129744
0.000138134
0.000145569
0.000153307
0.000163359
0.000173084
0.000187823
0.000188718
0.000175152
0.000164716
0.000153709
0.000145082
0.000137031
0.000128439
0.000118607
0.000106211
8.74004e-05
0.000114334
0.000351906
0.000445995
0.000503579
0.00054795
0.000582236
0.00060793
0.00060634
0.00046636
0.000478839
0.000480714
0.000471249
0.000611571
0.000614798
0.000589298
0.000554729
0.000509356
0.00045123
0.000357302
0.000114524
0.000143391
0.0004096
0.000496135
0.000552759
0.000603748
0.000631627
0.000624869
0.000522741
0.000332013
0.00065271
0.000668021
0.000328747
0.000514336
0.000615664
0.00062477
0.000596069
0.00054816
0.000493413
0.000408516
0.000144481
0.000162992
0.00038659
0.000465296
0.000522776
0.000570437
0.000597141
0.000582072
0.000445912
0.00037508
0.000967122
0.000992977
0.000379812
0.000438609
0.000575815
0.000595712
0.000567614
0.000521322
0.000463972
0.000386559
0.000164301
0.000202226
0.000313727
0.000420521
0.000493856
0.000544719
0.000576602
0.000571529
0.000430115
0.000499777
0.00132886
0.00136313
0.000522498
0.000427624
0.000572672
0.00058315
0.000552187
0.000502243
0.000431684
0.000321509
0.00019053
0.000318285
0.000320547
0.000356831
0.000418418
0.000483025
0.000537066
0.000560685
0.000444264
0.00059686
0.00161221
0.00165442
0.000631476
0.000447983
0.000571944
0.000551646
0.000495822
0.000426857
0.000359131
0.00031632
0.000311617
0.000401584
0.000402162
0.000407419
0.000463217
0.000532985
0.000593374
0.000636736
0.000593265
0.000725532
0.00177142
0.00181383
0.000760219
0.000600397
0.000651069
0.000607357
0.000543569
0.000468177
0.000405327
0.000394265
0.000397148
0.000465681
0.000636435
0.00064174
0.000709769
0.00077817
0.000823236
0.000829462
0.00079797
0.000861947
0.00176951
0.00180615
0.000885393
0.000799582
0.00083316
0.00082879
0.000783861
0.000712907
0.000639275
0.000627729
0.000462261
0.000524146
0.000726813
0.00111797
0.00134439
0.00155473
0.00164996
0.00155617
0.00131177
0.0012921
0.00171264
0.00173644
0.0013117
0.00130949
0.00154448
0.00164615
0.00155217
0.00133795
0.0011129
0.000719153
0.000521259
0.000587344
0.000661786
0.000725063
0.000784307
0.000845535
0.000904189
0.000961702
0.00102519
0.00110468
0.00119437
0.0011995
0.00111062
0.00102993
0.000964847
0.000906196
0.000846448
0.000784089
0.000724095
0.000660398
0.000585445
8.99156e-05
0.000108237
0.000121412
0.000132349
0.000142337
0.000152077
0.000164176
0.000178748
0.000187823
0.00019119
0.000191598
0.000187633
0.000178065
0.000162125
0.000148956
0.000138747
0.000128656
0.000117944
0.000105176
8.68088e-05
0.000115691
0.000364529
0.000467382
0.000532545
0.000584167
0.000617862
0.000631989
0.000495226
0.000478839
0.000288092
0.000291391
0.000478335
0.000508109
0.000636853
0.00061889
0.000585177
0.000532576
0.000466663
0.000363682
0.000115665
0.000145511
0.000431763
0.000527096
0.000588567
0.000641958
0.000647438
0.000569128
0.000335913
0.000652709
0.000437632
0.000442676
0.000641628
0.000336247
0.000559215
0.000632642
0.000627198
0.000578083
0.000519574
0.000427829
0.000146493
0.000166938
0.000414018
0.000493587
0.00055084
0.00060293
0.000605995
0.000492413
0.000353708
0.000967121
0.000617086
0.000625283
0.000964822
0.000360076
0.000483094
0.000595122
0.000593143
0.000545498
0.000489913
0.000412448
0.000167254
0.000191105
0.00038151
0.000463043
0.000517576
0.000576673
0.000591998
0.00048281
0.000439054
0.00132886
0.000830677
0.000842292
0.00134453
0.000463071
0.000479107
0.000592167
0.000578094
0.000519974
0.00046574
0.000385875
0.000183379
0.000308984
0.000316595
0.000357418
0.000443708
0.000535183
0.000591065
0.000521788
0.000523066
0.00161221
0.0010672
0.00108199
0.00164856
0.000554619
0.000526452
0.000604746
0.000550869
0.000455906
0.00036304
0.000314608
0.000302596
0.000391813
0.000377821
0.000379131
0.000446908
0.00055089
0.000648459
0.000660378
0.000648924
0.00177141
0.00129824
0.00131484
0.00182088
0.000679404
0.00067799
0.000670715
0.000570239
0.000459027
0.000382273
0.000374931
0.000387845
0.000454356
0.000582959
0.000578853
0.00064854
0.000728949
0.00078364
0.000790655
0.000788626
0.00176951
0.0014692
0.00148672
0.00182601
0.000809022
0.000801458
0.000797774
0.000742731
0.000658649
0.000582509
0.000579079
0.000451568
0.000510749
0.000655629
0.00101861
0.001205
0.00138041
0.00137252
0.00118792
0.00121713
0.00171264
0.00157809
0.00159631
0.0017523
0.00123792
0.00119727
0.0013791
0.00138216
0.00120642
0.00101365
0.000655246
0.000508492
0.000575702
0.000651098
0.000714581
0.0007757
0.000841551
0.000906482
0.000978833
0.00107561
0.00119437
0.00123483
0.00123862
0.00120245
0.00108266
0.00098417
0.000909984
0.0008433
0.000776056
0.000713604
0.00064977
0.000573949
9.02384e-05
0.00010872
0.00012167
0.000132347
0.000142088
0.000151727
0.000163881
0.000178777
0.000188718
0.000191598
0.000189993
0.000186678
0.000177674
0.000161825
0.000148726
0.000138751
0.000128871
0.000118354
0.000105688
8.72015e-05
0.000115227
0.000362067
0.00046251
0.000527217
0.00057902
0.000613599
0.000627578
0.00048742
0.000480715
0.000291392
0.000293125
0.000484917
0.000505269
0.00063601
0.000616843
0.000582481
0.000529219
0.000462903
0.00036007
0.00011532
0.000144109
0.00042275
0.000517181
0.000581567
0.000636754
0.000641076
0.000558316
0.000328952
0.000668023
0.000442677
0.000446627
0.000666339
0.000328611
0.000550295
0.000626682
0.000623305
0.000572166
0.000511219
0.000419277
0.000145082
0.000165193
0.000410481
0.000487987
0.000547131
0.000601049
0.000600178
0.00047891
0.000356659
0.000992981
0.000625284
0.00063016
0.000998369
0.00036138
0.000471748
0.000587707
0.000588601
0.000539978
0.000482783
0.000406131
0.000165076
0.000189157
0.000395471
0.000463169
0.000517458
0.0005786
0.000590239
0.00047171
0.000453717
0.00136313
0.000842294
0.000846008
0.00137908
0.000473848
0.000470883
0.000588349
0.000576117
0.000516479
0.000460586
0.000386787
0.000180825
0.00030577
0.000312164
0.00035633
0.000452028
0.000547034
0.000599725
0.000519129
0.000546379
0.00165443
0.001082
0.00108338
0.00168207
0.000564954
0.000525623
0.000610398
0.000558192
0.00046051
0.000361709
0.000310215
0.000298995
0.000390836
0.000371595
0.000370986
0.000439219
0.000547015
0.000648993
0.000660284
0.000663282
0.00181384
0.00131485
0.00131326
0.00184639
0.000680502
0.000677837
0.000668752
0.00056658
0.000454398
0.000377148
0.000370046
0.000387016
0.000454271
0.000576659
0.000571317
0.000639133
0.000718961
0.000774894
0.000784355
0.000792056
0.00180615
0.00148672
0.00148332
0.00184099
0.000807248
0.000800429
0.000793524
0.000736889
0.000653657
0.000578893
0.000575995
0.000451884
0.000511234
0.000655554
0.00101865
0.0012089
0.00138266
0.00137405
0.00118815
0.00122442
0.00173645
0.00159631
0.00159285
0.0017608
0.00123971
0.00120427
0.00139088
0.00138962
0.0012116
0.00101567
0.000659838
0.000509349
0.000576694
0.000652417
0.000716137
0.000777572
0.000843547
0.000908763
0.000981651
0.00107957
0.0011995
0.00123863
0.00123408
0.00120196
0.00108233
0.000983977
0.000910373
0.000843973
0.000776777
0.000714144
0.000650459
0.000574854
9.08863e-05
0.000109908
0.000122285
0.000131883
0.000140045
0.00014749
0.000155341
0.000165404
0.000175152
0.000187633
0.000186678
0.000173197
0.000162447
0.000151546
0.000143507
0.000136133
0.000128233
0.000119083
0.000107163
8.81591e-05
0.000114308
0.000351559
0.000440318
0.000496137
0.000541178
0.000578251
0.000607116
0.000607166
0.00047125
0.000478335
0.000484917
0.000483308
0.00061687
0.000608727
0.000578654
0.000541935
0.000496674
0.000440574
0.00034975
0.000114309
0.000141855
0.000391709
0.000475398
0.000534972
0.000587057
0.000617603
0.000612708
0.000508838
0.000328749
0.000641628
0.000666339
0.000325521
0.000504404
0.000603244
0.00061125
0.000582418
0.000532327
0.00047616
0.000393441
0.000142879
0.000160984
0.000364778
0.000444345
0.000503743
0.000555558
0.000583836
0.000568171
0.000430997
0.000379814
0.000964823
0.000998369
0.000385549
0.000425092
0.000562306
0.000583414
0.000555004
0.00050667
0.000448537
0.000371118
0.000161004
0.000191627
0.000313794
0.000417511
0.000485518
0.00053648
0.000570215
0.000562758
0.000420255
0.000522501
0.00134453
0.00137908
0.0005354
0.000419066
0.000565011
0.000577369
0.000545102
0.000493879
0.000423327
0.000317894
0.000180318
0.000312936
0.000308828
0.000346943
0.00041558
0.000486321
0.000543795
0.000564979
0.000442618
0.000631481
0.00164856
0.00168207
0.000652266
0.000450003
0.000576091
0.000556203
0.00049838
0.00042632
0.000354746
0.000307874
0.000305488
0.000400576
0.000388421
0.000389051
0.000445327
0.000519483
0.000586469
0.000635877
0.000593226
0.000760223
0.00182089
0.00184639
0.000775792
0.000596599
0.000646721
0.000599322
0.000532261
0.00045537
0.000393095
0.00038511
0.000396814
0.00046627
0.000630261
0.000622975
0.000687944
0.000758181
0.000807525
0.000819221
0.00079326
0.000885396
0.00182601
0.00184099
0.000898497
0.000800408
0.00082751
0.000815603
0.000766622
0.000695719
0.000627851
0.000628691
0.000464055
0.000525507
0.000729784
0.00111529
0.00133959
0.00154935
0.00164522
0.00155842
0.00131076
0.0013117
0.0017523
0.0017608
0.00132323
0.00132835
0.00157547
0.00165053
0.0015462
0.00133374
0.00111831
0.000732115
0.000523731
0.000588883
0.000663596
0.000726957
0.000786234
0.000847604
0.000906593
0.00096476
0.00102914
0.00111062
0.00120245
0.00120196
0.00111156
0.00103051
0.000965974
0.000906939
0.000846853
0.000784488
0.000724808
0.000661583
0.000587077
9.24431e-05
0.000113059
0.000124973
0.000133467
0.000140106
0.000145544
0.000150453
0.000156311
0.000164716
0.000178065
0.000177675
0.000162447
0.00015249
0.000146202
0.0001412
0.000135923
0.000129742
0.000121866
0.00011053
9.01316e-05
0.000114644
0.000348845
0.000424542
0.000471445
0.000509114
0.000541804
0.000573748
0.000606536
0.000611572
0.000508109
0.000505269
0.000616871
0.000604985
0.000569357
0.000538181
0.00050697
0.000470877
0.000425896
0.000349149
0.0001147
0.000142265
0.00037173
0.000447664
0.000502497
0.000546242
0.000580633
0.000606602
0.000605063
0.000514337
0.000336248
0.000328611
0.000504404
0.000596354
0.000601806
0.000579739
0.000547136
0.000502826
0.000454042
0.000378734
0.000143547
0.000159514
0.00036467
0.000440993
0.000491347
0.000528662
0.00055677
0.000577013
0.000563773
0.000438609
0.000360078
0.00036138
0.000425093
0.000556926
0.000578385
0.000562338
0.000536431
0.00049946
0.000452774
0.000378011
0.000160194
0.000217892
0.000305601
0.00038812
0.000458443
0.000511122
0.000547631
0.000570771
0.000560762
0.000427624
0.000463073
0.000473847
0.000419066
0.000560109
0.000578272
0.000558362
0.000523392
0.000469926
0.000398524
0.000310731
0.000206354
0.00032346
0.000330391
0.000364112
0.000412089
0.000459492
0.000502314
0.000538512
0.000552982
0.000447983
0.000554621
0.000564954
0.000450004
0.000560691
0.000549817
0.0005139
0.000470287
0.000420566
0.000367662
0.000326737
0.000315748
0.000407718
0.000432631
0.000430425
0.000472531
0.000522345
0.000562931
0.000596161
0.000630409
0.000600397
0.000679405
0.000680503
0.000596599
0.000631782
0.000600682
0.000568615
0.000527692
0.00047527
0.000426955
0.000418139
0.000403582
0.000471991
0.000667015
0.0006656
0.000730655
0.000793826
0.000840677
0.0008595
0.000843468
0.000799581
0.000809023
0.000807249
0.000800408
0.000842106
0.000857036
0.000839236
0.000794155
0.000731876
0.000666961
0.000669974
0.000469412
0.000530119
0.00076555
0.00114873
0.00140897
0.00163155
0.00178629
0.00182039
0.00164167
0.00130949
0.00123792
0.00123971
0.00132835
0.00166388
0.00182582
0.00178052
0.00162272
0.00139921
0.00114771
0.000764787
0.000527843
0.000589284
0.00066196
0.000723253
0.000779755
0.000836607
0.000890167
0.000939383
0.000984257
0.00102993
0.00108266
0.00108233
0.00103051
0.000985297
0.000939751
0.000889458
0.000834934
0.000777316
0.000720589
0.000659522
0.000587091
9.42308e-05
0.000116575
0.000128368
0.000135945
0.000141231
0.000144852
0.000147246
0.000149562
0.000153709
0.000162125
0.000161825
0.000151546
0.000146202
0.000143753
0.000141148
0.000137441
0.000132571
0.000125622
0.000114571
9.26914e-05
0.000115435
0.000342433
0.000414743
0.000458413
0.000491681
0.000519016
0.000545791
0.000579381
0.000614799
0.000636854
0.000636011
0.000608727
0.000569357
0.000534681
0.000511275
0.000487913
0.000458162
0.000418294
0.000347948
0.000115979
0.000143411
0.00034312
0.000425141
0.000482392
0.000526291
0.000558213
0.000585307
0.000611648
0.000615665
0.000559215
0.000550296
0.000603244
0.000601806
0.000580648
0.000558295
0.000530154
0.000488002
0.000434906
0.000357756
0.00014497
0.000160613
0.000346407
0.000438861
0.000496472
0.000531675
0.000551548
0.000566811
0.000584143
0.000575815
0.000483094
0.000471749
0.000562307
0.000578385
0.000567482
0.000558333
0.000543954
0.000513045
0.000460082
0.000369033
0.000156571
0.00025008
0.00031807
0.000382596
0.00044077
0.000490474
0.000530016
0.000557914
0.00057775
0.000572672
0.000479107
0.000470884
0.000565011
0.000578272
0.000563768
0.000539622
0.000503379
0.000453509
0.000392149
0.000320417
0.000238979
0.000335079
0.000366164
0.000393831
0.000426631
0.000456463
0.000483266
0.000510748
0.000542922
0.000571945
0.000526452
0.000525623
0.000576091
0.000549817
0.000518718
0.000491404
0.000462954
0.000429973
0.000392486
0.000359327
0.000327386
0.000412121
0.00049003
0.000481181
0.000506757
0.000537451
0.000560924
0.000579102
0.000604159
0.000651068
0.000677989
0.000677837
0.000646721
0.000600682
0.00057733
0.000560276
0.000536531
0.000503516
0.000473103
0.000474575
0.000407554
0.000472491
0.000682092
0.000700273
0.000762727
0.000815668
0.000852656
0.000873233
0.00086742
0.000833159
0.000801457
0.000800429
0.00082751
0.000857036
0.000862712
0.000844281
0.000809462
0.000757807
0.000696474
0.000681926
0.000469393
0.000527445
0.000771292
0.00114346
0.00141899
0.00162551
0.00178714
0.00187335
0.00182191
0.00154448
0.00119727
0.00120427
0.00157547
0.00182582
0.00186241
0.00177419
0.00161515
0.00140619
0.0011368
0.000766924
0.000524616
0.000582186
0.000651239
0.000709339
0.000761874
0.000813701
0.000861817
0.000904385
0.000939256
0.000964848
0.00098417
0.000983977
0.000965974
0.000939751
0.000903766
0.000860252
0.000811437
0.000758979
0.00070628
0.000648418
0.000579617
9.63065e-05
0.000119622
0.000131399
0.000138092
0.000141915
0.000143831
0.000144115
0.000143855
0.000145082
0.000148956
0.000148726
0.000143507
0.0001412
0.000141148
0.000140806
0.000138859
0.000135339
0.000129135
0.0001179
9.53053e-05
0.000119565
0.00034456
0.000412934
0.00045119
0.000480163
0.000503231
0.000524375
0.000552225
0.000589299
0.000618891
0.000616844
0.000578656
0.000538182
0.000511276
0.000494555
0.000476124
0.000451562
0.000418333
0.000350189
0.000121578
0.000145647
0.000346516
0.000419596
0.000465516
0.000507723
0.000541675
0.000565037
0.000592185
0.000624771
0.000632643
0.000626682
0.00061125
0.000579739
0.000558295
0.000542284
0.000511322
0.000472015
0.000429659
0.000359635
0.000148458
0.000206174
0.000333073
0.000417805
0.000483902
0.000531112
0.000553797
0.000560145
0.00057132
0.000595713
0.000595122
0.000587707
0.000583415
0.000562338
0.000558333
0.000560983
0.000544481
0.000499518
0.000433592
0.000341903
0.000195752
0.000271465
0.000340888
0.000393413
0.000434552
0.000470902
0.000505338
0.000536071
0.000560269
0.000583151
0.000592168
0.00058835
0.000577369
0.000558362
0.000539622
0.000514978
0.000482173
0.000443782
0.000397453
0.000337692
0.000260476
0.000345774
0.000407923
0.000430675
0.000449157
0.000462422
0.000473802
0.000487532
0.000510251
0.000551647
0.000604746
0.000610399
0.000556203
0.000513901
0.000491404
0.000476938
0.000463703
0.00044719
0.000424004
0.000395592
0.000337931
0.000413734
0.000535973
0.000530093
0.000541724
0.000555106
0.000563229
0.00056823
0.000577889
0.000607357
0.000670714
0.000668753
0.000599322
0.000568615
0.000560276
0.000556445
0.000548426
0.000533511
0.000519342
0.000526197
0.000408764
0.000468687
0.000675855
0.000728811
0.00078739
0.00082913
0.000850357
0.000860849
0.00085671
0.000828789
0.000797773
0.000793524
0.000815604
0.000839237
0.000844281
0.000836241
0.000816705
0.000776531
0.000719576
0.00067402
0.000465106
0.000519267
0.000754696
0.00110228
0.00140125
0.001571
0.00170547
0.0017906
0.00179213
0.00164615
0.0013791
0.00139088
0.00165053
0.00178052
0.00177419
0.00169037
0.00155846
0.00138291
0.0010996
0.000749949
0.000516035
0.000569651
0.000634086
0.000688405
0.00073644
0.000782676
0.000825077
0.000861565
0.000889717
0.000906196
0.000909984
0.000910373
0.000906939
0.000889458
0.000860252
0.000822968
0.000780053
0.000733217
0.000685138
0.000630977
0.000566739
9.89616e-05
0.000122765
0.000134101
0.000139605
0.000141453
0.000141578
0.000140114
0.000137874
0.000137031
0.000138747
0.000138751
0.000136133
0.000135923
0.000137441
0.000138859
0.000138908
0.000137315
0.000132178
0.000121059
9.80448e-05
0.000126402
0.000345558
0.00041083
0.000443499
0.0004658
0.000484484
0.000501759
0.000523154
0.00055473
0.000585178
0.000582482
0.000541936
0.000506971
0.000487913
0.000476125
0.000462069
0.000446393
0.000422223
0.000357168
0.000129447
0.000146882
0.000389957
0.00045879
0.000475427
0.000486381
0.000514568
0.000539685
0.000561296
0.00059607
0.000627199
0.000623306
0.000582418
0.000547136
0.000530155
0.000511322
0.000488786
0.000481536
0.000470002
0.000403902
0.000151811
0.000243874
0.000350882
0.00041138
0.000460926
0.000505478
0.000538513
0.000549223
0.000548945
0.000567615
0.000593144
0.000588601
0.000555005
0.000536431
0.000543954
0.000544481
0.000518468
0.000475813
0.000421086
0.000351806
0.000232698
0.000297646
0.000380269
0.00041983
0.000440408
0.000456165
0.000474847
0.000500561
0.000527383
0.000552189
0.000578095
0.000576118
0.000545102
0.000523392
0.000503379
0.000482173
0.000463178
0.000443062
0.000416331
0.000370696
0.000286156
0.000355407
0.000451996
0.000473602
0.000477897
0.000472284
0.000465941
0.000464224
0.000470388
0.000495823
0.00055087
0.000558193
0.00049838
0.000470287
0.000462954
0.000463703
0.00046831
0.000470819
0.000463065
0.000438925
0.000347273
0.000412692
0.000550982
0.000572163
0.000573516
0.000569682
0.000560514
0.000549889
0.000541848
0.000543568
0.000570238
0.000566581
0.000532262
0.000527692
0.000536531
0.000548426
0.000557954
0.000560694
0.000556171
0.000542306
0.000407164
0.000461081
0.000649876
0.00073534
0.000792183
0.000827676
0.000835603
0.000830365
0.000816041
0.00078386
0.00074273
0.00073689
0.000766622
0.000794155
0.000809462
0.000816705
0.000811034
0.000778736
0.00072727
0.000645484
0.000456935
0.000506347
0.000717601
0.00101301
0.00133415
0.00148261
0.00157424
0.00163221
0.00163815
0.00155217
0.00138216
0.00138962
0.0015462
0.00162273
0.00161515
0.00155846
0.00146634
0.00132038
0.00100374
0.000710151
0.000502632
0.000552509
0.000611827
0.0006621
0.000705702
0.000745887
0.00078238
0.000813069
0.000835588
0.000846448
0.0008433
0.000843973
0.000846853
0.000834934
0.000811438
0.000780053
0.000743032
0.000702284
0.000658638
0.000608449
0.000549265
0.00010116
0.00012301
0.000134352
0.000139735
0.000139533
0.000137727
0.000134785
0.000130934
0.00012844
0.000128656
0.000128871
0.000128233
0.000129742
0.000132571
0.000135339
0.000137315
0.000137923
0.000133385
0.00012185
0.000100087
0.000129683
0.000300813
0.000377969
0.000429807
0.000449268
0.000460212
0.000473382
0.000487699
0.000509357
0.000532577
0.000529221
0.000496675
0.000470878
0.000458163
0.000451562
0.000446393
0.000437798
0.000401596
0.000326721
0.000132172
0.000158635
0.00031217
0.000417574
0.000493218
0.000482687
0.000477822
0.00050388
0.000521031
0.000548161
0.000578084
0.000572167
0.000532328
0.000502827
0.000488003
0.000472016
0.000481536
0.000508968
0.000460197
0.000364958
0.000152021
0.000279743
0.00037034
0.000405298
0.000434614
0.000465616
0.000496205
0.000522837
0.000515888
0.000521323
0.000545499
0.000539979
0.000506671
0.00049946
0.000513046
0.000499519
0.000475813
0.00044103
0.000403027
0.000360945
0.000265624
0.00032286
0.000426316
0.000453994
0.000450451
0.000442437
0.000440577
0.000452614
0.000475395
0.000502244
0.000519975
0.000516479
0.000493879
0.000469926
0.000453509
0.000443782
0.000443062
0.000445332
0.000443157
0.000414051
0.000313408
0.000365584
0.000480301
0.000512395
0.000504531
0.000478937
0.000454158
0.000436101
0.000424679
0.000426858
0.000455907
0.000460511
0.00042632
0.000420566
0.000429973
0.00044719
0.000470819
0.000494103
0.000501947
0.000469488
0.000357352
0.000409901
0.000547443
0.000590681
0.000593074
0.000575513
0.000548808
0.000520095
0.000492128
0.000468177
0.000459027
0.000454398
0.00045537
0.00047527
0.000503516
0.000533511
0.000560694
0.00057928
0.000579709
0.000538824
0.000403859
0.000450205
0.000614303
0.000704217
0.000764508
0.000796647
0.000797245
0.000780198
0.000754372
0.000712906
0.000658649
0.000653657
0.000695719
0.000731877
0.000757807
0.00077653
0.000778736
0.000750705
0.00069277
0.000606598
0.0004455
0.000489225
0.00067016
0.000892622
0.00114522
0.00133163
0.00139721
0.00142031
0.00141186
0.00133795
0.00120641
0.0012116
0.00133374
0.00139921
0.00140619
0.00138291
0.00132038
0.00113376
0.000879818
0.000660491
0.000485034
0.00053079
0.000584911
0.00063116
0.000670587
0.000705147
0.00073548
0.000760547
0.000777982
0.00078409
0.000776056
0.000776777
0.000784489
0.000777317
0.00075898
0.000733217
0.000702284
0.000667288
0.000627611
0.000581278
0.000527207
0.0001038
0.00012052
0.000128404
0.000134778
0.00013407
0.00013115
0.000127372
0.000122268
0.000118608
0.000117944
0.000118354
0.000119083
0.000121867
0.000125622
0.000129135
0.000132178
0.000133385
0.000127787
0.00012073
0.000103532
0.000131768
0.000268309
0.000322865
0.00039777
0.000424627
0.000426417
0.000433733
0.000441217
0.000451231
0.000466664
0.000462904
0.000440575
0.000425897
0.000418294
0.000418333
0.000422223
0.000401597
0.000334226
0.000284947
0.000132207
0.000210956
0.000253775
0.000317232
0.000443548
0.000474934
0.000438588
0.000454197
0.000473657
0.000493414
0.000519575
0.00051122
0.000476161
0.000454042
0.000434906
0.000429659
0.000470002
0.000460198
0.00033612
0.0002568
0.000190145
0.000307616
0.000403761
0.000409197
0.000408419
0.000418465
0.000431598
0.000472386
0.00047248
0.000463973
0.000489914
0.000482784
0.000448537
0.000452774
0.000460082
0.000433593
0.000421086
0.000403027
0.000393483
0.000385253
0.000295363
0.000342463
0.000451884
0.000473292
0.000452315
0.000420957
0.000398895
0.000393499
0.000403734
0.000431685
0.000465741
0.000460587
0.000423327
0.000398525
0.000392149
0.000397452
0.000416331
0.000443157
0.000464391
0.000442507
0.000333551
0.000374078
0.000490951
0.000521259
0.000510269
0.000472519
0.000434201
0.000402245
0.000375765
0.000359132
0.000363041
0.00036171
0.000354746
0.000367662
0.000392486
0.000424004
0.000463064
0.000501947
0.000513005
0.000481967
0.000366245
0.000405434
0.000535446
0.000580917
0.000590648
0.000572088
0.000534204
0.000489568
0.000444189
0.000405326
0.000382273
0.000377148
0.000393095
0.000426955
0.000473103
0.000519342
0.00055617
0.000579709
0.000571008
0.000526141
0.000399155
0.000436225
0.000580224
0.000654264
0.000705954
0.0007416
0.000736661
0.000713845
0.000683022
0.000639274
0.000582508
0.000578893
0.000627852
0.000666961
0.000696474
0.000719576
0.00072727
0.00069277
0.000642144
0.000570184
0.000431069
0.00046795
0.000620138
0.000755637
0.000890946
0.00101149
0.00110227
0.00114186
0.00114806
0.0011129
0.00101365
0.00101567
0.00111831
0.00114771
0.0011368
0.0010996
0.00100374
0.000879818
0.000743646
0.000609661
0.000463313
0.000503875
0.000553048
0.000595365
0.000630757
0.000661206
0.000687043
0.000707483
0.000720875
0.000724095
0.000713603
0.000714144
0.000724808
0.000720589
0.00070628
0.000685138
0.000658638
0.000627611
0.000591744
0.00054912
0.000499918
0.000104018
0.00011616
0.000119746
0.000122901
0.000122538
0.000119443
0.000115713
0.000110235
0.000106211
0.000105176
0.000105688
0.000107163
0.00011053
0.000114571
0.000117901
0.000121059
0.00012185
0.00012073
0.000119702
0.000105218
0.000131517
0.000248239
0.000274477
0.000322508
0.000358104
0.000355566
0.000360171
0.000360813
0.000357303
0.000363682
0.000360071
0.00034975
0.00034915
0.000347948
0.000350189
0.000357168
0.000326722
0.000284947
0.000268483
0.000132378
0.000258472
0.000264477
0.000257553
0.000347487
0.000411225
0.00036996
0.00037603
0.00039842
0.000408517
0.00042783
0.000419278
0.000393442
0.000378734
0.000357756
0.000359635
0.000403902
0.00036496
0.000256801
0.000241992
0.000235935
0.000326421
0.000416425
0.00039986
0.000369154
0.000354019
0.000341299
0.000379934
0.000400157
0.00038656
0.000412449
0.000406132
0.000371118
0.000378011
0.000369033
0.000341903
0.000351806
0.000360945
0.000385252
0.000403496
0.000317459
0.000355448
0.00044437
0.000448737
0.000421407
0.000377132
0.000342261
0.00032402
0.000315673
0.00032151
0.000385876
0.000386788
0.000317895
0.000310731
0.000320417
0.000337692
0.000370695
0.000414051
0.000442507
0.000436994
0.000347665
0.000377662
0.000472366
0.000488327
0.000475757
0.000448514
0.000406854
0.000370196
0.000337411
0.00031632
0.000314608
0.000310215
0.000307874
0.000326737
0.000359327
0.000395591
0.000438924
0.000469488
0.000481967
0.000464875
0.000370761
0.000397974
0.000503624
0.000534548
0.000547187
0.000551545
0.000534876
0.000487809
0.000435268
0.000394265
0.000374931
0.000370046
0.00038511
0.000418139
0.000474575
0.000526197
0.000542306
0.000538824
0.000526141
0.000494706
0.000391887
0.000418446
0.000534883
0.000579904
0.000615618
0.000653217
0.000679092
0.000683342
0.000666086
0.000627728
0.000579079
0.000575995
0.000628692
0.000669975
0.000681927
0.000674021
0.000645484
0.000606599
0.000570184
0.000525011
0.000413073
0.000441512
0.000558945
0.000617111
0.000666637
0.000713732
0.000749895
0.000764486
0.000756989
0.000719152
0.000655246
0.000659838
0.000732116
0.000764787
0.000766924
0.00074995
0.000710151
0.000660491
0.000609661
0.000550532
0.000436508
0.000469521
0.000514301
0.00055289
0.000584362
0.000610793
0.000632534
0.00064913
0.000659258
0.000660397
0.00064977
0.000650459
0.000661583
0.000659523
0.000648418
0.000630977
0.000608449
0.000581278
0.00054912
0.00050999
0.000465119
0.000102406
0.000102661
0.000102488
0.000100473
9.8757e-05
9.59024e-05
9.28887e-05
8.97394e-05
8.74005e-05
8.68089e-05
8.72015e-05
8.81591e-05
9.01316e-05
9.26915e-05
9.53053e-05
9.80448e-05
0.000100087
0.000103532
0.000105218
0.000103759
0.000138156
0.000131073
0.000132559
0.000131904
0.000128504
0.000121527
0.000117744
0.000115568
0.000114524
0.000115665
0.00011532
0.000114309
0.0001147
0.000115979
0.000121578
0.000129447
0.000132172
0.000132207
0.000132378
0.000126292
0.000287887
0.00025436
0.000204929
0.000155977
0.000150799
0.000149666
0.000147188
0.00014595
0.000144481
0.000146493
0.000145082
0.000142879
0.000143547
0.00014497
0.000148458
0.000151811
0.000152021
0.000190144
0.000235935
0.000270657
0.000337795
0.000324018
0.000302299
0.000272726
0.00023895
0.000202223
0.000160948
0.000164283
0.000164301
0.000167254
0.000165076
0.000161004
0.000160194
0.000156571
0.000195751
0.000232697
0.000265624
0.000295362
0.000317458
0.000330392
0.000359997
0.000353439
0.000338209
0.000317469
0.000291648
0.000267033
0.000247333
0.000217445
0.000190529
0.000183379
0.000180825
0.000180318
0.000206354
0.000238979
0.000260475
0.000286155
0.000313408
0.000333551
0.000347665
0.000353726
0.000374425
0.00037656
0.000371123
0.000361519
0.000351645
0.000342331
0.000332345
0.000321692
0.000311617
0.000302596
0.000298995
0.000305488
0.000315749
0.000327386
0.000337931
0.000347273
0.000357351
0.000366245
0.000370761
0.000368485
0.000386137
0.00039773
0.000404318
0.000408256
0.000410799
0.000411547
0.000409587
0.000404786
0.000397148
0.000387845
0.000387016
0.000396815
0.000403582
0.000407554
0.000408764
0.000407164
0.000403859
0.000399155
0.000391887
0.000380337
0.000397946
0.000418838
0.000436064
0.000449484
0.000459814
0.000466803
0.000469891
0.000468612
0.000462261
0.000451568
0.000451884
0.000464056
0.000469412
0.000469393
0.000465106
0.000456935
0.0004455
0.000431069
0.000413073
0.000392326
0.000411414
0.000441897
0.000467887
0.000488576
0.000505048
0.000517264
0.000524664
0.000526524
0.000521259
0.000508492
0.000509349
0.000523731
0.000527843
0.000524616
0.000516035
0.000502632
0.000485034
0.000463313
0.000436509
0.000406038
0.000428918
0.000470012
0.000504036
0.000530427
0.000551575
0.000568124
0.000580028
0.000586445
0.000585445
0.000573949
0.000574854
0.000587078
0.000587092
0.000579617
0.000566739
0.000549265
0.000527207
0.000499918
0.000465119
0.000423836
)
;

boundaryField
{
    floor
    {
        type            alphatWallFunction;
        Prt             0.85;
        value           nonuniform List<scalar> 
400
(
3.39347e-06
3.14361e-06
3.11854e-06
2.64237e-06
2.22399e-06
1.79519e-06
1.25723e-06
8.41976e-07
8.39475e-07
1.00675e-06
1.05753e-06
1.16433e-06
1.45257e-06
1.79123e-06
2.18558e-06
2.69219e-06
3.11618e-06
3.64317e-06
3.67393e-06
3.34178e-06
3.14362e-06
5.51889e-06
6.35868e-06
6.6356e-06
6.47724e-06
5.89901e-06
5.15784e-06
4.44822e-06
4.28975e-06
4.53451e-06
4.61085e-06
4.80735e-06
5.37926e-06
6.0309e-06
6.59245e-06
7.17353e-06
7.2422e-06
6.81272e-06
6.00385e-06
3.40563e-06
3.11852e-06
6.35868e-06
7.76917e-06
8.67786e-06
8.6001e-06
8.02887e-06
7.39878e-06
6.8025e-06
6.69542e-06
7.01037e-06
7.0463e-06
7.13539e-06
7.61724e-06
8.23955e-06
8.78937e-06
9.27436e-06
9.32267e-06
8.25579e-06
6.66002e-06
3.37765e-06
2.64236e-06
6.6356e-06
8.67786e-06
9.63913e-06
9.54421e-06
9.23439e-06
8.84986e-06
8.48167e-06
8.54757e-06
9.02705e-06
9.02053e-06
8.91746e-06
9.1995e-06
9.65303e-06
1.00345e-05
1.02914e-05
1.0296e-05
9.38443e-06
7.19764e-06
2.97263e-06
2.22398e-06
6.47723e-06
8.60009e-06
9.5442e-06
9.86002e-06
9.94882e-06
9.84432e-06
9.75118e-06
1.00789e-05
1.08439e-05
1.07993e-05
1.04185e-05
1.04282e-05
1.06371e-05
1.07565e-05
1.06529e-05
1.028e-05
9.26184e-06
7.12218e-06
2.64078e-06
1.79518e-06
5.89899e-06
8.02886e-06
9.23438e-06
9.94881e-06
1.03498e-05
1.05384e-05
1.07714e-05
1.1423e-05
1.25944e-05
1.2541e-05
1.17767e-05
1.14285e-05
1.13087e-05
1.11218e-05
1.06989e-05
9.97531e-06
8.74792e-06
6.56122e-06
2.09868e-06
1.25722e-06
5.15782e-06
7.39876e-06
8.84985e-06
9.8443e-06
1.05384e-05
1.10773e-05
1.17136e-05
1.28119e-05
1.47498e-05
1.4716e-05
1.31983e-05
1.23238e-05
1.17474e-05
1.11755e-05
1.04335e-05
9.43788e-06
8.04813e-06
5.85861e-06
1.51778e-06
8.41957e-07
4.44819e-06
6.80247e-06
8.48165e-06
9.75116e-06
1.07714e-05
1.17136e-05
1.28898e-05
1.46013e-05
1.73238e-05
1.73548e-05
1.49996e-05
1.33784e-05
1.21584e-05
1.11147e-05
1.00068e-05
8.71086e-06
7.08422e-06
4.81648e-06
9.09858e-07
8.39452e-07
4.28972e-06
6.69539e-06
8.54754e-06
1.00789e-05
1.1423e-05
1.28119e-05
1.46013e-05
1.63244e-05
1.89175e-05
1.91034e-05
1.67232e-05
1.48616e-05
1.28796e-05
1.13052e-05
9.82031e-06
8.22296e-06
6.38133e-06
4.04304e-06
4.52499e-07
1.00673e-06
4.53447e-06
7.01033e-06
9.02701e-06
1.08438e-05
1.25944e-05
1.47498e-05
1.73238e-05
1.89174e-05
2.10322e-06
2.15251e-06
1.88865e-05
1.71696e-05
1.4329e-05
1.19582e-05
1.00947e-05
8.23466e-06
6.24015e-06
3.83723e-06
3.33283e-07
1.05751e-06
4.61082e-06
7.04626e-06
9.02048e-06
1.07993e-05
1.25409e-05
1.47159e-05
1.73547e-05
1.91034e-05
2.15249e-06
1.98244e-06
1.86996e-05
1.70737e-05
1.42575e-05
1.19071e-05
1.00923e-05
8.2777e-06
6.32637e-06
3.94778e-06
4.19579e-07
1.16432e-06
4.80732e-06
7.13536e-06
8.91742e-06
1.04185e-05
1.17767e-05
1.31983e-05
1.49996e-05
1.67232e-05
1.88865e-05
1.86996e-05
1.63312e-05
1.44363e-05
1.24866e-05
1.10231e-05
9.66514e-06
8.20018e-06
6.49261e-06
4.25088e-06
6.17645e-07
1.45256e-06
5.37924e-06
7.61722e-06
9.19947e-06
1.04282e-05
1.14285e-05
1.23238e-05
1.33784e-05
1.48615e-05
1.71695e-05
1.70736e-05
1.44362e-05
1.2699e-05
1.1573e-05
1.06567e-05
9.67614e-06
8.51833e-06
7.04021e-06
4.90471e-06
1.00636e-06
1.79122e-06
6.03088e-06
8.23954e-06
9.65302e-06
1.06371e-05
1.13086e-05
1.17473e-05
1.21584e-05
1.28795e-05
1.4329e-05
1.42574e-05
1.24866e-05
1.15729e-05
1.1146e-05
1.06726e-05
9.99124e-06
9.07309e-06
7.76086e-06
5.67372e-06
1.4981e-06
2.18558e-06
6.59245e-06
8.78937e-06
1.00345e-05
1.07565e-05
1.11218e-05
1.11755e-05
1.11147e-05
1.13052e-05
1.19582e-05
1.19071e-05
1.10231e-05
1.06567e-05
1.06726e-05
1.06145e-05
1.02603e-05
9.58923e-06
8.41815e-06
6.30064e-06
1.99617e-06
2.69219e-06
7.17354e-06
9.27437e-06
1.02914e-05
1.06529e-05
1.06989e-05
1.04335e-05
1.00068e-05
9.82029e-06
1.00946e-05
1.00923e-05
9.66512e-06
9.67613e-06
9.99124e-06
1.02603e-05
1.0251e-05
9.92889e-06
8.95834e-06
6.88139e-06
2.51139e-06
3.1162e-06
7.2422e-06
9.32267e-06
1.0296e-05
1.028e-05
9.97529e-06
9.43785e-06
8.71083e-06
8.22294e-06
8.23463e-06
8.27767e-06
8.20016e-06
8.51832e-06
9.07308e-06
9.58922e-06
9.92889e-06
1.00083e-05
9.15606e-06
7.01515e-06
2.90176e-06
3.64319e-06
6.81274e-06
8.2558e-06
9.38441e-06
9.26182e-06
8.7479e-06
8.04811e-06
7.08419e-06
6.38131e-06
6.24013e-06
6.32635e-06
6.49259e-06
7.04019e-06
7.76085e-06
8.41814e-06
8.95834e-06
9.15606e-06
8.12614e-06
6.82984e-06
3.58028e-06
3.67396e-06
6.00387e-06
6.66003e-06
7.19764e-06
7.12217e-06
6.5612e-06
5.85859e-06
4.81645e-06
4.04302e-06
3.83721e-06
3.94776e-06
4.25087e-06
4.90469e-06
5.6737e-06
6.30064e-06
6.88139e-06
7.01515e-06
6.82986e-06
6.64713e-06
3.91604e-06
3.34183e-06
3.40565e-06
3.37766e-06
2.97263e-06
2.64076e-06
2.09867e-06
1.51777e-06
9.09844e-07
4.52486e-07
3.33271e-07
4.19571e-07
6.17638e-07
1.00635e-06
1.49809e-06
1.99617e-06
2.5114e-06
2.90177e-06
3.58031e-06
3.91606e-06
3.6349e-06
)
;
    }
    ceiling
    {
        type            alphatWallFunction;
        Prt             0.85;
        value           nonuniform List<scalar> 
400
(
5.91156e-05
6.53983e-05
7.05775e-05
7.45689e-05
7.77528e-05
8.02358e-05
8.20167e-05
8.29725e-05
8.28105e-05
8.10404e-05
8.11719e-05
8.30101e-05
8.30717e-05
8.20025e-05
8.01087e-05
7.7509e-05
7.41991e-05
7.00724e-05
6.4764e-05
5.84261e-05
6.53983e-05
7.21624e-05
7.79615e-05
8.26666e-05
8.66031e-05
8.983e-05
9.22845e-05
9.37731e-05
9.39243e-05
9.23177e-05
9.25027e-05
9.41685e-05
9.39307e-05
9.23412e-05
8.97872e-05
8.64579e-05
8.24106e-05
7.75882e-05
7.16766e-05
6.48495e-05
7.05775e-05
7.79615e-05
8.42827e-05
8.95437e-05
9.40496e-05
9.78537e-05
0.000100851
0.000102798
0.000103246
0.000101684
0.000101905
0.000103507
0.000102972
0.000100932
9.7848e-05
9.39539e-05
8.93482e-05
8.39842e-05
7.75665e-05
7.01065e-05
7.45689e-05
8.26666e-05
8.95437e-05
9.53777e-05
0.000100468
0.000104898
0.000108533
0.000111043
0.000111887
0.000110621
0.000110887
0.000112156
0.000111224
0.000108626
0.000104911
0.000100398
9.52116e-05
8.92883e-05
8.23293e-05
7.41501e-05
7.77528e-05
8.66031e-05
9.40496e-05
0.000100468
0.000106342
0.000111634
0.000116047
0.000119255
0.000120741
0.000120159
0.000120439
0.000121032
0.000119455
0.000116152
0.000111655
0.000106292
0.000100316
9.38203e-05
8.63018e-05
7.73694e-05
8.02358e-05
8.983e-05
9.78537e-05
0.000104898
0.000111634
0.000117743
0.000122949
0.000126911
0.00012915
0.000129478
0.000129794
0.000129488
0.000127146
0.000123086
0.000117796
0.000111609
0.000104767
9.76429e-05
8.95509e-05
7.98756e-05
8.20167e-05
9.22845e-05
0.000100851
0.000108533
0.000116047
0.000122949
0.000128985
0.000133864
0.000137336
0.000139774
0.00014016
0.000137765
0.000134163
0.000129179
0.000123047
0.000116055
0.000108425
0.000100651
9.20191e-05
8.16704e-05
8.29725e-05
9.37731e-05
0.000102798
0.000111043
0.000119255
0.000126911
0.000133864
0.000140105
0.000146318
0.000153402
0.000153944
0.000146864
0.000140527
0.000134145
0.000127077
0.000119301
0.000110957
0.000102613
9.35183e-05
8.26337e-05
8.28106e-05
9.39243e-05
0.000103246
0.000111887
0.000120741
0.00012915
0.000137336
0.000146318
0.000157467
0.000169914
0.000170622
0.000158287
0.000146978
0.000137781
0.00012943
0.00012086
0.000111838
0.000103078
9.36814e-05
8.24789e-05
8.10404e-05
9.23178e-05
0.000101684
0.000110621
0.000120159
0.000129478
0.000139774
0.000153402
0.000169914
0.000175503
0.00017603
0.000171045
0.000154384
0.000140522
0.00012997
0.000120402
0.000110662
0.000101527
9.20941e-05
8.07402e-05
8.11719e-05
9.25026e-05
0.000101905
0.000110887
0.000120439
0.000129794
0.00014016
0.000153944
0.000170622
0.00017603
0.000175338
0.000170955
0.000154325
0.000140489
0.000130026
0.000120505
0.000110781
0.000101625
9.22143e-05
8.08888e-05
8.30101e-05
9.41685e-05
0.000103507
0.000112156
0.000121031
0.000129488
0.000137764
0.000146864
0.000158287
0.000171045
0.000170955
0.000158404
0.00014705
0.000137932
0.000129535
0.000120925
0.000111909
0.000103196
9.38677e-05
8.27292e-05
8.30717e-05
9.39307e-05
0.000102972
0.000111224
0.000119455
0.000127146
0.000134163
0.000140527
0.000146978
0.000154384
0.000154325
0.00014705
0.000140666
0.000134209
0.000127041
0.000119214
0.000110873
0.000102581
9.35618e-05
8.27266e-05
8.20025e-05
9.23412e-05
0.000100932
0.000108626
0.000116152
0.000123086
0.000129179
0.000134144
0.000137781
0.000140522
0.000140489
0.000137932
0.000134209
0.000129088
0.000122861
0.000115826
0.000108206
0.000100479
9.19102e-05
8.15955e-05
8.01087e-05
8.97871e-05
9.7848e-05
0.000104911
0.000111655
0.000117796
0.000123047
0.000127077
0.00012943
0.00012997
0.000130026
0.000129535
0.000127041
0.000122861
0.000117495
0.000111276
0.00010444
9.73592e-05
8.93076e-05
7.9645e-05
7.7509e-05
8.64579e-05
9.39539e-05
0.000100398
0.000106292
0.000111609
0.000116054
0.000119301
0.00012086
0.000120402
0.000120505
0.000120925
0.000119214
0.000115826
0.000111276
0.000105876
9.98919e-05
9.34292e-05
8.59317e-05
7.69904e-05
7.41991e-05
8.24106e-05
8.93483e-05
9.52116e-05
0.000100316
0.000104767
0.000108425
0.000110957
0.000111838
0.000110662
0.000110781
0.000111909
0.000110873
0.000108206
0.00010444
9.98919e-05
9.47135e-05
8.88011e-05
8.18387e-05
7.36248e-05
7.00725e-05
7.75883e-05
8.39843e-05
8.92883e-05
9.38204e-05
9.76429e-05
0.000100651
0.000102613
0.000103078
0.000101527
0.000101625
0.000103196
0.000102581
0.000100479
9.73592e-05
9.34292e-05
8.88011e-05
8.34157e-05
7.69638e-05
6.94378e-05
6.47641e-05
7.16766e-05
7.75666e-05
8.23293e-05
8.63019e-05
8.9551e-05
9.20191e-05
9.35183e-05
9.36814e-05
9.20941e-05
9.22143e-05
9.38677e-05
9.35618e-05
9.19102e-05
8.93076e-05
8.59317e-05
8.18387e-05
7.69638e-05
7.09853e-05
6.40591e-05
5.84261e-05
6.48495e-05
7.01065e-05
7.41501e-05
7.73694e-05
7.98756e-05
8.16704e-05
8.26337e-05
8.24789e-05
8.07402e-05
8.08888e-05
8.27291e-05
8.27266e-05
8.15954e-05
7.96449e-05
7.69903e-05
7.36247e-05
6.94378e-05
6.40591e-05
5.7614e-05
)
;
    }
    fixedWalls
    {
        type            alphatWallFunction;
        Prt             0.85;
        value           nonuniform List<scalar> 
800
(
3.37769e-06
1.23984e-05
3.72056e-05
4.46493e-05
4.81623e-05
5.04755e-05
5.23508e-05
5.42215e-05
5.63326e-05
5.90522e-05
3.1278e-06
8.16288e-06
3.20168e-05
4.25952e-05
4.72751e-05
5.09062e-05
5.41937e-05
5.7453e-05
6.10316e-05
6.53291e-05
3.10274e-06
8.31019e-06
2.40332e-05
3.91068e-05
4.49976e-05
5.018e-05
5.52668e-05
6.0137e-05
6.50318e-05
7.05033e-05
2.62703e-06
8.04721e-06
1.50451e-05
3.43184e-05
4.17563e-05
4.8731e-05
5.58951e-05
6.22137e-05
6.82005e-05
7.44908e-05
2.20901e-06
7.35422e-06
1.14289e-05
2.87197e-05
3.76567e-05
4.71802e-05
5.62891e-05
6.38053e-05
7.07142e-05
7.76714e-05
1.7806e-06
6.16032e-06
1.12657e-05
2.29022e-05
3.32785e-05
4.56995e-05
5.64084e-05
6.48813e-05
7.25733e-05
8.01519e-05
1.24311e-06
5.808e-06
1.12759e-05
1.53967e-05
2.97831e-05
4.41482e-05
5.61103e-05
6.53583e-05
7.36987e-05
8.19308e-05
8.28157e-07
5.61223e-06
1.10907e-05
1.40644e-05
2.55107e-05
4.24549e-05
5.53558e-05
6.51554e-05
7.39709e-05
8.28855e-05
8.25637e-07
5.62834e-06
1.09711e-05
1.44932e-05
2.13934e-05
4.08149e-05
5.41415e-05
6.4157e-05
7.31451e-05
8.27237e-05
9.92768e-07
5.88688e-06
1.1358e-05
1.51958e-05
1.94041e-05
3.92559e-05
5.25741e-05
6.23872e-05
7.10861e-05
8.09552e-05
1.04351e-06
5.79965e-06
1.10988e-05
1.48646e-05
1.89596e-05
3.86606e-05
5.23775e-05
6.23453e-05
7.11375e-05
8.10866e-05
1.15022e-06
5.62643e-06
1.06906e-05
1.41164e-05
1.93715e-05
3.98231e-05
5.39135e-05
6.42006e-05
7.33131e-05
8.29231e-05
1.43824e-06
5.68001e-06
1.07678e-05
1.38746e-05
2.40061e-05
4.1568e-05
5.50495e-05
6.50871e-05
7.40163e-05
8.29847e-05
1.77665e-06
5.81773e-06
1.09726e-05
1.40673e-05
2.95058e-05
4.34742e-05
5.57506e-05
6.51658e-05
7.36097e-05
8.19167e-05
2.17073e-06
6.58287e-06
1.14237e-05
2.18989e-05
3.31219e-05
4.52102e-05
5.60054e-05
6.45764e-05
7.23599e-05
8.00249e-05
2.67693e-06
7.85275e-06
1.16169e-05
2.83527e-05
3.74036e-05
4.67479e-05
5.58363e-05
6.33943e-05
7.03792e-05
7.74278e-05
3.10056e-06
8.45449e-06
1.35368e-05
3.43588e-05
4.14615e-05
4.83569e-05
5.53857e-05
6.16975e-05
6.77433e-05
7.41213e-05
3.62707e-06
8.90091e-06
2.26249e-05
3.89299e-05
4.46064e-05
4.96864e-05
5.46661e-05
5.95069e-05
6.44503e-05
6.99987e-05
3.65782e-06
8.81036e-06
3.0683e-05
4.19691e-05
4.66745e-05
5.02372e-05
5.34709e-05
5.67082e-05
6.03309e-05
6.46953e-05
3.32604e-06
9.76845e-06
3.55357e-05
4.38047e-05
4.73957e-05
4.97124e-05
5.15859e-05
5.34682e-05
5.56043e-05
5.83631e-05
3.32609e-06
9.76863e-06
3.55358e-05
4.38047e-05
4.73957e-05
4.97124e-05
5.15859e-05
5.34682e-05
5.56044e-05
5.83632e-05
3.38976e-06
8.71397e-06
3.00018e-05
4.15935e-05
4.63658e-05
5.00752e-05
5.3447e-05
5.67846e-05
6.04034e-05
6.47807e-05
3.36179e-06
9.02966e-06
2.14769e-05
3.81157e-05
4.39472e-05
4.92398e-05
5.45107e-05
5.95014e-05
6.44566e-05
7.00328e-05
2.95714e-06
8.83959e-06
1.30745e-05
3.32088e-05
4.06142e-05
4.77324e-05
5.51491e-05
6.16057e-05
6.76594e-05
7.40724e-05
2.62556e-06
8.20283e-06
1.22805e-05
2.7514e-05
3.64389e-05
4.61719e-05
5.55617e-05
6.32174e-05
7.01945e-05
7.72884e-05
2.08392e-06
6.92234e-06
1.20949e-05
2.12021e-05
3.23954e-05
4.4685e-05
5.56853e-05
6.43031e-05
7.20658e-05
7.9792e-05
1.5035e-06
6.21894e-06
1.16397e-05
1.40748e-05
2.90599e-05
4.30666e-05
5.53767e-05
6.47803e-05
7.31944e-05
8.15849e-05
8.96059e-07
5.80468e-06
1.14031e-05
1.46874e-05
2.39483e-05
4.13293e-05
5.46143e-05
6.45782e-05
7.34736e-05
8.25472e-05
4.39058e-07
5.60806e-06
1.11456e-05
1.47113e-05
1.92919e-05
3.96776e-05
5.34002e-05
6.35895e-05
7.2666e-05
8.23923e-05
3.19933e-07
5.82602e-06
1.15192e-05
1.52555e-05
1.80342e-05
3.81843e-05
5.19173e-05
6.19266e-05
7.07126e-05
8.06553e-05
4.06154e-07
5.77619e-06
1.12757e-05
1.48687e-05
1.75516e-05
3.75417e-05
5.1758e-05
6.19638e-05
7.08441e-05
8.08038e-05
6.0405e-07
5.59522e-06
1.08844e-05
1.4146e-05
1.74912e-05
3.86024e-05
5.33046e-05
6.3849e-05
7.30401e-05
8.26424e-05
9.92452e-07
5.67851e-06
1.10084e-05
1.3992e-05
2.20537e-05
4.02902e-05
5.43751e-05
6.46728e-05
7.36603e-05
8.26399e-05
1.48382e-06
5.926e-06
1.12731e-05
1.33728e-05
2.76395e-05
4.21986e-05
5.50044e-05
6.46663e-05
7.31626e-05
8.151e-05
1.98153e-06
6.97846e-06
1.19137e-05
2.01808e-05
3.12725e-05
4.39185e-05
5.51957e-05
6.39984e-05
7.18449e-05
7.95616e-05
2.49636e-06
8.41779e-06
1.24954e-05
2.65236e-05
3.55118e-05
4.54231e-05
5.49419e-05
6.27273e-05
6.97862e-05
7.69097e-05
2.88639e-06
8.91382e-06
1.25119e-05
3.20597e-05
3.99423e-05
4.70299e-05
5.44165e-05
6.09445e-05
6.70745e-05
7.35475e-05
3.56426e-06
8.95801e-06
1.90327e-05
3.69908e-05
4.31961e-05
4.84435e-05
5.36685e-05
5.86865e-05
6.37115e-05
6.93646e-05
3.89972e-06
8.96549e-06
2.69558e-05
4.05678e-05
4.54603e-05
4.91572e-05
5.25139e-05
5.58589e-05
5.95357e-05
6.3991e-05
3.61882e-06
7.81474e-06
3.27615e-05
4.26634e-05
4.64311e-05
4.87928e-05
5.06799e-05
5.25829e-05
5.47512e-05
5.75517e-05
3.37769e-06
1.23984e-05
3.72056e-05
4.46493e-05
4.81623e-05
5.04755e-05
5.23508e-05
5.42215e-05
5.63326e-05
5.90522e-05
3.12781e-06
8.1629e-06
3.20168e-05
4.25952e-05
4.72751e-05
5.09062e-05
5.41937e-05
5.7453e-05
6.10316e-05
6.53291e-05
3.10272e-06
8.3102e-06
2.40333e-05
3.91068e-05
4.49976e-05
5.018e-05
5.52668e-05
6.0137e-05
6.50318e-05
7.05033e-05
2.62703e-06
8.04721e-06
1.50453e-05
3.43183e-05
4.17564e-05
4.8731e-05
5.58951e-05
6.22137e-05
6.82005e-05
7.44908e-05
2.20901e-06
7.35422e-06
1.14289e-05
2.87197e-05
3.76568e-05
4.71803e-05
5.62891e-05
6.38053e-05
7.07142e-05
7.76714e-05
1.78059e-06
6.16031e-06
1.12656e-05
2.29022e-05
3.32786e-05
4.56996e-05
5.64084e-05
6.48813e-05
7.25733e-05
8.01519e-05
1.2431e-06
5.80798e-06
1.12759e-05
1.53967e-05
2.97831e-05
4.41482e-05
5.61103e-05
6.53583e-05
7.36987e-05
8.19308e-05
8.28138e-07
5.61221e-06
1.10907e-05
1.40643e-05
2.55107e-05
4.24549e-05
5.53558e-05
6.51554e-05
7.39709e-05
8.28855e-05
8.25615e-07
5.62831e-06
1.09711e-05
1.44932e-05
2.13935e-05
4.0815e-05
5.41415e-05
6.41571e-05
7.31452e-05
8.27237e-05
9.92745e-07
5.88684e-06
1.1358e-05
1.51958e-05
1.94042e-05
3.9256e-05
5.25741e-05
6.23873e-05
7.10861e-05
8.09552e-05
1.04349e-06
5.79961e-06
1.10988e-05
1.48646e-05
1.89597e-05
3.86607e-05
5.23775e-05
6.23453e-05
7.11375e-05
8.10866e-05
1.15021e-06
5.6264e-06
1.06906e-05
1.41164e-05
1.93717e-05
3.98232e-05
5.39136e-05
6.42006e-05
7.33131e-05
8.2923e-05
1.43822e-06
5.67998e-06
1.07678e-05
1.38745e-05
2.40063e-05
4.15681e-05
5.50496e-05
6.50871e-05
7.40163e-05
8.29847e-05
1.77664e-06
5.81771e-06
1.09726e-05
1.40674e-05
2.95059e-05
4.34743e-05
5.57506e-05
6.51658e-05
7.36097e-05
8.19167e-05
2.17072e-06
6.58287e-06
1.14237e-05
2.18991e-05
3.3122e-05
4.52103e-05
5.60055e-05
6.45765e-05
7.23599e-05
8.00249e-05
2.67694e-06
7.85275e-06
1.16169e-05
2.83529e-05
3.74037e-05
4.6748e-05
5.58364e-05
6.33943e-05
7.03792e-05
7.74278e-05
3.10058e-06
8.45451e-06
1.35369e-05
3.43589e-05
4.14616e-05
4.8357e-05
5.53858e-05
6.16976e-05
6.77433e-05
7.41213e-05
3.62709e-06
8.90093e-06
2.26251e-05
3.893e-05
4.46065e-05
4.96865e-05
5.46662e-05
5.95069e-05
6.44503e-05
6.99987e-05
3.65785e-06
8.81038e-06
3.06832e-05
4.19692e-05
4.66745e-05
5.02372e-05
5.34709e-05
5.67083e-05
6.03309e-05
6.46953e-05
3.32609e-06
9.76863e-06
3.55358e-05
4.38047e-05
4.73957e-05
4.97124e-05
5.15859e-05
5.34682e-05
5.56044e-05
5.83632e-05
3.32604e-06
9.76845e-06
3.55357e-05
4.38047e-05
4.73957e-05
4.97124e-05
5.15859e-05
5.34682e-05
5.56043e-05
5.83631e-05
3.38973e-06
8.71396e-06
3.00017e-05
4.15935e-05
4.63658e-05
5.00752e-05
5.3447e-05
5.67845e-05
6.04034e-05
6.47807e-05
3.36179e-06
9.02966e-06
2.14768e-05
3.81157e-05
4.39472e-05
4.92397e-05
5.45106e-05
5.95013e-05
6.44566e-05
7.00327e-05
2.95715e-06
8.83961e-06
1.30744e-05
3.32087e-05
4.06142e-05
4.77323e-05
5.51491e-05
6.16056e-05
6.76594e-05
7.40723e-05
2.62558e-06
8.20285e-06
1.22805e-05
2.7514e-05
3.64389e-05
4.61719e-05
5.55616e-05
6.32173e-05
7.01945e-05
7.72884e-05
2.08394e-06
6.92235e-06
1.20949e-05
2.1202e-05
3.23953e-05
4.46849e-05
5.56852e-05
6.43031e-05
7.20657e-05
7.9792e-05
1.50352e-06
6.21895e-06
1.16398e-05
1.40747e-05
2.90599e-05
4.30665e-05
5.53767e-05
6.47802e-05
7.31944e-05
8.15849e-05
8.96073e-07
5.80469e-06
1.14032e-05
1.46874e-05
2.39482e-05
4.13292e-05
5.46142e-05
6.45781e-05
7.34736e-05
8.25471e-05
4.39071e-07
5.60807e-06
1.11456e-05
1.47113e-05
1.92918e-05
3.96775e-05
5.34002e-05
6.35895e-05
7.2666e-05
8.23923e-05
3.19944e-07
5.82605e-06
1.15193e-05
1.52555e-05
1.80341e-05
3.81843e-05
5.19173e-05
6.19266e-05
7.07125e-05
8.06553e-05
4.06163e-07
5.77622e-06
1.12758e-05
1.48687e-05
1.75516e-05
3.75417e-05
5.1758e-05
6.19638e-05
7.08442e-05
8.08038e-05
6.04058e-07
5.59525e-06
1.08845e-05
1.4146e-05
1.74912e-05
3.86024e-05
5.33046e-05
6.38491e-05
7.30401e-05
8.26424e-05
9.92458e-07
5.67854e-06
1.10084e-05
1.3992e-05
2.20536e-05
4.02903e-05
5.43752e-05
6.46729e-05
7.36603e-05
8.264e-05
1.48383e-06
5.92603e-06
1.12731e-05
1.33728e-05
2.76395e-05
4.21986e-05
5.50044e-05
6.46663e-05
7.31626e-05
8.15101e-05
1.98154e-06
6.97846e-06
1.19137e-05
2.01807e-05
3.12724e-05
4.39185e-05
5.51957e-05
6.39984e-05
7.18449e-05
7.95616e-05
2.49635e-06
8.41778e-06
1.24955e-05
2.65235e-05
3.55117e-05
4.54231e-05
5.49419e-05
6.27274e-05
6.97862e-05
7.69098e-05
2.88638e-06
8.91384e-06
1.25119e-05
3.20596e-05
3.99422e-05
4.70299e-05
5.44165e-05
6.09445e-05
6.70746e-05
7.35475e-05
3.56423e-06
8.95801e-06
1.90326e-05
3.69907e-05
4.3196e-05
4.84435e-05
5.36685e-05
5.86866e-05
6.37115e-05
6.93647e-05
3.8997e-06
8.96547e-06
2.69558e-05
4.05678e-05
4.54603e-05
4.91572e-05
5.25139e-05
5.58589e-05
5.95357e-05
6.3991e-05
3.61882e-06
7.81474e-06
3.27615e-05
4.26634e-05
4.64311e-05
4.87928e-05
5.06799e-05
5.25829e-05
5.47512e-05
5.75517e-05
)
;
    }
}


// ************************************************************************* //
