/*--------------------------------*- C++ -*----------------------------------*\
| =========                 |                                                 |
| \\      /  F ield         | OpenFOAM: The Open Source CFD Toolbox           |
|  \\    /   O peration     | Version:  1.7.1                                 |
|   \\  /    A nd           | Web:      www.OpenFOAM.com                      |
|    \\/     M anipulation  |                                                 |
\*---------------------------------------------------------------------------*/
FoamFile
{
    version     2.0;
    format      ascii;
    class       volScalarField;
    location    "2000";
    object      mut;
}
// * * * * * * * * * * * * * * * * * * * * * * * * * * * * * * * * * * * * * //

dimensions      [1 -1 -1 0 0 0 0];

internalField   nonuniform List<scalar> 
4000
(
0.000102409
0.000101213
0.000100895
9.83968e-05
9.61909e-05
9.40002e-05
9.12726e-05
8.91198e-05
8.90777e-05
8.99155e-05
9.02382e-05
9.08862e-05
9.24431e-05
9.42307e-05
9.63065e-05
9.89616e-05
0.00010116
0.0001038
0.000104018
0.000102406
0.000151719
0.000128204
0.000128878
0.000127345
0.000123828
0.000117349
0.000115335
0.000114305
0.000114334
0.000115691
0.000115226
0.000114307
0.000114644
0.000115435
0.000119565
0.000126402
0.000129683
0.000131768
0.000131518
0.000138157
0.000297485
0.000265627
0.000218712
0.000167589
0.000145926
0.000145041
0.000145061
0.000144066
0.000143391
0.00014551
0.000144109
0.000141855
0.000142265
0.000143411
0.000145647
0.000146882
0.000158636
0.000210957
0.000258473
0.000287888
0.000342978
0.000330119
0.000308175
0.000278759
0.000245724
0.00021189
0.000168542
0.000160423
0.000162992
0.000166938
0.000165193
0.000160984
0.000159513
0.000160613
0.000206175
0.000243875
0.000279743
0.000307617
0.000326421
0.000337795
0.000364778
0.000359062
0.000344647
0.00032441
0.000298967
0.000272157
0.000251178
0.00022621
0.000202226
0.000191106
0.000189158
0.000191628
0.000217894
0.000250081
0.000271465
0.000297647
0.00032286
0.000342463
0.000355448
0.000359998
0.000379182
0.0003817
0.000376888
0.00036757
0.00035769
0.000348343
0.000338703
0.000328279
0.000318285
0.000308985
0.000305771
0.000312937
0.00032346
0.00033508
0.000345775
0.000355407
0.000365585
0.000374078
0.000377663
0.000374425
0.000390875
0.000402324
0.000408926
0.000412766
0.000415168
0.00041587
0.000413959
0.000409202
0.000401584
0.000391813
0.000390836
0.000400576
0.000407718
0.000412122
0.000413734
0.000412692
0.000409901
0.000405434
0.000397974
0.000386137
0.000402572
0.000422915
0.000439911
0.000453144
0.000463339
0.000470263
0.000473352
0.000472076
0.000465682
0.000454357
0.000454271
0.00046627
0.000471991
0.000472491
0.000468687
0.000461081
0.000450205
0.000436225
0.000418446
0.000397946
0.000415843
0.000445684
0.000471326
0.000491795
0.000508132
0.000520276
0.000527668
0.000529501
0.000524146
0.00051075
0.000511234
0.000525507
0.000530119
0.000527445
0.000519267
0.000506347
0.000489225
0.000467951
0.000441512
0.000411414
0.000433064
0.000473245
0.00050676
0.000532817
0.000553745
0.000570157
0.000581984
0.000588369
0.000587344
0.000575702
0.000576693
0.000588883
0.000589284
0.000582186
0.000569651
0.000552509
0.00053079
0.000503875
0.000469522
0.000428919
0.000101213
0.00011366
0.000117931
0.000119272
0.000118466
0.000115424
0.00011155
0.000107827
0.000106955
0.000108237
0.00010872
0.000109908
0.000113059
0.000116575
0.000119622
0.000122765
0.00012301
0.00012052
0.00011616
0.000102662
0.000128204
0.000245644
0.000282454
0.000305231
0.000342799
0.000339289
0.000342851
0.000347587
0.000351906
0.000364528
0.000362066
0.000351558
0.000348843
0.000342432
0.000344559
0.000345557
0.000300812
0.000268309
0.000248239
0.000131073
0.000265627
0.000279323
0.000263483
0.000306375
0.000405933
0.000379432
0.000366213
0.000392054
0.000409599
0.000431762
0.000422748
0.000391707
0.000371728
0.000343118
0.000346516
0.000389957
0.000312167
0.000253776
0.000264478
0.00025436
0.000330119
0.000429525
0.000410994
0.000372418
0.00035588
0.000341686
0.000355677
0.000394717
0.000386589
0.000414017
0.000410478
0.000364776
0.000364669
0.000346405
0.000333073
0.000350882
0.00037034
0.000403762
0.000416426
0.000324018
0.000359062
0.00045191
0.000458113
0.000430888
0.000385023
0.000347099
0.00032377
0.000311291
0.000313726
0.000381509
0.000395469
0.000313792
0.000305601
0.00031807
0.000340889
0.00038027
0.000426316
0.000451884
0.00044437
0.000353439
0.0003817
0.000479009
0.000496619
0.000485456
0.000458934
0.000415234
0.000376563
0.000343124
0.000320547
0.000316595
0.000312164
0.000308828
0.000330391
0.000366165
0.000407924
0.000451996
0.000480302
0.000490952
0.000472366
0.00037656
0.000402324
0.00051021
0.000542419
0.000555126
0.000560267
0.00054701
0.000501855
0.000448011
0.000402162
0.000377822
0.000371595
0.000388422
0.000432632
0.000490031
0.000535974
0.000550982
0.000547444
0.000535447
0.000503625
0.00039773
0.000422915
0.000541536
0.000588108
0.000623344
0.000660577
0.00068707
0.000692581
0.000675427
0.000636435
0.000582959
0.00057666
0.000630262
0.000667016
0.000682092
0.000675855
0.000649876
0.000614304
0.000580225
0.000534883
0.000418838
0.000445684
0.000565429
0.000625758
0.000675905
0.000723024
0.000759042
0.000774159
0.000765961
0.000726814
0.00065563
0.000655555
0.000729784
0.000765551
0.000771293
0.000754697
0.000717602
0.00067016
0.000620139
0.000558945
0.000441897
0.000473245
0.000517081
0.000555101
0.000586225
0.000612452
0.000634077
0.000650607
0.00066069
0.000661786
0.000651098
0.000652417
0.000663595
0.00066196
0.000651239
0.000634086
0.000611827
0.000584911
0.000553048
0.000514301
0.000470012
0.000100895
0.000117931
0.000125379
0.000130281
0.000129947
0.000126801
0.000123442
0.000120307
0.000119726
0.000121412
0.000121669
0.000122284
0.000124973
0.000128368
0.000131399
0.000134102
0.000134352
0.000128404
0.000119746
0.000102488
0.000128878
0.000282453
0.000332366
0.000380079
0.000413829
0.000407941
0.000415663
0.000427974
0.000445994
0.000467381
0.000462508
0.000440316
0.00042454
0.000414742
0.000412933
0.000410829
0.000377967
0.000322864
0.000274477
0.000132559
0.000218711
0.000263483
0.000306953
0.000408982
0.000486439
0.000449064
0.000445954
0.000469562
0.000496134
0.000527094
0.000517178
0.000475395
0.000447662
0.000425139
0.000419595
0.00045879
0.000417571
0.000317231
0.000257553
0.00020493
0.000308175
0.000410994
0.000414504
0.000408602
0.000418415
0.000426579
0.00045648
0.000472774
0.000465296
0.000493586
0.000487985
0.000444343
0.000440992
0.000438859
0.000417805
0.00041138
0.000405299
0.000409198
0.000399861
0.0003023
0.000344647
0.000458113
0.000481289
0.000460187
0.000426882
0.000401024
0.000389134
0.00039321
0.000420521
0.000463042
0.000463167
0.000417509
0.000388119
0.000382595
0.000393413
0.00041983
0.000453994
0.000473293
0.000448737
0.000338209
0.000376888
0.000496619
0.000528841
0.000519611
0.000481568
0.000440003
0.000404679
0.000376004
0.000356831
0.000357418
0.000356329
0.000346942
0.000364112
0.000393831
0.000430676
0.000473603
0.000512395
0.000521259
0.000488327
0.000371124
0.000408926
0.000542419
0.000589395
0.000599775
0.000582582
0.000542803
0.000497227
0.000450302
0.000407419
0.000379131
0.000370987
0.000389052
0.000430426
0.000481182
0.000530094
0.000572164
0.000590681
0.000580918
0.000534548
0.000404318
0.000439911
0.000588108
0.000664151
0.000715987
0.000750193
0.000745772
0.000720726
0.000687584
0.000641741
0.000578854
0.000571318
0.000622976
0.000665601
0.000700274
0.000728812
0.000735341
0.000704218
0.000654264
0.000579904
0.000436065
0.000471326
0.000625758
0.000765603
0.000902904
0.00102245
0.00111032
0.00115154
0.00115511
0.00111797
0.00101861
0.00101865
0.00111529
0.00114873
0.00114346
0.00110228
0.00101301
0.000892623
0.000755638
0.000617111
0.000467887
0.00050676
0.000555101
0.000596968
0.000632124
0.000662448
0.000688199
0.00070859
0.000721916
0.000725063
0.000714582
0.000716137
0.000726956
0.000723253
0.000709339
0.000688405
0.0006621
0.000631161
0.000595365
0.00055289
0.000504036
9.83968e-05
0.000119272
0.000130281
0.000135614
0.000135093
0.000133324
0.00013128
0.000129361
0.000129744
0.000132349
0.000132347
0.000131883
0.000133467
0.000135945
0.000138092
0.000139605
0.000139735
0.000134778
0.000122901
0.000100473
0.000127345
0.000305232
0.000380079
0.000428395
0.000438768
0.000441209
0.000455724
0.000474117
0.000503578
0.000532544
0.000527215
0.000496135
0.000471443
0.000458411
0.000451189
0.000443499
0.000429806
0.000397768
0.000322507
0.000131904
0.000167588
0.000306376
0.000408983
0.000500284
0.000509729
0.000479778
0.00049812
0.0005199
0.000552758
0.000588566
0.000581564
0.000534969
0.000502495
0.00048239
0.000465515
0.000475427
0.000493217
0.000443546
0.000347486
0.000155977
0.000278759
0.000372419
0.000408602
0.000437094
0.000465671
0.000488464
0.000518737
0.00051958
0.000522776
0.00055084
0.000547128
0.000503741
0.000491345
0.00049647
0.000483901
0.000460926
0.000434614
0.00040842
0.000369155
0.000272726
0.000324409
0.000430888
0.000460187
0.000457067
0.000447073
0.000440054
0.000444012
0.000463394
0.000493856
0.000517576
0.000517456
0.000485515
0.000458442
0.000440769
0.000434552
0.000440408
0.000450451
0.000452315
0.000421407
0.00031747
0.000367569
0.000485455
0.000519611
0.00051309
0.000486397
0.000458072
0.000435645
0.000420686
0.000418418
0.000443708
0.000452026
0.000415578
0.000412089
0.000426631
0.000449157
0.000477898
0.000504531
0.00051027
0.000475757
0.000361519
0.000412766
0.000555125
0.000599775
0.00060264
0.000583705
0.000554181
0.000522508
0.000491669
0.000463217
0.000446908
0.000439219
0.000445327
0.000472532
0.000506758
0.000541725
0.000573517
0.000593074
0.000590648
0.000547187
0.000408256
0.000453144
0.000623344
0.000715987
0.000776775
0.000806979
0.000804818
0.000784055
0.000754686
0.000709769
0.00064854
0.000639134
0.000687945
0.000730655
0.000762728
0.000787391
0.000792184
0.000764509
0.000705955
0.000615619
0.000449485
0.000491794
0.000675904
0.000902903
0.00115715
0.00134346
0.00140876
0.00142816
0.00141789
0.00134439
0.001205
0.0012089
0.00133959
0.00140897
0.00141899
0.00140125
0.00133415
0.00114522
0.000890948
0.000666637
0.000488576
0.000532817
0.000586225
0.000632124
0.000671414
0.00070594
0.00073616
0.000761098
0.000778408
0.000784307
0.0007757
0.000777571
0.000786234
0.000779755
0.000761874
0.000736439
0.000705702
0.000670587
0.000630757
0.000584362
0.000530427
9.61909e-05
0.000118466
0.000129947
0.000135093
0.000136744
0.000137205
0.00013671
0.000136285
0.000138134
0.000142337
0.000142087
0.000140045
0.000140105
0.000141231
0.000141915
0.000141453
0.000139533
0.00013407
0.000122538
9.87569e-05
0.000123828
0.000342799
0.00041383
0.000438768
0.000449674
0.000465772
0.000483948
0.000508628
0.00054795
0.000584166
0.000579018
0.000541176
0.000509112
0.00049168
0.000480162
0.000465799
0.000449267
0.000424626
0.000358103
0.000128504
0.000145926
0.000405935
0.00048644
0.000509729
0.000495994
0.000511289
0.000536839
0.000561136
0.000603748
0.000641957
0.000636752
0.000587054
0.00054624
0.000526289
0.000507722
0.00048638
0.000482687
0.000474934
0.000411225
0.000150799
0.000245724
0.000355881
0.000418415
0.000465671
0.000503256
0.000534868
0.000551716
0.000550121
0.000570437
0.000602929
0.000601047
0.000555555
0.000528661
0.000531674
0.000531111
0.000505477
0.000465616
0.000418465
0.000354019
0.00023895
0.000298967
0.000385023
0.000426882
0.000447073
0.000459048
0.00047125
0.000491427
0.000517669
0.00054472
0.000576673
0.000578597
0.000536478
0.00051112
0.000490472
0.000470901
0.000456165
0.000442437
0.000420957
0.000377133
0.000291648
0.00035769
0.000458933
0.000481568
0.000486396
0.000478957
0.000468581
0.000461921
0.000462682
0.000483026
0.000535183
0.000547032
0.000486319
0.000459491
0.000456463
0.000462422
0.000472284
0.000478937
0.00047252
0.000448514
0.000351645
0.000415168
0.000560267
0.000582582
0.000583705
0.000577861
0.000565085
0.000550001
0.000537212
0.000532985
0.000550889
0.000547014
0.000519482
0.000522346
0.000537452
0.000555107
0.000569682
0.000575513
0.000572089
0.000551545
0.000410799
0.000463339
0.000660577
0.000750192
0.000806979
0.000839491
0.000843117
0.000833172
0.000814449
0.000778171
0.00072895
0.000718962
0.000758181
0.000793827
0.000815669
0.000829131
0.000827677
0.000796648
0.000741601
0.000653218
0.000459814
0.000508132
0.000723024
0.00102245
0.00134346
0.00149124
0.00157918
0.00163463
0.00164042
0.00155473
0.00138041
0.00138266
0.00154935
0.00163154
0.00162551
0.001571
0.00148261
0.00133164
0.00101149
0.000713733
0.000505049
0.000553745
0.000612452
0.000662448
0.00070594
0.000746034
0.000782379
0.000812863
0.000835145
0.000845535
0.000841551
0.000843547
0.000847604
0.000836607
0.000813701
0.000782676
0.000745887
0.000705147
0.000661206
0.000610793
0.000551575
9.40003e-05
0.000115424
0.000126801
0.000133324
0.000137205
0.000139435
0.00014054
0.000141901
0.000145569
0.000152077
0.000151727
0.000147489
0.000145544
0.000144851
0.000143831
0.000141578
0.000137727
0.00013115
0.000119443
9.59024e-05
0.000117349
0.00033929
0.000407942
0.00044121
0.000465772
0.000486625
0.000506623
0.000537393
0.000582236
0.000617861
0.000613597
0.000578248
0.000541802
0.000519014
0.000503229
0.000484483
0.000460211
0.000426416
0.000355565
0.000121527
0.000145041
0.000379433
0.000449065
0.000479778
0.00051129
0.000541775
0.000562389
0.000591136
0.000631627
0.000647437
0.000641074
0.0006176
0.000580631
0.000558211
0.000541674
0.000514567
0.000477821
0.000438587
0.000369959
0.000149666
0.00021189
0.000341686
0.00042658
0.000488465
0.000534868
0.000561274
0.00056515
0.00057064
0.000597141
0.000605995
0.000600177
0.000583834
0.000556768
0.000551547
0.000553796
0.000538512
0.000496204
0.000431597
0.0003413
0.000202224
0.000272157
0.000347099
0.000401024
0.000440055
0.00047125
0.000500922
0.000528806
0.000552644
0.000576602
0.000591998
0.000590237
0.000570212
0.00054763
0.000530015
0.000505337
0.000474846
0.000440577
0.000398895
0.000342261
0.000267034
0.000348343
0.000415234
0.000440003
0.000458072
0.000468581
0.00047547
0.000483689
0.000499963
0.000537067
0.000591065
0.000599723
0.000543793
0.000502313
0.000483265
0.000473802
0.000465941
0.000454158
0.000434202
0.000406855
0.000342331
0.000415869
0.00054701
0.000542802
0.000554181
0.000565085
0.000568835
0.000568224
0.000571408
0.000593374
0.000648459
0.000648992
0.000586469
0.000562931
0.000560925
0.000563229
0.000560514
0.000548808
0.000534204
0.000534877
0.000411547
0.000470263
0.000687069
0.000745771
0.000804818
0.000843117
0.000859244
0.000864329
0.00085574
0.000823236
0.000783641
0.000774895
0.000807526
0.000840677
0.000852657
0.000850358
0.000835605
0.000797246
0.000736662
0.000679093
0.000466803
0.000520276
0.000759042
0.00111032
0.00140876
0.00157918
0.00171053
0.00179428
0.00179532
0.00164996
0.00137252
0.00137405
0.00164522
0.00178629
0.00178714
0.00170547
0.00157424
0.00139721
0.00110227
0.000749896
0.000517265
0.000570157
0.000634077
0.000688199
0.00073616
0.000782379
0.000824579
0.000860777
0.000888477
0.000904189
0.000906482
0.000908763
0.000906593
0.000890166
0.000861817
0.000825077
0.00078238
0.00073548
0.000687043
0.000632534
0.000568125
9.12727e-05
0.00011155
0.000123442
0.00013128
0.00013671
0.00014054
0.000143551
0.000147132
0.000153307
0.000164175
0.00016388
0.000155341
0.000150453
0.000147246
0.000144115
0.000140113
0.000134785
0.000127372
0.000115713
9.28886e-05
0.000115335
0.000342852
0.000415664
0.000455724
0.000483948
0.000506623
0.000530906
0.000566417
0.00060793
0.000631988
0.000627577
0.000607113
0.000573746
0.000545789
0.000524374
0.000501758
0.000473381
0.000433732
0.00036017
0.000117744
0.000145061
0.000366214
0.000445954
0.00049812
0.000536839
0.000562389
0.00058591
0.000613872
0.00062487
0.000569127
0.000558314
0.000612706
0.0006066
0.000585305
0.000565036
0.000539684
0.000503879
0.000454196
0.000376029
0.000147188
0.000168542
0.000355678
0.000456481
0.000518737
0.000551716
0.00056515
0.000571665
0.000585037
0.000582072
0.000492412
0.000478909
0.00056817
0.000577011
0.000566809
0.000560144
0.000549222
0.000522836
0.000472385
0.000379932
0.000160948
0.000251178
0.00032377
0.000389134
0.000444013
0.000491427
0.000528806
0.000554921
0.000572518
0.000571529
0.000482809
0.000471709
0.000562757
0.000570769
0.000557913
0.00053607
0.00050056
0.000452613
0.000393499
0.000324019
0.000247334
0.000338702
0.000376563
0.000404679
0.000435645
0.000461921
0.000483689
0.000504959
0.000531632
0.000560685
0.000521788
0.000519128
0.000564977
0.000538511
0.000510748
0.000487532
0.000464223
0.000436101
0.000402245
0.000370197
0.000332345
0.000413959
0.000501854
0.000497227
0.000522508
0.000550001
0.000568224
0.000579652
0.000597032
0.000636736
0.000660378
0.000660284
0.000635877
0.000596162
0.000579102
0.00056823
0.00054989
0.000520096
0.000489569
0.00048781
0.000409587
0.000473352
0.000692581
0.000720726
0.000784054
0.000833172
0.000864329
0.00087928
0.000868754
0.000829463
0.000790655
0.000784356
0.000819222
0.000859501
0.000873234
0.000860851
0.000830366
0.000780199
0.000713847
0.000683343
0.000469891
0.000527667
0.000774158
0.00115154
0.00142816
0.00163463
0.00179428
0.00187963
0.00183041
0.00155617
0.00118792
0.00118815
0.00155842
0.00182039
0.00187335
0.0017906
0.00163221
0.00142031
0.00114186
0.000764487
0.000524664
0.000581984
0.000650607
0.00070859
0.000761097
0.000812863
0.000860777
0.000902967
0.000937248
0.000961702
0.000978833
0.00098165
0.000964759
0.000939382
0.000904385
0.000861565
0.000813068
0.000760547
0.000707483
0.00064913
0.000580028
8.91199e-05
0.000107827
0.000120307
0.000129361
0.000136285
0.000141901
0.000147132
0.00015372
0.000163359
0.000178748
0.000178777
0.000165404
0.000156311
0.000149562
0.000143855
0.000137873
0.000130934
0.000122268
0.000110235
8.97393e-05
0.000114305
0.000347587
0.000427974
0.000474118
0.000508629
0.000537393
0.000566417
0.000599441
0.00060634
0.000495226
0.000487419
0.000607164
0.000606535
0.00057938
0.000552223
0.000523153
0.000487698
0.000441216
0.000360812
0.000115568
0.000144066
0.000392054
0.000469562
0.000519901
0.000561136
0.000591136
0.000613871
0.000613255
0.000522741
0.000335913
0.000328951
0.000508837
0.000605062
0.000611647
0.000592184
0.000561295
0.00052103
0.000473656
0.000398419
0.00014595
0.000160423
0.000394718
0.000472775
0.00051958
0.000550121
0.00057064
0.000585037
0.000571427
0.000445912
0.000353708
0.000356657
0.000430996
0.000563772
0.000584142
0.000571319
0.000548944
0.000515887
0.000472479
0.000400156
0.000164283
0.00022621
0.000311291
0.00039321
0.000463394
0.000517669
0.000552643
0.000572518
0.000562701
0.000430116
0.000439054
0.000453714
0.000420254
0.000560761
0.000577748
0.000560268
0.000527382
0.000475394
0.000403733
0.000315672
0.000217445
0.000328279
0.000343124
0.000376004
0.000420686
0.000462682
0.000499963
0.000531632
0.00054569
0.000444265
0.000523067
0.000546374
0.000442617
0.000552981
0.000542922
0.00051025
0.000470388
0.000424678
0.000375765
0.000337411
0.000321692
0.000409202
0.00044801
0.000450302
0.000491669
0.000537212
0.000571408
0.000597032
0.000624423
0.000593265
0.000648925
0.000663278
0.000593226
0.00063041
0.000604159
0.000577889
0.000541849
0.000492129
0.00044419
0.000435269
0.000404786
0.000472076
0.000675426
0.000687583
0.000754685
0.000814449
0.00085574
0.000868754
0.000847488
0.00079797
0.000788627
0.000792053
0.000793261
0.000843469
0.000867422
0.000856711
0.000816043
0.000754373
0.000683023
0.000666087
0.000468612
0.000529501
0.000765961
0.00115511
0.00141789
0.00164042
0.00179532
0.00183041
0.00165196
0.00131177
0.00121713
0.00122442
0.00131076
0.00164167
0.00182191
0.00179213
0.00163815
0.00141186
0.00114806
0.00075699
0.000526525
0.000588368
0.00066069
0.000721915
0.000778407
0.000835145
0.000888476
0.000937248
0.000981247
0.00102519
0.00107561
0.00107957
0.00102914
0.000984256
0.000939255
0.000889716
0.000835588
0.000777982
0.000720875
0.000659258
0.000586445
8.90778e-05
0.000106955
0.000119727
0.000129744
0.000138134
0.000145569
0.000153307
0.000163359
0.000173084
0.000187823
0.000188718
0.000175152
0.000164716
0.000153709
0.000145082
0.000137031
0.000128439
0.000118607
0.000106211
8.74004e-05
0.000114334
0.000351906
0.000445995
0.000503579
0.00054795
0.000582236
0.00060793
0.00060634
0.00046636
0.000478839
0.000480714
0.000471249
0.000611571
0.000614798
0.000589298
0.000554729
0.000509356
0.00045123
0.000357302
0.000114524
0.000143391
0.0004096
0.000496135
0.000552759
0.000603748
0.000631627
0.000624869
0.000522741
0.000332013
0.00065271
0.000668021
0.000328747
0.000514336
0.000615664
0.00062477
0.000596069
0.00054816
0.000493413
0.000408516
0.000144481
0.000162992
0.00038659
0.000465296
0.000522776
0.000570437
0.000597141
0.000582072
0.000445912
0.00037508
0.000967122
0.000992977
0.000379812
0.000438609
0.000575815
0.000595712
0.000567614
0.000521322
0.000463972
0.000386559
0.000164301
0.000202226
0.000313727
0.000420521
0.000493856
0.000544719
0.000576602
0.000571529
0.000430115
0.000499777
0.00132886
0.00136313
0.000522498
0.000427624
0.000572672
0.00058315
0.000552187
0.000502243
0.000431684
0.000321509
0.00019053
0.000318285
0.000320547
0.000356831
0.000418418
0.000483025
0.000537066
0.000560685
0.000444264
0.00059686
0.00161221
0.00165442
0.000631476
0.000447983
0.000571944
0.000551646
0.000495822
0.000426857
0.000359131
0.00031632
0.000311617
0.000401584
0.000402162
0.000407419
0.000463217
0.000532985
0.000593374
0.000636736
0.000593265
0.000725532
0.00177142
0.00181383
0.000760219
0.000600397
0.000651069
0.000607357
0.000543569
0.000468177
0.000405327
0.000394265
0.000397148
0.000465681
0.000636435
0.00064174
0.000709769
0.00077817
0.000823236
0.000829462
0.00079797
0.000861947
0.00176951
0.00180615
0.000885393
0.000799582
0.00083316
0.00082879
0.000783861
0.000712907
0.000639275
0.000627729
0.000462261
0.000524146
0.000726813
0.00111797
0.00134439
0.00155473
0.00164996
0.00155617
0.00131177
0.0012921
0.00171264
0.00173644
0.0013117
0.00130949
0.00154448
0.00164615
0.00155217
0.00133795
0.0011129
0.000719153
0.000521259
0.000587344
0.000661786
0.000725063
0.000784307
0.000845535
0.000904189
0.000961702
0.00102519
0.00110468
0.00119437
0.0011995
0.00111062
0.00102993
0.000964847
0.000906196
0.000846448
0.000784089
0.000724095
0.000660398
0.000585445
8.99156e-05
0.000108237
0.000121412
0.000132349
0.000142337
0.000152077
0.000164176
0.000178748
0.000187823
0.00019119
0.000191598
0.000187633
0.000178065
0.000162125
0.000148956
0.000138747
0.000128656
0.000117944
0.000105176
8.68088e-05
0.000115691
0.000364529
0.000467382
0.000532545
0.000584167
0.000617862
0.000631989
0.000495226
0.000478839
0.000288092
0.000291391
0.000478335
0.000508109
0.000636853
0.00061889
0.000585177
0.000532576
0.000466663
0.000363682
0.000115665
0.000145511
0.000431763
0.000527096
0.000588567
0.000641958
0.000647438
0.000569128
0.000335913
0.000652709
0.000437632
0.000442676
0.000641628
0.000336247
0.000559215
0.000632642
0.000627198
0.000578083
0.000519574
0.000427829
0.000146493
0.000166938
0.000414018
0.000493587
0.00055084
0.00060293
0.000605995
0.000492413
0.000353708
0.000967121
0.000617086
0.000625283
0.000964822
0.000360076
0.000483094
0.000595122
0.000593143
0.000545498
0.000489913
0.000412448
0.000167254
0.000191105
0.00038151
0.000463043
0.000517576
0.000576673
0.000591998
0.00048281
0.000439054
0.00132886
0.000830677
0.000842292
0.00134453
0.000463071
0.000479107
0.000592167
0.000578094
0.000519974
0.00046574
0.000385875
0.000183379
0.000308984
0.000316595
0.000357418
0.000443708
0.000535183
0.000591065
0.000521788
0.000523066
0.00161221
0.0010672
0.00108199
0.00164856
0.000554619
0.000526452
0.000604746
0.000550869
0.000455906
0.00036304
0.000314608
0.000302596
0.000391813
0.000377821
0.000379131
0.000446908
0.00055089
0.000648459
0.000660378
0.000648924
0.00177141
0.00129824
0.00131484
0.00182088
0.000679404
0.00067799
0.000670715
0.000570239
0.000459027
0.000382273
0.000374931
0.000387845
0.000454356
0.000582959
0.000578853
0.00064854
0.000728949
0.00078364
0.000790655
0.000788626
0.00176951
0.0014692
0.00148672
0.00182601
0.000809022
0.000801458
0.000797774
0.000742731
0.000658649
0.000582509
0.000579079
0.000451568
0.000510749
0.000655629
0.00101861
0.001205
0.00138041
0.00137252
0.00118792
0.00121713
0.00171264
0.00157809
0.00159631
0.0017523
0.00123792
0.00119727
0.0013791
0.00138216
0.00120642
0.00101365
0.000655246
0.000508492
0.000575702
0.000651098
0.000714581
0.0007757
0.000841551
0.000906482
0.000978833
0.00107561
0.00119437
0.00123483
0.00123862
0.00120245
0.00108266
0.00098417
0.000909984
0.0008433
0.000776056
0.000713604
0.00064977
0.000573949
9.02384e-05
0.00010872
0.00012167
0.000132347
0.000142088
0.000151727
0.000163881
0.000178777
0.000188718
0.000191598
0.000189993
0.000186678
0.000177674
0.000161825
0.000148726
0.000138751
0.000128871
0.000118354
0.000105688
8.72015e-05
0.000115227
0.000362067
0.00046251
0.000527217
0.00057902
0.000613599
0.000627578
0.00048742
0.000480715
0.000291392
0.000293125
0.000484917
0.000505269
0.00063601
0.000616843
0.000582481
0.000529219
0.000462903
0.00036007
0.00011532
0.000144109
0.00042275
0.000517181
0.000581567
0.000636754
0.000641076
0.000558316
0.000328952
0.000668023
0.000442677
0.000446627
0.000666339
0.000328611
0.000550295
0.000626682
0.000623305
0.000572166
0.000511219
0.000419277
0.000145082
0.000165193
0.000410481
0.000487987
0.000547131
0.000601049
0.000600178
0.00047891
0.000356659
0.000992981
0.000625284
0.00063016
0.000998369
0.00036138
0.000471748
0.000587707
0.000588601
0.000539978
0.000482783
0.000406131
0.000165076
0.000189157
0.000395471
0.000463169
0.000517458
0.0005786
0.000590239
0.00047171
0.000453717
0.00136313
0.000842294
0.000846008
0.00137908
0.000473848
0.000470883
0.000588349
0.000576117
0.000516479
0.000460586
0.000386787
0.000180825
0.00030577
0.000312164
0.00035633
0.000452028
0.000547034
0.000599725
0.000519129
0.000546379
0.00165443
0.001082
0.00108338
0.00168207
0.000564954
0.000525623
0.000610398
0.000558192
0.00046051
0.000361709
0.000310215
0.000298995
0.000390836
0.000371595
0.000370986
0.000439219
0.000547015
0.000648993
0.000660284
0.000663282
0.00181384
0.00131485
0.00131326
0.00184639
0.000680502
0.000677837
0.000668752
0.00056658
0.000454398
0.000377148
0.000370046
0.000387016
0.000454271
0.000576659
0.000571317
0.000639133
0.000718961
0.000774894
0.000784355
0.000792056
0.00180615
0.00148672
0.00148332
0.00184099
0.000807248
0.000800429
0.000793524
0.000736889
0.000653657
0.000578893
0.000575995
0.000451884
0.000511234
0.000655554
0.00101865
0.0012089
0.00138266
0.00137405
0.00118815
0.00122442
0.00173645
0.00159631
0.00159285
0.0017608
0.00123971
0.00120427
0.00139088
0.00138962
0.0012116
0.00101567
0.000659838
0.000509349
0.000576694
0.000652417
0.000716137
0.000777572
0.000843547
0.000908763
0.000981651
0.00107957
0.0011995
0.00123863
0.00123408
0.00120196
0.00108233
0.000983977
0.000910373
0.000843973
0.000776777
0.000714144
0.000650459
0.000574854
9.08863e-05
0.000109908
0.000122285
0.000131883
0.000140045
0.00014749
0.000155341
0.000165404
0.000175152
0.000187633
0.000186678
0.000173197
0.000162447
0.000151546
0.000143507
0.000136133
0.000128233
0.000119083
0.000107163
8.81591e-05
0.000114308
0.000351559
0.000440318
0.000496137
0.000541178
0.000578251
0.000607116
0.000607166
0.00047125
0.000478335
0.000484917
0.000483308
0.00061687
0.000608727
0.000578654
0.000541935
0.000496674
0.000440574
0.00034975
0.000114309
0.000141855
0.000391709
0.000475398
0.000534972
0.000587057
0.000617603
0.000612708
0.000508838
0.000328749
0.000641628
0.000666339
0.000325521
0.000504404
0.000603244
0.00061125
0.000582418
0.000532327
0.00047616
0.000393441
0.000142879
0.000160984
0.000364778
0.000444345
0.000503743
0.000555558
0.000583836
0.000568171
0.000430997
0.000379814
0.000964823
0.000998369
0.000385549
0.000425092
0.000562306
0.000583414
0.000555004
0.00050667
0.000448537
0.000371118
0.000161004
0.000191627
0.000313794
0.000417511
0.000485518
0.00053648
0.000570215
0.000562758
0.000420255
0.000522501
0.00134453
0.00137908
0.0005354
0.000419066
0.000565011
0.000577369
0.000545102
0.000493879
0.000423327
0.000317894
0.000180318
0.000312936
0.000308828
0.000346943
0.00041558
0.000486321
0.000543795
0.000564979
0.000442618
0.000631481
0.00164856
0.00168207
0.000652266
0.000450003
0.000576091
0.000556203
0.00049838
0.00042632
0.000354746
0.000307874
0.000305488
0.000400576
0.000388421
0.000389051
0.000445327
0.000519483
0.000586469
0.000635877
0.000593226
0.000760223
0.00182089
0.00184639
0.000775792
0.000596599
0.000646721
0.000599322
0.000532261
0.00045537
0.000393095
0.00038511
0.000396814
0.00046627
0.000630261
0.000622975
0.000687944
0.000758181
0.000807525
0.000819221
0.00079326
0.000885396
0.00182601
0.00184099
0.000898497
0.000800408
0.00082751
0.000815603
0.000766622
0.000695719
0.000627851
0.000628691
0.000464055
0.000525507
0.000729784
0.00111529
0.00133959
0.00154935
0.00164522
0.00155842
0.00131076
0.0013117
0.0017523
0.0017608
0.00132323
0.00132835
0.00157547
0.00165053
0.0015462
0.00133374
0.00111831
0.000732115
0.000523731
0.000588883
0.000663596
0.000726957
0.000786234
0.000847604
0.000906593
0.00096476
0.00102914
0.00111062
0.00120245
0.00120196
0.00111156
0.00103051
0.000965974
0.000906939
0.000846853
0.000784488
0.000724808
0.000661583
0.000587077
9.24431e-05
0.000113059
0.000124973
0.000133467
0.000140106
0.000145544
0.000150453
0.000156311
0.000164716
0.000178065
0.000177675
0.000162447
0.00015249
0.000146202
0.0001412
0.000135923
0.000129742
0.000121866
0.00011053
9.01316e-05
0.000114644
0.000348845
0.000424542
0.000471445
0.000509114
0.000541804
0.000573748
0.000606536
0.000611572
0.000508109
0.000505269
0.000616871
0.000604985
0.000569357
0.000538181
0.00050697
0.000470877
0.000425896
0.000349149
0.0001147
0.000142265
0.00037173
0.000447664
0.000502497
0.000546242
0.000580633
0.000606602
0.000605063
0.000514337
0.000336248
0.000328611
0.000504404
0.000596354
0.000601806
0.000579739
0.000547136
0.000502826
0.000454042
0.000378734
0.000143547
0.000159514
0.00036467
0.000440993
0.000491347
0.000528662
0.00055677
0.000577013
0.000563773
0.000438609
0.000360078
0.00036138
0.000425093
0.000556926
0.000578385
0.000562338
0.000536431
0.00049946
0.000452774
0.000378011
0.000160194
0.000217892
0.000305601
0.00038812
0.000458443
0.000511122
0.000547631
0.000570771
0.000560762
0.000427624
0.000463073
0.000473847
0.000419066
0.000560109
0.000578272
0.000558362
0.000523392
0.000469926
0.000398524
0.000310731
0.000206354
0.00032346
0.000330391
0.000364112
0.000412089
0.000459492
0.000502314
0.000538512
0.000552982
0.000447983
0.000554621
0.000564954
0.000450004
0.000560691
0.000549817
0.0005139
0.000470287
0.000420566
0.000367662
0.000326737
0.000315748
0.000407718
0.000432631
0.000430425
0.000472531
0.000522345
0.000562931
0.000596161
0.000630409
0.000600397
0.000679405
0.000680503
0.000596599
0.000631782
0.000600682
0.000568615
0.000527692
0.00047527
0.000426955
0.000418139
0.000403582
0.000471991
0.000667015
0.0006656
0.000730655
0.000793826
0.000840677
0.0008595
0.000843468
0.000799581
0.000809023
0.000807249
0.000800408
0.000842106
0.000857036
0.000839236
0.000794155
0.000731876
0.000666961
0.000669974
0.000469412
0.000530119
0.00076555
0.00114873
0.00140897
0.00163155
0.00178629
0.00182039
0.00164167
0.00130949
0.00123792
0.00123971
0.00132835
0.00166388
0.00182582
0.00178052
0.00162272
0.00139921
0.00114771
0.000764787
0.000527843
0.000589284
0.00066196
0.000723253
0.000779755
0.000836607
0.000890167
0.000939383
0.000984257
0.00102993
0.00108266
0.00108233
0.00103051
0.000985297
0.000939751
0.000889458
0.000834934
0.000777316
0.000720589
0.000659522
0.000587091
9.42308e-05
0.000116575
0.000128368
0.000135945
0.000141231
0.000144852
0.000147246
0.000149562
0.000153709
0.000162125
0.000161825
0.000151546
0.000146202
0.000143753
0.000141148
0.000137441
0.000132571
0.000125622
0.000114571
9.26914e-05
0.000115435
0.000342433
0.000414743
0.000458413
0.000491681
0.000519016
0.000545791
0.000579381
0.000614799
0.000636854
0.000636011
0.000608727
0.000569357
0.000534681
0.000511275
0.000487913
0.000458162
0.000418294
0.000347948
0.000115979
0.000143411
0.00034312
0.000425141
0.000482392
0.000526291
0.000558213
0.000585307
0.000611648
0.000615665
0.000559215
0.000550296
0.000603244
0.000601806
0.000580648
0.000558295
0.000530154
0.000488002
0.000434906
0.000357756
0.00014497
0.000160613
0.000346407
0.000438861
0.000496472
0.000531675
0.000551548
0.000566811
0.000584143
0.000575815
0.000483094
0.000471749
0.000562307
0.000578385
0.000567482
0.000558333
0.000543954
0.000513045
0.000460082
0.000369033
0.000156571
0.00025008
0.00031807
0.000382596
0.00044077
0.000490474
0.000530016
0.000557914
0.00057775
0.000572672
0.000479107
0.000470884
0.000565011
0.000578272
0.000563768
0.000539622
0.000503379
0.000453509
0.000392149
0.000320417
0.000238979
0.000335079
0.000366164
0.000393831
0.000426631
0.000456463
0.000483266
0.000510748
0.000542922
0.000571945
0.000526452
0.000525623
0.000576091
0.000549817
0.000518718
0.000491404
0.000462954
0.000429973
0.000392486
0.000359327
0.000327386
0.000412121
0.00049003
0.000481181
0.000506757
0.000537451
0.000560924
0.000579102
0.000604159
0.000651068
0.000677989
0.000677837
0.000646721
0.000600682
0.00057733
0.000560276
0.000536531
0.000503516
0.000473103
0.000474575
0.000407554
0.000472491
0.000682092
0.000700273
0.000762727
0.000815668
0.000852656
0.000873233
0.00086742
0.000833159
0.000801457
0.000800429
0.00082751
0.000857036
0.000862712
0.000844281
0.000809462
0.000757807
0.000696474
0.000681926
0.000469393
0.000527445
0.000771292
0.00114346
0.00141899
0.00162551
0.00178714
0.00187335
0.00182191
0.00154448
0.00119727
0.00120427
0.00157547
0.00182582
0.00186241
0.00177419
0.00161515
0.00140619
0.0011368
0.000766924
0.000524616
0.000582186
0.000651239
0.000709339
0.000761874
0.000813701
0.000861817
0.000904385
0.000939256
0.000964848
0.00098417
0.000983977
0.000965974
0.000939751
0.000903766
0.000860252
0.000811437
0.000758979
0.00070628
0.000648418
0.000579617
9.63065e-05
0.000119622
0.000131399
0.000138092
0.000141915
0.000143831
0.000144115
0.000143855
0.000145082
0.000148956
0.000148726
0.000143507
0.0001412
0.000141148
0.000140806
0.000138859
0.000135339
0.000129135
0.0001179
9.53053e-05
0.000119565
0.00034456
0.000412934
0.00045119
0.000480163
0.000503231
0.000524375
0.000552225
0.000589299
0.000618891
0.000616844
0.000578656
0.000538182
0.000511276
0.000494555
0.000476124
0.000451562
0.000418333
0.000350189
0.000121578
0.000145647
0.000346516
0.000419596
0.000465516
0.000507723
0.000541675
0.000565037
0.000592185
0.000624771
0.000632643
0.000626682
0.00061125
0.000579739
0.000558295
0.000542284
0.000511322
0.000472015
0.000429659
0.000359635
0.000148458
0.000206174
0.000333073
0.000417805
0.000483902
0.000531112
0.000553797
0.000560145
0.00057132
0.000595713
0.000595122
0.000587707
0.000583415
0.000562338
0.000558333
0.000560983
0.000544481
0.000499518
0.000433592
0.000341903
0.000195752
0.000271465
0.000340888
0.000393413
0.000434552
0.000470902
0.000505338
0.000536071
0.000560269
0.000583151
0.000592168
0.00058835
0.000577369
0.000558362
0.000539622
0.000514978
0.000482173
0.000443782
0.000397453
0.000337692
0.000260476
0.000345774
0.000407923
0.000430675
0.000449157
0.000462422
0.000473802
0.000487532
0.000510251
0.000551647
0.000604746
0.000610399
0.000556203
0.000513901
0.000491404
0.000476938
0.000463703
0.00044719
0.000424004
0.000395592
0.000337931
0.000413734
0.000535973
0.000530093
0.000541724
0.000555106
0.000563229
0.00056823
0.000577889
0.000607357
0.000670714
0.000668753
0.000599322
0.000568615
0.000560276
0.000556445
0.000548426
0.000533511
0.000519342
0.000526197
0.000408764
0.000468687
0.000675855
0.000728811
0.00078739
0.00082913
0.000850357
0.000860849
0.00085671
0.000828789
0.000797773
0.000793524
0.000815604
0.000839237
0.000844281
0.000836241
0.000816705
0.000776531
0.000719576
0.00067402
0.000465106
0.000519267
0.000754696
0.00110228
0.00140125
0.001571
0.00170547
0.0017906
0.00179213
0.00164615
0.0013791
0.00139088
0.00165053
0.00178052
0.00177419
0.00169037
0.00155846
0.00138291
0.0010996
0.000749949
0.000516035
0.000569651
0.000634086
0.000688405
0.00073644
0.000782676
0.000825077
0.000861565
0.000889717
0.000906196
0.000909984
0.000910373
0.000906939
0.000889458
0.000860252
0.000822968
0.000780053
0.000733217
0.000685138
0.000630977
0.000566739
9.89616e-05
0.000122765
0.000134101
0.000139605
0.000141453
0.000141578
0.000140114
0.000137874
0.000137031
0.000138747
0.000138751
0.000136133
0.000135923
0.000137441
0.000138859
0.000138908
0.000137315
0.000132178
0.000121059
9.80448e-05
0.000126402
0.000345558
0.00041083
0.000443499
0.0004658
0.000484484
0.000501759
0.000523154
0.00055473
0.000585178
0.000582482
0.000541936
0.000506971
0.000487913
0.000476125
0.000462069
0.000446393
0.000422223
0.000357168
0.000129447
0.000146882
0.000389957
0.00045879
0.000475427
0.000486381
0.000514568
0.000539685
0.000561296
0.00059607
0.000627199
0.000623306
0.000582418
0.000547136
0.000530155
0.000511322
0.000488786
0.000481536
0.000470002
0.000403902
0.000151811
0.000243874
0.000350882
0.00041138
0.000460926
0.000505478
0.000538513
0.000549223
0.000548945
0.000567615
0.000593144
0.000588601
0.000555005
0.000536431
0.000543954
0.000544481
0.000518468
0.000475813
0.000421086
0.000351806
0.000232698
0.000297646
0.000380269
0.00041983
0.000440408
0.000456165
0.000474847
0.000500561
0.000527383
0.000552189
0.000578095
0.000576118
0.000545102
0.000523392
0.000503379
0.000482173
0.000463178
0.000443062
0.000416331
0.000370696
0.000286156
0.000355407
0.000451996
0.000473602
0.000477897
0.000472284
0.000465941
0.000464224
0.000470388
0.000495823
0.00055087
0.000558193
0.00049838
0.000470287
0.000462954
0.000463703
0.00046831
0.000470819
0.000463065
0.000438925
0.000347273
0.000412692
0.000550982
0.000572163
0.000573516
0.000569682
0.000560514
0.000549889
0.000541848
0.000543568
0.000570238
0.000566581
0.000532262
0.000527692
0.000536531
0.000548426
0.000557954
0.000560694
0.000556171
0.000542306
0.000407164
0.000461081
0.000649876
0.00073534
0.000792183
0.000827676
0.000835603
0.000830365
0.000816041
0.00078386
0.00074273
0.00073689
0.000766622
0.000794155
0.000809462
0.000816705
0.000811034
0.000778736
0.00072727
0.000645484
0.000456935
0.000506347
0.000717601
0.00101301
0.00133415
0.00148261
0.00157424
0.00163221
0.00163815
0.00155217
0.00138216
0.00138962
0.0015462
0.00162273
0.00161515
0.00155846
0.00146634
0.00132038
0.00100374
0.000710151
0.000502632
0.000552509
0.000611827
0.0006621
0.000705702
0.000745887
0.00078238
0.000813069
0.000835588
0.000846448
0.0008433
0.000843973
0.000846853
0.000834934
0.000811438
0.000780053
0.000743032
0.000702284
0.000658638
0.000608449
0.000549265
0.00010116
0.00012301
0.000134352
0.000139735
0.000139533
0.000137727
0.000134785
0.000130934
0.00012844
0.000128656
0.000128871
0.000128233
0.000129742
0.000132571
0.000135339
0.000137315
0.000137923
0.000133385
0.00012185
0.000100087
0.000129683
0.000300813
0.000377969
0.000429807
0.000449268
0.000460212
0.000473382
0.000487699
0.000509357
0.000532577
0.000529221
0.000496675
0.000470878
0.000458163
0.000451562
0.000446393
0.000437798
0.000401596
0.000326721
0.000132172
0.000158635
0.00031217
0.000417574
0.000493218
0.000482687
0.000477822
0.00050388
0.000521031
0.000548161
0.000578084
0.000572167
0.000532328
0.000502827
0.000488003
0.000472016
0.000481536
0.000508968
0.000460197
0.000364958
0.000152021
0.000279743
0.00037034
0.000405298
0.000434614
0.000465616
0.000496205
0.000522837
0.000515888
0.000521323
0.000545499
0.000539979
0.000506671
0.00049946
0.000513046
0.000499519
0.000475813
0.00044103
0.000403027
0.000360945
0.000265624
0.00032286
0.000426316
0.000453994
0.000450451
0.000442437
0.000440577
0.000452614
0.000475395
0.000502244
0.000519975
0.000516479
0.000493879
0.000469926
0.000453509
0.000443782
0.000443062
0.000445332
0.000443157
0.000414051
0.000313408
0.000365584
0.000480301
0.000512395
0.000504531
0.000478937
0.000454158
0.000436101
0.000424679
0.000426858
0.000455907
0.000460511
0.00042632
0.000420566
0.000429973
0.00044719
0.000470819
0.000494103
0.000501947
0.000469488
0.000357352
0.000409901
0.000547443
0.000590681
0.000593074
0.000575513
0.000548808
0.000520095
0.000492128
0.000468177
0.000459027
0.000454398
0.00045537
0.00047527
0.000503516
0.000533511
0.000560694
0.00057928
0.000579709
0.000538824
0.000403859
0.000450205
0.000614303
0.000704217
0.000764508
0.000796647
0.000797245
0.000780198
0.000754372
0.000712906
0.000658649
0.000653657
0.000695719
0.000731877
0.000757807
0.00077653
0.000778736
0.000750705
0.00069277
0.000606598
0.0004455
0.000489225
0.00067016
0.000892622
0.00114522
0.00133163
0.00139721
0.00142031
0.00141186
0.00133795
0.00120641
0.0012116
0.00133374
0.00139921
0.00140619
0.00138291
0.00132038
0.00113376
0.000879818
0.000660491
0.000485034
0.00053079
0.000584911
0.00063116
0.000670587
0.000705147
0.00073548
0.000760547
0.000777982
0.00078409
0.000776056
0.000776777
0.000784489
0.000777317
0.00075898
0.000733217
0.000702284
0.000667288
0.000627611
0.000581278
0.000527207
0.0001038
0.00012052
0.000128404
0.000134778
0.00013407
0.00013115
0.000127372
0.000122268
0.000118608
0.000117944
0.000118354
0.000119083
0.000121867
0.000125622
0.000129135
0.000132178
0.000133385
0.000127787
0.00012073
0.000103532
0.000131768
0.000268309
0.000322865
0.00039777
0.000424627
0.000426417
0.000433733
0.000441217
0.000451231
0.000466664
0.000462904
0.000440575
0.000425897
0.000418294
0.000418333
0.000422223
0.000401597
0.000334226
0.000284947
0.000132207
0.000210956
0.000253775
0.000317232
0.000443548
0.000474934
0.000438588
0.000454197
0.000473657
0.000493414
0.000519575
0.00051122
0.000476161
0.000454042
0.000434906
0.000429659
0.000470002
0.000460198
0.00033612
0.0002568
0.000190145
0.000307616
0.000403761
0.000409197
0.000408419
0.000418465
0.000431598
0.000472386
0.00047248
0.000463973
0.000489914
0.000482784
0.000448537
0.000452774
0.000460082
0.000433593
0.000421086
0.000403027
0.000393483
0.000385253
0.000295363
0.000342463
0.000451884
0.000473292
0.000452315
0.000420957
0.000398895
0.000393499
0.000403734
0.000431685
0.000465741
0.000460587
0.000423327
0.000398525
0.000392149
0.000397452
0.000416331
0.000443157
0.000464391
0.000442507
0.000333551
0.000374078
0.000490951
0.000521259
0.000510269
0.000472519
0.000434201
0.000402245
0.000375765
0.000359132
0.000363041
0.00036171
0.000354746
0.000367662
0.000392486
0.000424004
0.000463064
0.000501947
0.000513005
0.000481967
0.000366245
0.000405434
0.000535446
0.000580917
0.000590648
0.000572088
0.000534204
0.000489568
0.000444189
0.000405326
0.000382273
0.000377148
0.000393095
0.000426955
0.000473103
0.000519342
0.00055617
0.000579709
0.000571008
0.000526141
0.000399155
0.000436225
0.000580224
0.000654264
0.000705954
0.0007416
0.000736661
0.000713845
0.000683022
0.000639274
0.000582508
0.000578893
0.000627852
0.000666961
0.000696474
0.000719576
0.00072727
0.00069277
0.000642144
0.000570184
0.000431069
0.00046795
0.000620138
0.000755637
0.000890946
0.00101149
0.00110227
0.00114186
0.00114806
0.0011129
0.00101365
0.00101567
0.00111831
0.00114771
0.0011368
0.0010996
0.00100374
0.000879818
0.000743646
0.000609661
0.000463313
0.000503875
0.000553048
0.000595365
0.000630757
0.000661206
0.000687043
0.000707483
0.000720875
0.000724095
0.000713603
0.000714144
0.000724808
0.000720589
0.00070628
0.000685138
0.000658638
0.000627611
0.000591744
0.00054912
0.000499918
0.000104018
0.00011616
0.000119746
0.000122901
0.000122538
0.000119443
0.000115713
0.000110235
0.000106211
0.000105176
0.000105688
0.000107163
0.00011053
0.000114571
0.000117901
0.000121059
0.00012185
0.00012073
0.000119702
0.000105218
0.000131517
0.000248239
0.000274477
0.000322508
0.000358104
0.000355566
0.000360171
0.000360813
0.000357303
0.000363682
0.000360071
0.00034975
0.00034915
0.000347948
0.000350189
0.000357168
0.000326722
0.000284947
0.000268483
0.000132378
0.000258472
0.000264477
0.000257553
0.000347487
0.000411225
0.00036996
0.00037603
0.00039842
0.000408517
0.00042783
0.000419278
0.000393442
0.000378734
0.000357756
0.000359635
0.000403902
0.00036496
0.000256801
0.000241992
0.000235935
0.000326421
0.000416425
0.00039986
0.000369154
0.000354019
0.000341299
0.000379934
0.000400157
0.00038656
0.000412449
0.000406132
0.000371118
0.000378011
0.000369033
0.000341903
0.000351806
0.000360945
0.000385252
0.000403496
0.000317459
0.000355448
0.00044437
0.000448737
0.000421407
0.000377132
0.000342261
0.00032402
0.000315673
0.00032151
0.000385876
0.000386788
0.000317895
0.000310731
0.000320417
0.000337692
0.000370695
0.000414051
0.000442507
0.000436994
0.000347665
0.000377662
0.000472366
0.000488327
0.000475757
0.000448514
0.000406854
0.000370196
0.000337411
0.00031632
0.000314608
0.000310215
0.000307874
0.000326737
0.000359327
0.000395591
0.000438924
0.000469488
0.000481967
0.000464875
0.000370761
0.000397974
0.000503624
0.000534548
0.000547187
0.000551545
0.000534876
0.000487809
0.000435268
0.000394265
0.000374931
0.000370046
0.00038511
0.000418139
0.000474575
0.000526197
0.000542306
0.000538824
0.000526141
0.000494706
0.000391887
0.000418446
0.000534883
0.000579904
0.000615618
0.000653217
0.000679092
0.000683342
0.000666086
0.000627728
0.000579079
0.000575995
0.000628692
0.000669975
0.000681927
0.000674021
0.000645484
0.000606599
0.000570184
0.000525011
0.000413073
0.000441512
0.000558945
0.000617111
0.000666637
0.000713732
0.000749895
0.000764486
0.000756989
0.000719152
0.000655246
0.000659838
0.000732116
0.000764787
0.000766924
0.00074995
0.000710151
0.000660491
0.000609661
0.000550532
0.000436508
0.000469521
0.000514301
0.00055289
0.000584362
0.000610793
0.000632534
0.00064913
0.000659258
0.000660397
0.00064977
0.000650459
0.000661583
0.000659523
0.000648418
0.000630977
0.000608449
0.000581278
0.00054912
0.00050999
0.000465119
0.000102406
0.000102661
0.000102488
0.000100473
9.8757e-05
9.59024e-05
9.28887e-05
8.97394e-05
8.74005e-05
8.68089e-05
8.72015e-05
8.81591e-05
9.01316e-05
9.26915e-05
9.53053e-05
9.80448e-05
0.000100087
0.000103532
0.000105218
0.000103759
0.000138156
0.000131073
0.000132559
0.000131904
0.000128504
0.000121527
0.000117744
0.000115568
0.000114524
0.000115665
0.00011532
0.000114309
0.0001147
0.000115979
0.000121578
0.000129447
0.000132172
0.000132207
0.000132378
0.000126292
0.000287887
0.00025436
0.000204929
0.000155977
0.000150799
0.000149666
0.000147188
0.00014595
0.000144481
0.000146493
0.000145082
0.000142879
0.000143547
0.00014497
0.000148458
0.000151811
0.000152021
0.000190144
0.000235935
0.000270657
0.000337795
0.000324018
0.000302299
0.000272726
0.00023895
0.000202223
0.000160948
0.000164283
0.000164301
0.000167254
0.000165076
0.000161004
0.000160194
0.000156571
0.000195751
0.000232697
0.000265624
0.000295362
0.000317458
0.000330392
0.000359997
0.000353439
0.000338209
0.000317469
0.000291648
0.000267033
0.000247333
0.000217445
0.000190529
0.000183379
0.000180825
0.000180318
0.000206354
0.000238979
0.000260475
0.000286155
0.000313408
0.000333551
0.000347665
0.000353726
0.000374425
0.00037656
0.000371123
0.000361519
0.000351645
0.000342331
0.000332345
0.000321692
0.000311617
0.000302596
0.000298995
0.000305488
0.000315749
0.000327386
0.000337931
0.000347273
0.000357351
0.000366245
0.000370761
0.000368485
0.000386137
0.00039773
0.000404318
0.000408256
0.000410799
0.000411547
0.000409587
0.000404786
0.000397148
0.000387845
0.000387016
0.000396815
0.000403582
0.000407554
0.000408764
0.000407164
0.000403859
0.000399155
0.000391887
0.000380337
0.000397946
0.000418838
0.000436064
0.000449484
0.000459814
0.000466803
0.000469891
0.000468612
0.000462261
0.000451568
0.000451884
0.000464056
0.000469412
0.000469393
0.000465106
0.000456935
0.0004455
0.000431069
0.000413073
0.000392326
0.000411414
0.000441897
0.000467887
0.000488576
0.000505048
0.000517264
0.000524664
0.000526524
0.000521259
0.000508492
0.000509349
0.000523731
0.000527843
0.000524616
0.000516035
0.000502632
0.000485034
0.000463313
0.000436509
0.000406038
0.000428918
0.000470012
0.000504036
0.000530427
0.000551575
0.000568124
0.000580028
0.000586445
0.000585445
0.000573949
0.000574854
0.000587078
0.000587092
0.000579617
0.000566739
0.000549265
0.000527207
0.000499918
0.000465119
0.000423836
)
;

boundaryField
{
    floor
    {
        type            mutkWallFunction;
        Cmu             0.09;
        kappa           0.41;
        E               9.8;
        value           nonuniform List<scalar> 
400
(
2.88445e-06
2.67207e-06
2.65076e-06
2.24601e-06
1.89039e-06
1.52591e-06
1.06864e-06
7.15679e-07
7.13554e-07
8.55737e-07
8.98904e-07
9.89684e-07
1.23469e-06
1.52255e-06
1.85775e-06
2.28836e-06
2.64876e-06
3.09669e-06
3.12284e-06
2.84051e-06
2.67207e-06
4.69105e-06
5.40488e-06
5.64026e-06
5.50565e-06
5.01416e-06
4.38417e-06
3.78099e-06
3.64629e-06
3.85433e-06
3.91923e-06
4.08625e-06
4.57237e-06
5.12626e-06
5.60359e-06
6.0975e-06
6.15587e-06
5.79081e-06
5.10327e-06
2.89479e-06
2.65074e-06
5.40488e-06
6.6038e-06
7.37618e-06
7.31008e-06
6.82454e-06
6.28897e-06
5.78212e-06
5.69111e-06
5.95881e-06
5.98936e-06
6.06508e-06
6.47465e-06
7.00362e-06
7.47097e-06
7.8832e-06
7.92427e-06
7.01742e-06
5.66102e-06
2.871e-06
2.24601e-06
5.64026e-06
7.37618e-06
8.19326e-06
8.11258e-06
7.84923e-06
7.52238e-06
7.20942e-06
7.26544e-06
7.67299e-06
7.66745e-06
7.57984e-06
7.81957e-06
8.20508e-06
8.52933e-06
8.7477e-06
8.75156e-06
7.97676e-06
6.118e-06
2.52674e-06
1.89038e-06
5.50565e-06
7.31008e-06
8.11257e-06
8.38101e-06
8.45649e-06
8.36767e-06
8.2885e-06
8.5671e-06
9.21729e-06
9.17941e-06
8.85575e-06
8.86397e-06
9.04151e-06
9.143e-06
9.05499e-06
8.73804e-06
7.87256e-06
6.05385e-06
2.24466e-06
1.5259e-06
5.01414e-06
6.82453e-06
7.84922e-06
8.45649e-06
8.79731e-06
8.9576e-06
9.1557e-06
9.70956e-06
1.07052e-05
1.06598e-05
1.00102e-05
9.71425e-06
9.61236e-06
9.45355e-06
9.09409e-06
8.47901e-06
7.43573e-06
5.57704e-06
1.78388e-06
1.06863e-06
4.38415e-06
6.28895e-06
7.52237e-06
8.36766e-06
8.9576e-06
9.41567e-06
9.95658e-06
1.08901e-05
1.25373e-05
1.25086e-05
1.12186e-05
1.04753e-05
9.98525e-06
9.49916e-06
8.86851e-06
8.0222e-06
6.84091e-06
4.97982e-06
1.29012e-06
7.15663e-07
3.78096e-06
5.7821e-06
7.2094e-06
8.28849e-06
9.15569e-06
9.95658e-06
1.09564e-05
1.24111e-05
1.47252e-05
1.47515e-05
1.27497e-05
1.13717e-05
1.03346e-05
9.44752e-06
8.50581e-06
7.40423e-06
6.02159e-06
4.094e-06
7.73379e-07
7.13535e-07
3.64626e-06
5.69108e-06
7.26541e-06
8.56708e-06
9.70955e-06
1.08901e-05
1.24111e-05
1.38757e-05
1.60798e-05
1.62379e-05
1.42148e-05
1.26323e-05
1.09476e-05
9.60941e-06
8.34726e-06
6.98952e-06
5.42413e-06
3.43659e-06
3.84624e-07
8.55717e-07
3.8543e-06
5.95878e-06
7.67296e-06
9.21725e-06
1.07052e-05
1.25373e-05
1.47252e-05
1.60798e-05
1.78774e-06
1.82964e-06
1.60535e-05
1.45941e-05
1.21796e-05
1.01645e-05
8.58046e-06
6.99946e-06
5.30413e-06
3.26165e-06
2.8329e-07
8.98884e-07
3.9192e-06
5.98932e-06
7.66741e-06
9.17937e-06
1.06598e-05
1.25085e-05
1.47515e-05
1.62379e-05
1.82962e-06
1.68507e-06
1.58947e-05
1.45126e-05
1.21189e-05
1.01211e-05
8.57846e-06
7.03604e-06
5.37741e-06
3.35561e-06
3.56642e-07
9.89668e-07
4.08622e-06
6.06505e-06
7.57981e-06
8.85572e-06
1.00102e-05
1.12185e-05
1.27497e-05
1.42147e-05
1.60535e-05
1.58947e-05
1.38815e-05
1.22708e-05
1.06136e-05
9.36966e-06
8.21537e-06
6.97016e-06
5.51872e-06
3.61325e-06
5.24999e-07
1.23468e-06
4.57235e-06
6.47464e-06
7.81955e-06
8.86394e-06
9.71423e-06
1.04752e-05
1.13716e-05
1.26323e-05
1.45941e-05
1.45126e-05
1.22708e-05
1.07942e-05
9.83701e-06
9.05823e-06
8.22472e-06
7.24058e-06
5.98418e-06
4.169e-06
8.55403e-07
1.52254e-06
5.12625e-06
7.00361e-06
8.20506e-06
9.04149e-06
9.61234e-06
9.98523e-06
1.03346e-05
1.09476e-05
1.21796e-05
1.21188e-05
1.06136e-05
9.83701e-06
9.47413e-06
9.07175e-06
8.49255e-06
7.71212e-06
6.59673e-06
4.82266e-06
1.27339e-06
1.85774e-06
5.60358e-06
7.47097e-06
8.52932e-06
9.14299e-06
9.45353e-06
9.49914e-06
9.4475e-06
9.60939e-06
1.01645e-05
1.0121e-05
9.36964e-06
9.05822e-06
9.07175e-06
9.02231e-06
8.72126e-06
8.15084e-06
7.15543e-06
5.35555e-06
1.69674e-06
2.28837e-06
6.09751e-06
7.88321e-06
8.74771e-06
9.05498e-06
9.09408e-06
8.86849e-06
8.50579e-06
8.34724e-06
8.58044e-06
8.57843e-06
8.21535e-06
8.22471e-06
8.49255e-06
8.72125e-06
8.71337e-06
8.43956e-06
7.61459e-06
5.84918e-06
2.13468e-06
2.64877e-06
6.15587e-06
7.92427e-06
8.75157e-06
8.73804e-06
8.479e-06
8.02218e-06
7.40421e-06
6.9895e-06
6.99944e-06
7.03602e-06
6.97014e-06
7.24057e-06
7.71211e-06
8.15084e-06
8.43956e-06
8.5071e-06
7.78265e-06
5.96287e-06
2.4665e-06
3.09671e-06
5.79083e-06
7.01743e-06
7.97675e-06
7.87255e-06
7.43571e-06
6.84089e-06
6.02156e-06
5.42411e-06
5.30411e-06
5.37739e-06
5.51871e-06
5.98416e-06
6.59672e-06
7.15542e-06
7.61459e-06
7.78265e-06
6.90722e-06
5.80536e-06
3.04324e-06
3.12287e-06
5.10329e-06
5.66103e-06
6.11799e-06
6.05384e-06
5.57702e-06
4.9798e-06
4.09398e-06
3.43657e-06
3.26163e-06
3.3556e-06
3.61324e-06
4.16899e-06
4.82264e-06
5.35554e-06
5.84918e-06
5.96288e-06
5.80538e-06
5.65006e-06
3.32863e-06
2.84055e-06
2.89481e-06
2.87101e-06
2.52673e-06
2.24465e-06
1.78387e-06
1.2901e-06
7.73367e-07
3.84613e-07
2.8328e-07
3.56635e-07
5.24992e-07
8.55397e-07
1.27338e-06
1.69674e-06
2.13469e-06
2.46651e-06
3.04326e-06
3.32865e-06
3.08966e-06
)
;
    }
    ceiling
    {
        type            mutkWallFunction;
        Cmu             0.09;
        kappa           0.41;
        E               9.8;
        value           nonuniform List<scalar> 
400
(
5.02483e-05
5.55886e-05
5.99909e-05
6.33836e-05
6.60899e-05
6.82005e-05
6.97142e-05
7.05266e-05
7.0389e-05
6.88843e-05
6.89961e-05
7.05586e-05
7.0611e-05
6.97022e-05
6.80924e-05
6.58826e-05
6.30692e-05
5.95616e-05
5.50494e-05
4.96622e-05
5.55886e-05
6.1338e-05
6.62672e-05
7.02666e-05
7.36126e-05
7.63555e-05
7.84418e-05
7.97071e-05
7.98356e-05
7.84701e-05
7.86273e-05
8.00432e-05
7.98411e-05
7.849e-05
7.63191e-05
7.34892e-05
7.0049e-05
6.595e-05
6.09251e-05
5.51221e-05
5.99909e-05
6.62672e-05
7.16403e-05
7.61122e-05
7.99421e-05
8.31757e-05
8.57229e-05
8.73783e-05
8.77592e-05
8.64313e-05
8.66196e-05
8.79806e-05
8.75259e-05
8.57923e-05
8.31708e-05
7.98608e-05
7.5946e-05
7.13866e-05
6.59316e-05
5.95905e-05
6.33836e-05
7.02666e-05
7.61122e-05
8.1071e-05
8.53976e-05
8.9163e-05
9.22532e-05
9.43869e-05
9.51042e-05
9.40275e-05
9.4254e-05
9.53325e-05
9.45402e-05
9.23318e-05
8.91741e-05
8.5338e-05
8.09299e-05
7.5895e-05
6.99799e-05
6.30276e-05
6.60899e-05
7.36126e-05
7.99422e-05
8.53976e-05
9.03905e-05
9.48889e-05
9.86395e-05
0.000101367
0.00010263
0.000102135
0.000102373
0.000102877
0.000101537
9.87296e-05
9.49071e-05
9.0348e-05
8.52683e-05
7.97473e-05
7.33566e-05
6.5764e-05
6.82005e-05
7.63555e-05
8.31757e-05
8.9163e-05
9.48889e-05
0.000100081
0.000104506
0.000107874
0.000109778
0.000110056
0.000110325
0.000110065
0.000108074
0.000104623
0.000100127
9.48678e-05
8.90522e-05
8.29965e-05
7.61183e-05
6.78943e-05
6.97142e-05
7.84418e-05
8.5723e-05
9.22533e-05
9.86395e-05
0.000104506
0.000109638
0.000113784
0.000116736
0.000118808
0.000119136
0.0001171
0.000114039
0.000109802
0.00010459
9.86463e-05
9.21615e-05
8.55537e-05
7.82162e-05
6.94199e-05
7.05266e-05
7.97071e-05
8.73783e-05
9.43869e-05
0.000101367
0.000107874
0.000113784
0.00011909
0.00012437
0.000130392
0.000130853
0.000124834
0.000119448
0.000114023
0.000108016
0.000101406
9.43137e-05
8.72209e-05
7.94906e-05
7.02387e-05
7.0389e-05
7.98357e-05
8.77593e-05
9.51042e-05
0.00010263
0.000109778
0.000116736
0.00012437
0.000133847
0.000144427
0.000145029
0.000134544
0.000124931
0.000117114
0.000110016
0.000102731
9.5062e-05
8.76164e-05
7.96292e-05
7.0107e-05
6.88843e-05
7.84701e-05
8.64313e-05
9.40275e-05
0.000102135
0.000110056
0.000118808
0.000130392
0.000144427
0.000149177
0.000149625
0.000145388
0.000131226
0.000119443
0.000110475
0.000102341
9.40627e-05
8.62977e-05
7.828e-05
6.86291e-05
6.89961e-05
7.86272e-05
8.66195e-05
9.42539e-05
0.000102373
0.000110325
0.000119136
0.000130853
0.000145028
0.000149625
0.000149038
0.000145312
0.000131176
0.000119415
0.000110522
0.00010243
9.41638e-05
8.63809e-05
7.83821e-05
6.87555e-05
7.05586e-05
8.00432e-05
8.79806e-05
9.53325e-05
0.000102877
0.000110065
0.0001171
0.000124834
0.000134544
0.000145388
0.000145312
0.000134643
0.000124992
0.000117242
0.000110105
0.000102786
9.51229e-05
8.77168e-05
7.97875e-05
7.03198e-05
7.06109e-05
7.98411e-05
8.75258e-05
9.45402e-05
0.000101537
0.000108074
0.000114039
0.000119448
0.000124931
0.000131226
0.000131176
0.000124992
0.000119566
0.000114078
0.000107985
0.000101332
9.42423e-05
8.7194e-05
7.95276e-05
7.03176e-05
6.97021e-05
7.849e-05
8.57923e-05
9.23318e-05
9.87295e-05
0.000104623
0.000109802
0.000114023
0.000117113
0.000119443
0.000119415
0.000117242
0.000114078
0.000109725
0.000104432
9.84521e-05
9.19749e-05
8.54074e-05
7.81237e-05
6.93561e-05
6.80924e-05
7.63191e-05
8.31708e-05
8.91741e-05
9.49071e-05
0.000100127
0.00010459
0.000108016
0.000110016
0.000110475
0.000110522
0.000110105
0.000107985
0.000104432
9.98707e-05
9.45849e-05
8.87738e-05
8.27553e-05
7.59115e-05
6.76982e-05
6.58826e-05
7.34892e-05
7.98608e-05
8.5338e-05
9.03479e-05
9.48678e-05
9.86463e-05
0.000101406
0.000102731
0.000102341
0.00010243
0.000102786
0.000101332
9.84521e-05
9.45849e-05
8.99946e-05
8.49081e-05
7.94148e-05
7.30419e-05
6.54418e-05
6.30692e-05
7.0049e-05
7.5946e-05
8.09299e-05
8.52683e-05
8.90522e-05
9.21615e-05
9.43137e-05
9.5062e-05
9.40628e-05
9.41638e-05
9.51229e-05
9.42422e-05
9.19749e-05
8.87738e-05
8.49081e-05
8.05065e-05
7.54809e-05
6.95629e-05
6.2581e-05
5.95616e-05
6.595e-05
7.13866e-05
7.5895e-05
7.97473e-05
8.29965e-05
8.55537e-05
8.72209e-05
8.76164e-05
8.62977e-05
8.63809e-05
8.77168e-05
8.7194e-05
8.54074e-05
8.27553e-05
7.94148e-05
7.54809e-05
7.09034e-05
6.54192e-05
5.90221e-05
5.50495e-05
6.09251e-05
6.59316e-05
6.99799e-05
7.33566e-05
7.61183e-05
7.82162e-05
7.94906e-05
7.96292e-05
7.828e-05
7.83821e-05
7.97875e-05
7.95275e-05
7.81237e-05
7.59114e-05
7.30419e-05
6.95629e-05
6.54192e-05
6.03375e-05
5.44502e-05
4.96622e-05
5.51221e-05
5.95906e-05
6.30276e-05
6.5764e-05
6.78943e-05
6.94199e-05
7.02387e-05
7.0107e-05
6.86291e-05
6.87555e-05
7.03198e-05
7.03176e-05
6.93561e-05
6.76982e-05
6.54418e-05
6.2581e-05
5.90221e-05
5.44502e-05
4.89719e-05
)
;
    }
    fixedWalls
    {
        type            mutkWallFunction;
        Cmu             0.09;
        kappa           0.41;
        E               9.8;
        value           nonuniform List<scalar> 
800
(
2.87104e-06
1.05387e-05
3.16247e-05
3.79519e-05
4.0938e-05
4.29042e-05
4.44981e-05
4.60882e-05
4.78827e-05
5.01943e-05
2.65863e-06
6.93844e-06
2.72143e-05
3.62059e-05
4.01838e-05
4.32703e-05
4.60646e-05
4.88351e-05
5.18768e-05
5.55297e-05
2.63733e-06
7.06366e-06
2.04282e-05
3.32408e-05
3.8248e-05
4.2653e-05
4.69768e-05
5.11164e-05
5.52771e-05
5.99278e-05
2.23298e-06
6.84013e-06
1.27884e-05
2.91706e-05
3.54929e-05
4.14213e-05
4.75108e-05
5.28817e-05
5.79704e-05
6.33172e-05
1.87766e-06
6.25109e-06
9.71456e-06
2.44118e-05
3.20082e-05
4.01032e-05
4.78457e-05
5.42345e-05
6.01071e-05
6.60207e-05
1.51351e-06
5.23627e-06
9.57581e-06
1.94669e-05
2.82868e-05
3.88446e-05
4.79471e-05
5.51491e-05
6.16873e-05
6.81291e-05
1.05665e-06
4.9368e-06
9.58451e-06
1.30872e-05
2.53156e-05
3.75259e-05
4.76938e-05
5.55545e-05
6.26439e-05
6.96412e-05
7.03934e-07
4.7704e-06
9.42712e-06
1.19547e-05
2.16841e-05
3.60866e-05
4.70524e-05
5.5382e-05
6.28752e-05
7.04527e-05
7.01792e-07
4.78409e-06
9.32543e-06
1.23192e-05
1.81844e-05
3.46927e-05
4.60202e-05
5.45335e-05
6.21734e-05
7.03151e-05
8.43853e-07
5.00384e-06
9.65429e-06
1.29165e-05
1.64935e-05
3.33675e-05
4.4688e-05
5.30292e-05
6.04232e-05
6.88119e-05
8.86984e-07
4.9297e-06
9.434e-06
1.26349e-05
1.61157e-05
3.28615e-05
4.45208e-05
5.29935e-05
6.04668e-05
6.89237e-05
9.77691e-07
4.78247e-06
9.08704e-06
1.1999e-05
1.64658e-05
3.38497e-05
4.58265e-05
5.45705e-05
6.23161e-05
7.04846e-05
1.2225e-06
4.82801e-06
9.15264e-06
1.17934e-05
2.04052e-05
3.53328e-05
4.67921e-05
5.5324e-05
6.29139e-05
7.0537e-05
1.51015e-06
4.94507e-06
9.32675e-06
1.19572e-05
2.50799e-05
3.6953e-05
4.7388e-05
5.53909e-05
6.25682e-05
6.96292e-05
1.84512e-06
5.59544e-06
9.71014e-06
1.86141e-05
2.81536e-05
3.84287e-05
4.76046e-05
5.489e-05
6.15059e-05
6.80212e-05
2.27539e-06
6.67483e-06
9.87438e-06
2.40998e-05
3.17931e-05
3.97358e-05
4.74609e-05
5.38851e-05
5.98223e-05
6.58136e-05
2.63547e-06
7.18632e-06
1.15063e-05
2.9205e-05
3.52423e-05
4.11034e-05
4.70779e-05
5.24429e-05
5.75818e-05
6.30031e-05
3.08301e-06
7.56577e-06
1.92312e-05
3.30904e-05
3.79155e-05
4.22335e-05
4.64662e-05
5.05809e-05
5.47827e-05
5.94989e-05
3.10915e-06
7.48881e-06
2.60805e-05
3.56737e-05
3.96733e-05
4.27016e-05
4.54503e-05
4.8202e-05
5.12812e-05
5.4991e-05
2.82713e-06
8.30318e-06
3.02054e-05
3.7234e-05
4.02863e-05
4.22555e-05
4.3848e-05
4.54479e-05
4.72637e-05
4.96087e-05
2.82717e-06
8.30334e-06
3.02054e-05
3.7234e-05
4.02863e-05
4.22555e-05
4.3848e-05
4.54479e-05
4.72637e-05
4.96087e-05
2.88129e-06
7.40688e-06
2.55016e-05
3.53545e-05
3.94109e-05
4.25639e-05
4.543e-05
4.82669e-05
5.13429e-05
5.50636e-05
2.85752e-06
7.67521e-06
1.82554e-05
3.23984e-05
3.73551e-05
4.18538e-05
4.63341e-05
5.05761e-05
5.47882e-05
5.95279e-05
2.51357e-06
7.51365e-06
1.11133e-05
2.82275e-05
3.45221e-05
4.05725e-05
4.68767e-05
5.23648e-05
5.75105e-05
6.29615e-05
2.23173e-06
6.97241e-06
1.04384e-05
2.33869e-05
3.09731e-05
3.92461e-05
4.72274e-05
5.37348e-05
5.96654e-05
6.56952e-05
1.77134e-06
5.88399e-06
1.02807e-05
1.80218e-05
2.75361e-05
3.79823e-05
4.73325e-05
5.46577e-05
6.12559e-05
6.78232e-05
1.27798e-06
5.2861e-06
9.89378e-06
1.19636e-05
2.4701e-05
3.66066e-05
4.70702e-05
5.50632e-05
6.22153e-05
6.93472e-05
7.6165e-07
4.93398e-06
9.69268e-06
1.24843e-05
2.0356e-05
3.51299e-05
4.64221e-05
5.48914e-05
6.24526e-05
7.01651e-05
3.73199e-07
4.76685e-06
9.47372e-06
1.25046e-05
1.63981e-05
3.37259e-05
4.53902e-05
5.40511e-05
6.17661e-05
7.00335e-05
2.71943e-07
4.95212e-06
9.79135e-06
1.29672e-05
1.5329e-05
3.24567e-05
4.41297e-05
5.26376e-05
6.01057e-05
6.8557e-05
3.45231e-07
4.90976e-06
9.58438e-06
1.26384e-05
1.49188e-05
3.19104e-05
4.39943e-05
5.26692e-05
6.02175e-05
6.86832e-05
5.13442e-07
4.75594e-06
9.25177e-06
1.20241e-05
1.48675e-05
3.2812e-05
4.53089e-05
5.42717e-05
6.20841e-05
7.0246e-05
8.43584e-07
4.82674e-06
9.35713e-06
1.18932e-05
1.87456e-05
3.42467e-05
4.62188e-05
5.49719e-05
6.26112e-05
7.0244e-05
1.26125e-06
5.0371e-06
9.58214e-06
1.13669e-05
2.34936e-05
3.58688e-05
4.67537e-05
5.49664e-05
6.21882e-05
6.92835e-05
1.6843e-06
5.93169e-06
1.01266e-05
1.71537e-05
2.65816e-05
3.73307e-05
4.69163e-05
5.43986e-05
6.10681e-05
6.76274e-05
2.12191e-06
7.15512e-06
1.06211e-05
2.2545e-05
3.0185e-05
3.86097e-05
4.67006e-05
5.33182e-05
5.93183e-05
6.53733e-05
2.45344e-06
7.57675e-06
1.06351e-05
2.72507e-05
3.3951e-05
3.99754e-05
4.6254e-05
5.18028e-05
5.70134e-05
6.25154e-05
3.02962e-06
7.61431e-06
1.61778e-05
3.14422e-05
3.67166e-05
4.1177e-05
4.56182e-05
4.98836e-05
5.41548e-05
5.89599e-05
3.31476e-06
7.62066e-06
2.29125e-05
3.44827e-05
3.86412e-05
4.17836e-05
4.46368e-05
4.74801e-05
5.06053e-05
5.43923e-05
3.07599e-06
6.64253e-06
2.78473e-05
3.62639e-05
3.94664e-05
4.14738e-05
4.3078e-05
4.46954e-05
4.65385e-05
4.8919e-05
2.87104e-06
1.05387e-05
3.16247e-05
3.79519e-05
4.0938e-05
4.29042e-05
4.44981e-05
4.60882e-05
4.78827e-05
5.01943e-05
2.65864e-06
6.93846e-06
2.72143e-05
3.62059e-05
4.01838e-05
4.32703e-05
4.60646e-05
4.88351e-05
5.18768e-05
5.55297e-05
2.63731e-06
7.06367e-06
2.04283e-05
3.32408e-05
3.8248e-05
4.2653e-05
4.69768e-05
5.11164e-05
5.52771e-05
5.99278e-05
2.23297e-06
6.84013e-06
1.27885e-05
2.91706e-05
3.54929e-05
4.14214e-05
4.75108e-05
5.28817e-05
5.79704e-05
6.33172e-05
1.87766e-06
6.25109e-06
9.71455e-06
2.44118e-05
3.20083e-05
4.01032e-05
4.78457e-05
5.42345e-05
6.01071e-05
6.60207e-05
1.5135e-06
5.23626e-06
9.57579e-06
1.94669e-05
2.82868e-05
3.88446e-05
4.79471e-05
5.51491e-05
6.16873e-05
6.81291e-05
1.05663e-06
4.93678e-06
9.58449e-06
1.30872e-05
2.53156e-05
3.7526e-05
4.76938e-05
5.55546e-05
6.26439e-05
6.96412e-05
7.03918e-07
4.77038e-06
9.4271e-06
1.19547e-05
2.16841e-05
3.60867e-05
4.70524e-05
5.53821e-05
6.28753e-05
7.04527e-05
7.01773e-07
4.78406e-06
9.32541e-06
1.23192e-05
1.81845e-05
3.46927e-05
4.60203e-05
5.45335e-05
6.21734e-05
7.03151e-05
8.43833e-07
5.00382e-06
9.65426e-06
1.29164e-05
1.64935e-05
3.33676e-05
4.4688e-05
5.30292e-05
6.04232e-05
6.88119e-05
8.86964e-07
4.92967e-06
9.43397e-06
1.26349e-05
1.61157e-05
3.28616e-05
4.45209e-05
5.29935e-05
6.04668e-05
6.89236e-05
9.77675e-07
4.78244e-06
9.08701e-06
1.19989e-05
1.64659e-05
3.38498e-05
4.58265e-05
5.45705e-05
6.23161e-05
7.04846e-05
1.22249e-06
4.82798e-06
9.15261e-06
1.17933e-05
2.04054e-05
3.53329e-05
4.67922e-05
5.5324e-05
6.29139e-05
7.0537e-05
1.51014e-06
4.94505e-06
9.32673e-06
1.19573e-05
2.508e-05
3.69531e-05
4.7388e-05
5.53909e-05
6.25682e-05
6.96292e-05
1.84512e-06
5.59544e-06
9.7101e-06
1.86142e-05
2.81537e-05
3.84288e-05
4.76047e-05
5.489e-05
6.15059e-05
6.80212e-05
2.27539e-06
6.67484e-06
9.87437e-06
2.40999e-05
3.17932e-05
3.97358e-05
4.74609e-05
5.38851e-05
5.98223e-05
6.58137e-05
2.63549e-06
7.18633e-06
1.15064e-05
2.92051e-05
3.52424e-05
4.11034e-05
4.70779e-05
5.24429e-05
5.75818e-05
6.30031e-05
3.08302e-06
7.56579e-06
1.92314e-05
3.30905e-05
3.79155e-05
4.22335e-05
4.64662e-05
5.05809e-05
5.47828e-05
5.94989e-05
3.10917e-06
7.48883e-06
2.60807e-05
3.56738e-05
3.96734e-05
4.27016e-05
4.54503e-05
4.8202e-05
5.12812e-05
5.4991e-05
2.82717e-06
8.30334e-06
3.02054e-05
3.7234e-05
4.02863e-05
4.22555e-05
4.3848e-05
4.54479e-05
4.72637e-05
4.96087e-05
2.82713e-06
8.30318e-06
3.02054e-05
3.7234e-05
4.02863e-05
4.22555e-05
4.3848e-05
4.54479e-05
4.72637e-05
4.96087e-05
2.88127e-06
7.40687e-06
2.55015e-05
3.53545e-05
3.94109e-05
4.25639e-05
4.54299e-05
4.82669e-05
5.13429e-05
5.50636e-05
2.85752e-06
7.67522e-06
1.82553e-05
3.23984e-05
3.73551e-05
4.18538e-05
4.6334e-05
5.05761e-05
5.47881e-05
5.95278e-05
2.51357e-06
7.51367e-06
1.11133e-05
2.82274e-05
3.4522e-05
4.05725e-05
4.68767e-05
5.23648e-05
5.75105e-05
6.29615e-05
2.23174e-06
6.97242e-06
1.04385e-05
2.33869e-05
3.09731e-05
3.92461e-05
4.72274e-05
5.37347e-05
5.96653e-05
6.56951e-05
1.77135e-06
5.88399e-06
1.02807e-05
1.80217e-05
2.7536e-05
3.79822e-05
4.73324e-05
5.46576e-05
6.12559e-05
6.78232e-05
1.27799e-06
5.28611e-06
9.89379e-06
1.19635e-05
2.47009e-05
3.66065e-05
4.70702e-05
5.50632e-05
6.22152e-05
6.93472e-05
7.61662e-07
4.93399e-06
9.69269e-06
1.24843e-05
2.0356e-05
3.51298e-05
4.64221e-05
5.48914e-05
6.24525e-05
7.01651e-05
3.7321e-07
4.76686e-06
9.47374e-06
1.25046e-05
1.6398e-05
3.37259e-05
4.53901e-05
5.40511e-05
6.17661e-05
7.00335e-05
2.71953e-07
4.95214e-06
9.79137e-06
1.29672e-05
1.5329e-05
3.24566e-05
4.41297e-05
5.26376e-05
6.01057e-05
6.8557e-05
3.45238e-07
4.90979e-06
9.5844e-06
1.26384e-05
1.49188e-05
3.19104e-05
4.39943e-05
5.26693e-05
6.02176e-05
6.86832e-05
5.13449e-07
4.75596e-06
9.2518e-06
1.20241e-05
1.48675e-05
3.28121e-05
4.53089e-05
5.42717e-05
6.20841e-05
7.02461e-05
8.43589e-07
4.82676e-06
9.35714e-06
1.18932e-05
1.87456e-05
3.42467e-05
4.62189e-05
5.4972e-05
6.26113e-05
7.0244e-05
1.26125e-06
5.03712e-06
9.58215e-06
1.13669e-05
2.34935e-05
3.58688e-05
4.67537e-05
5.49664e-05
6.21882e-05
6.92836e-05
1.6843e-06
5.93169e-06
1.01266e-05
1.71536e-05
2.65816e-05
3.73307e-05
4.69164e-05
5.43987e-05
6.10682e-05
6.76274e-05
2.1219e-06
7.15512e-06
1.06211e-05
2.2545e-05
3.01849e-05
3.86096e-05
4.67006e-05
5.33183e-05
5.93183e-05
6.53733e-05
2.45342e-06
7.57676e-06
1.06351e-05
2.72507e-05
3.39509e-05
3.99754e-05
4.6254e-05
5.18028e-05
5.70134e-05
6.25154e-05
3.0296e-06
7.61431e-06
1.61777e-05
3.14421e-05
3.67166e-05
4.1177e-05
4.56182e-05
4.98836e-05
5.41548e-05
5.896e-05
3.31474e-06
7.62065e-06
2.29124e-05
3.44826e-05
3.86412e-05
4.17836e-05
4.46368e-05
4.74801e-05
5.06053e-05
5.43923e-05
3.07599e-06
6.64253e-06
2.78473e-05
3.62639e-05
3.94664e-05
4.14738e-05
4.3078e-05
4.46954e-05
4.65385e-05
4.8919e-05
)
;
    }
}


// ************************************************************************* //
