/*--------------------------------*- C++ -*----------------------------------*\
| =========                 |                                                 |
| \\      /  F ield         | OpenFOAM: The Open Source CFD Toolbox           |
|  \\    /   O peration     | Version:  1.7.1                                 |
|   \\  /    A nd           | Web:      www.OpenFOAM.com                      |
|    \\/     M anipulation  |                                                 |
\*---------------------------------------------------------------------------*/
FoamFile
{
    version     2.0;
    format      ascii;
    class       volScalarField;
    location    "2000";
    object      p_rgh;
}
// * * * * * * * * * * * * * * * * * * * * * * * * * * * * * * * * * * * * * //

dimensions      [1 -1 -2 0 0 0 0];

internalField   nonuniform List<scalar> 
4000
(
100127
100127
100127
100127
100127
100127
100127
100127
100127
100127
100127
100127
100127
100127
100127
100127
100127
100127
100127
100127
100127
100127
100127
100127
100127
100127
100127
100127
100127
100127
100127
100127
100127
100127
100127
100127
100127
100127
100127
100127
100127
100127
100127
100127
100127
100127
100127
100127
100127
100127
100127
100127
100127
100127
100127
100127
100127
100127
100127
100127
100127
100127
100127
100127
100127
100127
100127
100127
100127
100127
100127
100127
100127
100127
100127
100127
100127
100127
100127
100127
100127
100127
100127
100127
100127
100127
100127
100127
100127
100127
100127
100127
100127
100127
100127
100127
100127
100127
100127
100127
100127
100127
100127
100127
100127
100127
100127
100127
100127
100127
100127
100127
100127
100127
100127
100127
100127
100127
100127
100127
100127
100127
100127
100127
100127
100127
100127
100127
100127
100127
100127
100127
100127
100127
100127
100127
100127
100127
100127
100127
100127
100127
100127
100127
100127
100127
100127
100127
100127
100127
100127
100127
100127
100127
100127
100127
100127
100127
100127
100127
100127
100127
100127
100127
100127
100127
100127
100127
100127
100127
100127
100127
100127
100127
100127
100127
100127
100127
100127
100127
100127
100127
100127
100127
100127
100127
100127
100127
100127
100127
100127
100127
100127
100127
100127
100127
100127
100127
100127
100127
100127
100127
100127
100127
100127
100127
100127
100127
100127
100127
100127
100127
100127
100127
100127
100127
100127
100127
100127
100127
100127
100127
100127
100127
100127
100127
100127
100127
100127
100127
100127
100127
100127
100127
100127
100127
100127
100127
100127
100127
100127
100127
100127
100127
100127
100127
100127
100127
100127
100127
100127
100127
100127
100127
100127
100127
100127
100127
100127
100127
100127
100127
100127
100127
100127
100127
100127
100127
100127
100127
100127
100127
100127
100127
100127
100127
100127
100127
100127
100127
100127
100127
100127
100127
100127
100127
100127
100127
100127
100127
100127
100127
100127
100127
100127
100127
100127
100127
100127
100127
100127
100127
100127
100127
100127
100127
100127
100127
100127
100127
100127
100127
100127
100127
100127
100127
100127
100127
100127
100127
100127
100127
100127
100127
100127
100127
100127
100127
100127
100127
100127
100127
100127
100127
100127
100127
100127
100127
100127
100127
100127
100127
100127
100127
100127
100127
100127
100127
100127
100127
100127
100127
100127
100127
100127
100127
100127
100127
100127
100127
100127
100127
100127
100127
100127
100127
100127
100127
100127
100127
100127
100127
100127
100127
100127
100127
100127
100127
100127
100127
100127
100127
100127
100127
100127
100127
100127
100127
100127
100127
100127
100127
100127
100127
100127
100127
100127
100127
100127
100127
100127
100127
100127
100127
100127
100127
100127
100127
100127
100127
100127
100127
100127
100127
100127
100127
100127
100127
100127
100127
100127
100127
100127
100127
100127
100127
100127
100127
100127
100127
100127
100127
100127
100127
100127
100127
100127
100127
100127
100127
100127
100127
100127
100127
100127
100127
100127
100127
100127
100127
100127
100127
100127
100127
100127
100127
100127
100127
100127
100127
100127
100127
100127
100127
100127
100127
100127
100127
100127
100127
100127
100127
100127
100127
100127
100127
100127
100127
100127
100127
100127
100127
100127
100127
100127
100127
100127
100127
100127
100127
100127
100127
100127
100127
100127
100127
100127
100127
100127
100127
100127
100127
100127
100127
100127
100127
100127
100127
100127
100127
100127
100127
100127
100127
100127
100127
100127
100127
100127
100127
100127
100127
100127
100127
100127
100127
100127
100127
100127
100127
100127
100127
100127
100127
100127
100127
100127
100127
100127
100127
100127
100127
100127
100127
100127
100127
100127
100127
100127
100127
100127
100127
100127
100127
100127
100127
100127
100127
100127
100127
100127
100127
100127
100127
100127
100127
100127
100127
100127
100127
100127
100127
100127
100127
100127
100127
100127
100127
100127
100127
100127
100127
100127
100127
100127
100127
100127
100127
100127
100127
100127
100127
100127
100127
100127
100127
100127
100127
100127
100127
100127
100127
100127
100127
100127
100127
100127
100127
100127
100127
100127
100127
100127
100127
100127
100127
100127
100127
100127
100127
100127
100127
100127
100127
100127
100127
100127
100127
100127
100127
100127
100127
100127
100127
100127
100127
100127
100127
100127
100127
100127
100127
100127
100127
100127
100127
100127
100127
100127
100127
100127
100127
100127
100127
100127
100127
100127
100127
100127
100127
100127
100127
100127
100127
100127
100127
100127
100127
100127
100127
100127
100127
100127
100127
100127
100127
100127
100127
100127
100127
100127
100127
100127
100127
100127
100127
100127
100127
100127
100127
100127
100127
100127
100127
100127
100127
100127
100127
100127
100127
100127
100127
100127
100127
100127
100127
100127
100127
100127
100127
100127
100127
100127
100127
100127
100127
100127
100127
100127
100127
100127
100127
100127
100127
100127
100127
100127
100127
100127
100127
100127
100127
100127
100127
100127
100127
100127
100127
100127
100127
100127
100127
100127
100127
100127
100127
100127
100127
100127
100127
100127
100127
100127
100127
100127
100127
100127
100127
100127
100127
100127
100127
100127
100127
100127
100127
100127
100127
100127
100127
100127
100127
100127
100127
100127
100127
100127
100127
100127
100127
100127
100127
100127
100127
100127
100127
100127
100127
100127
100127
100127
100127
100127
100127
100127
100127
100127
100127
100127
100127
100127
100127
100127
100127
100127
100127
100127
100127
100127
100127
100127
100127
100127
100127
100127
100127
100127
100127
100127
100127
100127
100127
100127
100127
100127
100127
100127
100127
100127
100127
100127
100127
100127
100127
100127
100127
100127
100127
100127
100127
100127
100127
100127
100127
100127
100127
100127
100127
100127
100127
100127
100127
100127
100127
100127
100127
100127
100127
100127
100127
100127
100127
100127
100127
100127
100127
100127
100127
100127
100127
100127
100127
100127
100127
100127
100127
100127
100127
100127
100127
100127
100127
100127
100127
100127
100127
100127
100127
100127
100127
100127
100127
100127
100127
100127
100127
100127
100127
100127
100127
100127
100127
100127
100127
100127
100127
100127
100127
100127
100127
100127
100127
100127
100127
100127
100127
100127
100127
100127
100127
100127
100127
100127
100127
100127
100127
100127
100127
100127
100127
100127
100127
100127
100127
100127
100127
100127
100127
100127
100127
100127
100127
100127
100127
100127
100127
100127
100127
100127
100127
100127
100127
100127
100127
100127
100127
100127
100127
100127
100127
100127
100127
100127
100127
100127
100127
100127
100127
100127
100127
100127
100127
100127
100127
100127
100127
100127
100127
100127
100127
100127
100127
100127
100127
100127
100127
100127
100127
100127
100127
100127
100127
100127
100127
100127
100127
100127
100127
100127
100127
100127
100127
100127
100127
100127
100127
100127
100127
100127
100127
100127
100127
100127
100127
100127
100127
100127
100127
100127
100127
100127
100127
100127
100127
100127
100127
100127
100127
100127
100127
100127
100127
100127
100127
100127
100127
100127
100127
100127
100127
100127
100127
100127
100127
100127
100127
100127
100127
100127
100127
100127
100127
100127
100127
100127
100127
100127
100127
100127
100127
100127
100127
100127
100127
100127
100127
100127
100127
100127
100127
100127
100127
100127
100127
100127
100127
100127
100127
100127
100127
100127
100127
100127
100127
100127
100127
100127
100127
100127
100127
100127
100127
100127
100127
100127
100127
100127
100127
100127
100127
100127
100127
100127
100127
100127
100127
100127
100127
100127
100127
100127
100127
100127
100127
100127
100127
100127
100127
100127
100127
100127
100127
100127
100127
100127
100127
100127
100127
100127
100127
100127
100127
100127
100127
100127
100127
100127
100127
100127
100127
100127
100127
100127
100127
100127
100127
100127
100127
100127
100127
100127
100127
100127
100127
100127
100127
100127
100127
100127
100127
100127
100127
100127
100127
100127
100127
100127
100127
100127
100127
100127
100127
100127
100127
100127
100127
100127
100127
100127
100127
100127
100127
100127
100127
100127
100127
100127
100127
100127
100127
100127
100127
100127
100127
100127
100127
100127
100127
100127
100127
100127
100127
100127
100127
100127
100127
100127
100127
100127
100127
100127
100127
100127
100127
100127
100127
100127
100127
100127
100127
100127
100127
100127
100127
100127
100127
100127
100127
100127
100127
100127
100127
100127
100127
100127
100127
100127
100127
100127
100127
100127
100127
100127
100127
100127
100127
100127
100127
100127
100127
100127
100127
100127
100127
100127
100127
100127
100127
100127
100127
100127
100127
100127
100127
100127
100127
100127
100127
100127
100127
100127
100127
100127
100127
100127
100127
100127
100127
100127
100127
100127
100127
100127
100127
100127
100127
100127
100127
100127
100127
100127
100127
100127
100127
100127
100127
100127
100127
100127
100127
100127
100127
100127
100127
100127
100127
100127
100127
100127
100127
100127
100127
100127
100127
100127
100127
100127
100127
100127
100127
100127
100127
100127
100127
100127
100127
100127
100127
100127
100127
100127
100127
100127
100127
100127
100127
100127
100127
100127
100127
100127
100127
100127
100127
100127
100127
100127
100127
100127
100127
100127
100127
100127
100127
100127
100127
100127
100127
100127
100127
100127
100127
100127
100127
100127
100127
100127
100127
100127
100127
100127
100127
100127
100127
100127
100127
100127
100127
100127
100127
100127
100127
100127
100127
100127
100127
100127
100127
100127
100127
100127
100127
100127
100127
100127
100127
100127
100127
100127
100127
100127
100127
100127
100127
100127
100127
100127
100127
100127
100127
100127
100127
100127
100127
100127
100127
100127
100127
100127
100127
100127
100127
100127
100127
100127
100127
100127
100127
100127
100127
100127
100127
100127
100127
100127
100127
100127
100127
100127
100127
100127
100127
100127
100127
100127
100127
100127
100127
100127
100127
100127
100127
100127
100127
100127
100127
100127
100127
100127
100127
100127
100127
100127
100127
100127
100127
100127
100127
100127
100127
100127
100127
100127
100127
100127
100127
100127
100127
100127
100127
100127
100127
100127
100127
100127
100127
100127
100127
100127
100127
100127
100127
100127
100127
100127
100127
100127
100127
100127
100127
100127
100127
100127
100127
100127
100127
100127
100127
100127
100127
100127
100127
100127
100127
100127
100127
100127
100127
100127
100127
100127
100127
100127
100127
100127
100127
100127
100127
100127
100127
100127
100127
100127
100127
100127
100127
100127
100127
100127
100127
100127
100127
100127
100127
100127
100127
100127
100127
100127
100127
100127
100127
100127
100127
100127
100127
100127
100127
100127
100127
100127
100127
100127
100127
100127
100127
100127
100127
100127
100127
100127
100127
100127
100127
100127
100127
100127
100127
100127
100127
100127
100127
100127
100127
100127
100127
100127
100127
100127
100127
100127
100127
100127
100127
100127
100127
100127
100127
100127
100127
100127
100127
100127
100127
100127
100127
100127
100127
100127
100127
100127
100127
100127
100127
100127
100127
100127
100127
100127
100127
100127
100127
100127
100127
100127
100127
100127
100127
100127
100127
100127
100127
100127
100127
100127
100127
100127
100127
100127
100127
100127
100127
100127
100127
100127
100127
100127
100127
100127
100127
100127
100127
100127
100127
100127
100127
100127
100127
100127
100127
100127
100127
100127
100127
100127
100127
100127
100127
100127
100127
100127
100127
100127
100127
100127
100127
100127
100127
100127
100127
100127
100127
100127
100127
100127
100127
100127
100127
100127
100127
100127
100127
100127
100127
100127
100127
100127
100127
100127
100127
100127
100127
100127
100127
100127
100127
100127
100127
100127
100127
100127
100127
100127
100127
100127
100127
100127
100127
100127
100127
100127
100127
100127
100127
100127
100127
100127
100127
100127
100127
100127
100127
100127
100127
100127
100127
100127
100127
100127
100127
100127
100127
100127
100127
100127
100127
100127
100127
100127
100127
100127
100127
100127
100127
100127
100127
100127
100127
100127
100127
100127
100127
100127
100127
100127
100127
100127
100127
100127
100127
100127
100127
100127
100127
100127
100127
100127
100127
100127
100127
100127
100127
100127
100127
100127
100127
100127
100127
100127
100127
100127
100127
100127
100127
100127
100127
100127
100127
100127
100127
100127
100127
100127
100127
100127
100127
100127
100127
100127
100127
100127
100127
100127
100127
100127
100127
100127
100127
100127
100127
100127
100127
100127
100127
100127
100127
100127
100127
100127
100127
100127
100127
100127
100127
100127
100127
100127
100127
100127
100127
100127
100127
100127
100127
100127
100127
100127
100127
100127
100127
100127
100127
100127
100127
100127
100127
100127
100127
100127
100127
100127
100127
100127
100127
100127
100127
100127
100127
100127
100127
100127
100127
100127
100127
100127
100127
100127
100127
100127
100127
100127
100127
100127
100127
100127
100127
100127
100127
100127
100127
100127
100127
100127
100127
100127
100127
100127
100127
100127
100127
100127
100127
100127
100127
100127
100127
100127
100127
100127
100127
100127
100127
100127
100127
100127
100127
100127
100127
100127
100127
100127
100127
100127
100127
100127
100127
100127
100127
100127
100127
100127
100127
100127
100127
100127
100127
100127
100127
100127
100127
100127
100127
100127
100127
100127
100127
100127
100127
100127
100127
100127
100127
100127
100127
100127
100127
100127
100127
100127
100127
100127
100127
100127
100127
100127
100127
100127
100127
100127
100127
100127
100127
100127
100127
100127
100127
100127
100127
100127
100127
100127
100127
100127
100127
100127
100127
100127
100127
100127
100127
100127
100127
100127
100127
100127
100127
100127
100127
100127
100127
100127
100127
100127
100127
100127
100127
100127
100127
100127
100127
100127
100127
100127
100127
100127
100127
100127
100127
100127
100127
100127
100127
100127
100127
100127
100127
100127
100127
100127
100127
100127
100127
100127
100127
100127
100127
100127
100127
100127
100127
100127
100127
100127
100127
100127
100127
100127
100127
100127
100127
100127
100127
100127
100127
100127
100127
100127
100127
100127
100127
100127
100127
100127
100127
100127
100127
100127
100127
100127
100127
100127
100127
100127
100127
100127
100127
100127
100127
100127
100127
100127
100127
100127
100127
100127
100127
100127
100127
100127
100127
100127
100127
100127
100127
100127
100127
100127
100127
100127
100127
100127
100127
100127
100127
100127
100127
100127
100127
100127
100127
100127
100127
100127
100127
100127
100127
100127
100127
100127
100127
100127
100127
100127
100127
100127
100127
100127
100127
100127
100127
100127
100127
100127
100127
100127
100127
100127
100127
100127
100127
100127
100127
100127
100127
100127
100127
100127
100127
100127
100127
100127
100127
100127
100127
100127
100127
100127
100127
100127
100127
100127
100127
100127
100127
100127
100127
100127
100127
100127
100127
100127
100127
100127
100127
100127
100127
100127
100127
100127
100127
100127
100127
100127
100127
100127
100127
100127
100127
100127
100127
100127
100127
100127
100127
100127
100127
100127
100127
100127
100127
100127
100127
100127
100127
100127
100127
100127
100127
100127
100127
100127
100127
100127
100127
100127
100127
100127
100127
100127
100127
100127
100127
100127
100127
100127
100127
100127
100127
100127
100127
100127
100127
100127
100127
100127
100127
100127
100127
100127
100127
100127
100127
100127
100127
100127
100127
100127
100127
100127
100127
100127
100127
100127
100127
100127
100127
100127
100127
100127
100127
100127
100127
100127
100127
100127
100127
100127
100127
100127
100127
100127
100127
100127
100127
100127
100127
100127
100127
100127
100127
100127
100127
100127
100127
100127
100127
100127
100127
100127
100127
100127
100127
100127
100127
100127
100127
100127
100127
100127
100127
100127
100127
100127
100127
100127
100127
100127
100127
100127
100127
100127
100127
100127
100127
100127
100127
100127
100127
100127
100127
100127
100127
100127
100127
100127
100127
100127
100127
100127
100127
100127
100127
100127
100127
100127
100127
100127
100127
100127
100127
100127
100127
100127
100127
100127
100127
100127
100127
100127
100127
100127
100127
100127
100127
100127
100127
100127
100127
100127
100127
100127
100127
100127
100127
100127
100127
100127
100127
100127
100127
100127
100127
100127
100127
100127
100127
100127
100127
100127
100127
100127
100127
100127
100127
100127
100127
100127
100127
100127
100127
100127
100127
100127
100127
100127
100127
100127
100127
100127
100127
100127
100127
100127
100127
100127
100127
100127
100127
100127
100127
100127
100127
100127
100127
100127
100127
100127
100127
100127
100127
100127
100127
100127
100127
100127
100127
100127
100127
100127
100127
100127
100127
100127
100127
100127
100127
100127
100127
100127
100127
100127
100127
100127
100127
100127
100127
100127
100127
100127
100127
100127
100127
100127
100127
100127
100127
100127
100127
100127
100127
100127
100127
100127
100127
100127
100127
100127
100127
100127
100127
100127
100127
100127
100127
100127
100127
100127
100127
100127
100127
100127
100127
100127
100127
100127
100127
100127
100127
100127
100127
100127
100127
100127
100127
100127
100127
100127
100127
100127
100127
100127
100127
100127
100127
100127
100127
100127
100127
100127
100127
100127
100127
100127
100127
100127
100127
100127
100127
100127
100127
100127
100127
100127
100127
100127
100127
100127
100127
100127
100127
100127
100127
100127
100127
100127
100127
100127
100127
100127
100127
100127
100127
100127
100127
100127
100127
100127
100127
100127
100127
100127
100127
100127
100127
100127
100127
100127
100127
100127
100127
100127
100127
100127
100127
100127
100127
100127
100127
100127
100127
100127
100127
100127
100127
100127
100127
100127
100127
100127
100127
100127
100127
100127
100127
100127
100127
100127
100127
100127
100127
100127
100127
100127
100127
100127
100127
100127
100127
100127
100127
100127
100127
100127
100127
100127
100127
100127
100127
100127
100127
100127
100127
100127
100127
100127
100127
100127
100127
100127
100127
100127
100127
100127
100127
100127
100127
100127
100127
100127
100127
100127
100127
100127
100127
100127
100127
100127
100127
100127
100127
100127
100127
100127
100127
100127
100127
100127
100127
100127
100127
100127
100127
100127
100127
100127
100127
100127
100127
100127
100127
100127
100127
100127
100127
100127
100127
100127
100127
100127
100127
100127
100127
100127
100127
100127
100127
100127
100127
100127
100127
100127
100127
100127
100127
100127
100127
100127
100127
100127
100127
100127
100127
100127
100127
100127
100127
100127
100127
100127
100127
100127
100127
100127
100127
100127
100127
100127
100127
100127
100127
100127
100127
100127
100127
100127
100127
100127
100127
100127
100127
100127
100127
100127
100127
100127
100127
100127
100127
100127
100127
100127
100127
100127
100127
100127
100127
100127
100127
100127
100127
100127
100127
100127
100127
100127
100127
100127
100127
100127
100127
100127
100127
100127
100127
100127
100127
100127
100127
100127
100127
100127
100127
100127
100127
100127
100127
100127
100127
100127
100127
100127
100127
100127
100127
100127
100127
100127
100127
100127
100127
100127
100127
100127
100127
100127
100127
100127
100127
100127
100127
100127
100127
100127
100127
100127
100127
100127
100127
100127
100127
100127
100127
100127
100127
100127
100127
100127
100127
100127
100127
100127
100127
100127
100127
100127
100127
100127
100127
100127
100127
100127
100127
100127
100127
100127
100127
100127
100127
100127
100127
100127
100127
100127
100127
100127
100127
100127
100127
100127
100127
100127
100127
100127
100127
100127
100127
100127
100127
100127
100127
100127
100127
100127
100127
100127
100127
100127
100127
100127
100127
100127
100127
100127
100127
100127
100127
100127
100127
100127
100127
100127
100127
100127
100127
100127
100127
100127
100127
100127
100127
100127
100127
100127
100127
100127
100127
100127
100127
100127
100127
100127
100127
100127
100127
100127
100127
100127
100127
100127
100127
100127
100127
100127
100127
100127
100127
100127
100127
100127
100127
100127
100127
100127
100127
100127
100127
100127
100127
100127
100127
100127
100127
100127
100127
100127
100127
100127
100127
100127
100127
100127
100127
100127
100127
100127
100127
100127
100127
100127
100127
100127
100127
100127
100127
100127
100127
100127
100127
100127
100127
100127
100127
100127
100127
100127
100127
100127
100127
100127
100127
100127
100127
100127
100127
100127
100127
100127
100127
100127
100127
100127
100127
100127
100127
100127
100127
100127
100127
100127
100127
100127
100127
100127
100127
100127
100127
100127
100127
100127
100127
100127
100127
100127
100127
100127
100127
100127
100127
100127
100127
100127
100127
100127
100127
100127
100127
100127
100127
100127
100127
100127
100127
100127
100127
100127
100127
100127
100127
100127
100127
100127
100127
100127
100127
100127
100127
100127
100127
100127
100127
100127
100127
100127
100127
100127
100127
100127
100127
100127
100127
100127
100127
100127
100127
100127
100127
100127
100127
100127
100127
100127
100127
100127
100127
100127
100127
100127
100127
100127
100127
100127
100127
100127
100127
100127
100127
100127
100127
100127
100127
100127
100127
100127
100127
100127
100127
100127
100127
100127
100127
100127
100127
100127
100127
100127
100127
100127
100127
100127
100127
100127
100127
100127
100127
100127
100127
100127
100127
100127
100127
100127
100127
100127
100127
100127
100127
100127
100127
100127
100127
100127
100127
100127
100127
100127
100127
100127
100127
100127
100127
100127
100127
100127
100127
100127
100127
100127
100127
100127
100127
100127
100127
100127
100127
100127
100127
100127
100127
100127
100127
100127
100127
100127
100127
100127
100127
100127
100127
100127
100127
100127
100127
100127
100127
100127
100127
100127
100127
100127
100127
100127
100127
100127
100127
100127
100127
100127
100127
100127
100127
100127
100127
100127
100127
100127
100127
100127
100127
100127
100127
100127
100127
100127
100127
100127
100127
100127
100127
100127
100127
100127
100127
100127
100127
100127
100127
100127
100127
100127
100127
100127
100127
100127
100127
100127
100127
100127
100127
100127
100127
100127
100127
100127
100127
100127
100127
100127
100127
100127
100127
100127
100127
100127
100127
100127
100127
100127
100127
100127
100127
100127
100127
100127
100127
100127
100127
100127
100127
100127
100127
100127
100127
100127
100127
100127
100127
100127
100127
100127
100127
100127
100127
100127
100127
100127
100127
100127
100127
100127
100127
100127
100127
100127
100127
100127
100127
100127
100127
100127
100127
100127
100127
100127
100127
100127
100127
100127
100127
100127
100127
100127
100127
100127
100127
100127
100127
100127
100127
100127
100127
100127
100127
100127
100127
100127
100127
100127
100127
100127
100127
100127
100127
100127
100127
100127
100127
100127
100127
100127
100127
100127
100127
100127
100127
100127
100127
100127
100127
100127
100127
100127
100127
100127
100127
100127
100127
100127
100127
100127
100127
100127
100127
100127
100127
100127
100127
100127
100127
100127
100127
100127
100127
100127
100127
100127
100127
100127
100127
100127
100127
100127
100127
100127
100127
100127
100127
100127
100127
100127
100127
100127
100127
100127
100127
100127
100127
100127
100127
100127
100127
100127
100127
100127
100127
100127
100127
100127
100127
100127
100127
100127
100127
100127
100127
100127
100127
100127
100127
100127
100127
100127
100127
100127
100127
100127
100127
100127
100127
100127
100127
100127
100127
100127
100127
100127
100127
100127
100127
100127
100127
100127
100127
100127
100127
100127
100127
100127
100127
100127
100127
100127
100127
100127
100127
100127
100127
100127
100127
100127
100127
100127
100127
100127
100127
100127
100127
100127
100127
100127
100127
100127
100127
100127
100127
100127
100127
100127
100127
100127
100127
100127
100127
100127
100127
100127
100127
100127
100127
100127
100127
100127
100127
100127
100127
100127
100127
100127
100127
100127
100127
100127
100127
100127
100127
100127
100127
100127
100127
100127
100127
100127
100127
100127
100127
100127
100127
100127
100127
100127
100127
100127
100127
100127
100127
100127
100127
100127
100127
100127
100127
100127
100127
100127
100127
100127
100127
100127
100127
100127
100127
100127
100127
100127
100127
100127
100127
100127
100127
100127
100127
100127
100127
100127
100127
100127
100127
100127
100127
100127
100127
100127
100127
100127
100127
100127
100127
100127
100127
100127
100127
100127
100127
100127
100127
100127
100127
100127
100127
100127
100127
100127
100127
100127
100127
100127
100127
100127
100127
100127
100127
100127
100127
100127
100127
100127
100127
100127
100127
100127
100127
100127
100127
100127
100127
100127
100127
100127
100127
100127
100127
100127
100127
100127
100127
100127
100127
100127
100127
100127
100127
100127
100127
100127
100127
100127
100127
100127
100127
100127
100127
100127
100127
100127
100127
100127
100127
100127
100127
100127
100127
100127
100127
100127
100127
100127
100127
100127
100127
100127
100127
100127
100127
100127
100127
100127
100127
100127
100127
100127
100127
100127
100127
100127
100127
100127
100127
100127
100127
100127
100127
100127
100127
100127
100127
100127
100127
100127
100127
100127
100127
100127
100127
100127
100127
100127
100127
100127
100127
100127
100127
100127
100127
100127
100127
100127
100127
100127
100127
100127
100127
100127
100127
100127
100127
100127
100127
100127
100127
100127
100127
100127
100127
100127
100127
100127
100127
100127
100127
100127
100127
100127
100127
100127
100127
100127
100127
100127
100127
100127
100127
100127
100127
100127
100127
100127
100127
100127
100127
100127
100127
100127
100127
100127
100127
100127
100127
100127
100127
100127
100127
100127
100127
100127
100127
100127
100127
100127
100127
100127
100127
100127
100127
100127
100127
100127
100127
100127
100127
100127
100127
100127
100127
100127
100127
100127
100127
100127
100127
100127
100127
100127
100127
100127
100127
100127
100127
100127
100127
100127
100127
100127
100127
100127
100127
100127
100127
100127
100127
100127
100127
100127
100127
100127
100127
100127
100127
100127
100127
100127
100127
100127
100127
100127
100127
100127
100127
100127
100127
100127
100127
100127
100127
100127
100127
100127
100127
100127
100127
100127
100127
100127
100127
100127
100127
100127
100127
100127
100127
100127
100127
100127
100127
100127
100127
100127
100127
100127
100127
100127
100127
100127
100127
100127
100127
100127
100127
100127
100127
100127
100127
100127
100127
100127
100127
100127
100127
100127
100127
100127
100127
100127
100127
100127
100127
100127
100127
100127
100127
100127
100127
100127
100127
100127
100127
100127
100127
100127
100127
100127
100127
100127
100127
100127
100127
100127
100127
100127
100127
100127
100127
100127
100127
100127
100127
100127
100127
100127
100127
100127
100127
100127
100127
100127
100127
100127
100127
100127
100127
100127
100127
100127
100127
100127
100127
100127
100127
100127
100127
100127
100127
100127
100127
100127
100127
100127
100127
100127
100127
100127
100127
100127
100127
100127
100127
100127
100127
100127
100127
100127
100127
100127
100127
100127
100127
100127
100127
100127
100127
100127
100127
100127
100127
100127
100127
100127
100127
100127
100127
100127
100127
100127
100127
100127
100127
100127
100127
100127
100127
100127
100127
100127
100127
100127
100127
100127
100127
100127
100127
100127
100127
100127
100127
100127
100127
100127
100127
100127
100127
100127
100127
100127
100127
100127
100127
100127
100127
100127
100127
100127
100127
100127
100127
100127
100127
100127
100127
100127
100127
100127
100127
100127
100127
100127
100127
100127
100127
100127
100127
100127
100127
)
;

boundaryField
{
    floor
    {
        type            buoyantPressure;
        gradient        uniform -0;
        rho             rho;
        value           nonuniform List<scalar> 
400
(
100127
100127
100127
100127
100127
100127
100127
100127
100127
100127
100127
100127
100127
100127
100127
100127
100127
100127
100127
100127
100127
100127
100127
100127
100127
100127
100127
100127
100127
100127
100127
100127
100127
100127
100127
100127
100127
100127
100127
100127
100127
100127
100127
100127
100127
100127
100127
100127
100127
100127
100127
100127
100127
100127
100127
100127
100127
100127
100127
100127
100127
100127
100127
100127
100127
100127
100127
100127
100127
100127
100127
100127
100127
100127
100127
100127
100127
100127
100127
100127
100127
100127
100127
100127
100127
100127
100127
100127
100127
100127
100127
100127
100127
100127
100127
100127
100127
100127
100127
100127
100127
100127
100127
100127
100127
100127
100127
100127
100127
100127
100127
100127
100127
100127
100127
100127
100127
100127
100127
100127
100127
100127
100127
100127
100127
100127
100127
100127
100127
100127
100127
100127
100127
100127
100127
100127
100127
100127
100127
100127
100127
100127
100127
100127
100127
100127
100127
100127
100127
100127
100127
100127
100127
100127
100127
100127
100127
100127
100127
100127
100127
100127
100127
100127
100127
100127
100127
100127
100127
100127
100127
100127
100127
100127
100127
100127
100127
100127
100127
100127
100127
100127
100127
100127
100127
100127
100127
100127
100127
100127
100127
100127
100127
100127
100127
100127
100127
100127
100127
100127
100127
100127
100127
100127
100127
100127
100127
100127
100127
100127
100127
100127
100127
100127
100127
100127
100127
100127
100127
100127
100127
100127
100127
100127
100127
100127
100127
100127
100127
100127
100127
100127
100127
100127
100127
100127
100127
100127
100127
100127
100127
100127
100127
100127
100127
100127
100127
100127
100127
100127
100127
100127
100127
100127
100127
100127
100127
100127
100127
100127
100127
100127
100127
100127
100127
100127
100127
100127
100127
100127
100127
100127
100127
100127
100127
100127
100127
100127
100127
100127
100127
100127
100127
100127
100127
100127
100127
100127
100127
100127
100127
100127
100127
100127
100127
100127
100127
100127
100127
100127
100127
100127
100127
100127
100127
100127
100127
100127
100127
100127
100127
100127
100127
100127
100127
100127
100127
100127
100127
100127
100127
100127
100127
100127
100127
100127
100127
100127
100127
100127
100127
100127
100127
100127
100127
100127
100127
100127
100127
100127
100127
100127
100127
100127
100127
100127
100127
100127
100127
100127
100127
100127
100127
100127
100127
100127
100127
100127
100127
100127
100127
100127
100127
100127
100127
100127
100127
100127
100127
100127
100127
100127
100127
100127
100127
100127
100127
100127
100127
100127
100127
100127
100127
100127
100127
100127
100127
100127
100127
100127
100127
100127
100127
100127
100127
100127
100127
100127
100127
100127
)
;
    }
    ceiling
    {
        type            buoyantPressure;
        gradient        nonuniform List<scalar> 
400
(
0.213446
0.215408
0.217276
0.218961
0.220448
0.221726
0.222751
0.223434
0.223624
0.223111
0.223105
0.223644
0.223435
0.222734
0.221697
0.220409
0.218919
0.217237
0.215394
0.213516
0.215408
0.217221
0.219078
0.220871
0.22254
0.224053
0.22533
0.226235
0.226554
0.226033
0.226031
0.226573
0.226237
0.225317
0.224028
0.222504
0.220824
0.219022
0.217166
0.215396
0.217276
0.219078
0.220951
0.222819
0.224633
0.226354
0.227875
0.229022
0.229509
0.228965
0.228966
0.229528
0.229027
0.227871
0.226343
0.224613
0.222784
0.220896
0.219005
0.21721
0.218961
0.220871
0.222819
0.224797
0.226784
0.228761
0.23059
0.232051
0.23278
0.232291
0.232294
0.232794
0.232058
0.230594
0.228761
0.226776
0.224771
0.222767
0.220786
0.218858
0.220448
0.22254
0.224633
0.226784
0.229034
0.231399
0.233686
0.235627
0.236804
0.236595
0.236586
0.236807
0.23563
0.233691
0.231406
0.229034
0.226763
0.224581
0.222447
0.220318
0.221726
0.224053
0.226354
0.228761
0.231399
0.234264
0.237121
0.239711
0.241584
0.241965
0.241933
0.241569
0.239705
0.237122
0.234272
0.231403
0.228743
0.226301
0.223952
0.221578
0.222751
0.22533
0.227875
0.23059
0.233686
0.237121
0.240702
0.244227
0.247263
0.248944
0.248871
0.24722
0.244203
0.240695
0.237129
0.233695
0.230577
0.227822
0.225224
0.222588
0.223434
0.226235
0.229022
0.232051
0.235627
0.239711
0.244227
0.24914
0.254221
0.258818
0.258687
0.254126
0.249085
0.244206
0.239718
0.23564
0.232043
0.228969
0.226126
0.223261
0.223624
0.226554
0.229509
0.23278
0.236804
0.241584
0.247263
0.254221
0.262918
0.274023
0.273779
0.262745
0.254135
0.24724
0.241602
0.236833
0.232785
0.229465
0.226448
0.223448
0.223111
0.226033
0.228965
0.232291
0.236595
0.241965
0.248944
0.258818
0.274023
0.30012
0.299622
0.273803
0.258767
0.248989
0.242047
0.236684
0.232355
0.228958
0.225954
0.222955
0.223105
0.226031
0.228966
0.232294
0.236586
0.241933
0.248871
0.258687
0.273779
0.299622
0.299607
0.273818
0.258801
0.249025
0.242095
0.236729
0.232385
0.228967
0.225951
0.222947
0.223644
0.226573
0.229528
0.232794
0.236807
0.241569
0.24722
0.254126
0.262745
0.273803
0.273818
0.262786
0.254212
0.247324
0.241669
0.236881
0.232812
0.229482
0.22646
0.223463
0.223435
0.226237
0.229027
0.232058
0.23563
0.239705
0.244203
0.249084
0.254135
0.258767
0.258802
0.254212
0.249164
0.244278
0.239766
0.235658
0.232028
0.228934
0.226082
0.223218
0.222734
0.225317
0.227871
0.230594
0.233691
0.237122
0.240695
0.244206
0.24724
0.248989
0.249025
0.247324
0.244278
0.240751
0.237153
0.233683
0.230525
0.227741
0.225127
0.222489
0.221696
0.224028
0.226343
0.228761
0.231406
0.234272
0.237129
0.239718
0.241602
0.242047
0.242095
0.241669
0.239766
0.237153
0.234266
0.231357
0.228653
0.226178
0.223807
0.221431
0.220409
0.222504
0.224613
0.226776
0.229034
0.231403
0.233695
0.23564
0.236833
0.236684
0.236729
0.236881
0.235658
0.233683
0.231357
0.228941
0.226629
0.224416
0.222257
0.220132
0.218919
0.220824
0.222784
0.224771
0.226763
0.228743
0.230577
0.232043
0.232785
0.232355
0.232385
0.232812
0.232028
0.230525
0.228653
0.226629
0.224592
0.222558
0.220557
0.218644
0.217237
0.219022
0.220896
0.222767
0.224581
0.226301
0.227822
0.228969
0.229465
0.228958
0.228967
0.229482
0.228934
0.227741
0.226178
0.224416
0.222558
0.220647
0.218749
0.216988
0.215394
0.217166
0.219005
0.220786
0.222447
0.223952
0.225224
0.226126
0.226448
0.225954
0.225951
0.22646
0.226082
0.225127
0.223807
0.222257
0.220557
0.218749
0.216911
0.215207
0.213516
0.215396
0.21721
0.218858
0.220318
0.221578
0.222588
0.223261
0.223448
0.222955
0.222947
0.223463
0.223218
0.222489
0.22143
0.220132
0.218644
0.216988
0.215207
0.213446
)
;
        rho             rho;
        value           nonuniform List<scalar> 
400
(
100127
100127
100127
100127
100127
100127
100127
100127
100127
100127
100127
100127
100127
100127
100127
100127
100127
100127
100127
100127
100127
100127
100127
100127
100127
100127
100127
100127
100127
100127
100127
100127
100127
100127
100127
100127
100127
100127
100127
100127
100127
100127
100127
100127
100127
100127
100127
100127
100127
100127
100127
100127
100127
100127
100127
100127
100127
100127
100127
100127
100127
100127
100127
100127
100127
100127
100127
100127
100127
100127
100127
100127
100127
100127
100127
100127
100127
100127
100127
100127
100127
100127
100127
100127
100127
100127
100127
100127
100127
100127
100127
100127
100127
100127
100127
100127
100127
100127
100127
100127
100127
100127
100127
100127
100127
100127
100127
100127
100127
100127
100127
100127
100127
100127
100127
100127
100127
100127
100127
100127
100127
100127
100127
100127
100127
100127
100127
100127
100127
100127
100127
100127
100127
100127
100127
100127
100127
100127
100127
100127
100127
100127
100127
100127
100127
100127
100127
100127
100127
100127
100127
100127
100127
100127
100127
100127
100127
100127
100127
100127
100127
100127
100127
100127
100127
100127
100127
100127
100127
100127
100127
100127
100127
100127
100127
100127
100127
100127
100127
100127
100127
100127
100127
100127
100127
100127
100127
100127
100127
100127
100127
100127
100127
100127
100127
100127
100127
100127
100127
100127
100127
100127
100127
100127
100127
100127
100127
100127
100127
100127
100127
100127
100127
100127
100127
100127
100127
100127
100127
100127
100127
100127
100127
100127
100127
100127
100127
100127
100127
100127
100127
100127
100127
100127
100127
100127
100127
100127
100127
100127
100127
100127
100127
100127
100127
100127
100127
100127
100127
100127
100127
100127
100127
100127
100127
100127
100127
100127
100127
100127
100127
100127
100127
100127
100127
100127
100127
100127
100127
100127
100127
100127
100127
100127
100127
100127
100127
100127
100127
100127
100127
100127
100127
100127
100127
100127
100127
100127
100127
100127
100127
100127
100127
100127
100127
100127
100127
100127
100127
100127
100127
100127
100127
100127
100127
100127
100127
100127
100127
100127
100127
100127
100127
100127
100127
100127
100127
100127
100127
100127
100127
100127
100127
100127
100127
100127
100127
100127
100127
100127
100127
100127
100127
100127
100127
100127
100127
100127
100127
100127
100127
100127
100127
100127
100127
100127
100127
100127
100127
100127
100127
100127
100127
100127
100127
100127
100127
100127
100127
100127
100127
100127
100127
100127
100127
100127
100127
100127
100127
100127
100127
100127
100127
100127
100127
100127
100127
100127
100127
100127
100127
100127
100127
100127
100127
100127
100127
100127
100127
100127
100127
100127
100127
100127
100127
100127
100127
100127
100127
100127
)
;
    }
    fixedWalls
    {
        type            buoyantPressure;
        gradient        uniform 0;
        rho             rho;
        value           nonuniform List<scalar> 
800
(
100127
100127
100127
100127
100127
100127
100127
100127
100127
100127
100127
100127
100127
100127
100127
100127
100127
100127
100127
100127
100127
100127
100127
100127
100127
100127
100127
100127
100127
100127
100127
100127
100127
100127
100127
100127
100127
100127
100127
100127
100127
100127
100127
100127
100127
100127
100127
100127
100127
100127
100127
100127
100127
100127
100127
100127
100127
100127
100127
100127
100127
100127
100127
100127
100127
100127
100127
100127
100127
100127
100127
100127
100127
100127
100127
100127
100127
100127
100127
100127
100127
100127
100127
100127
100127
100127
100127
100127
100127
100127
100127
100127
100127
100127
100127
100127
100127
100127
100127
100127
100127
100127
100127
100127
100127
100127
100127
100127
100127
100127
100127
100127
100127
100127
100127
100127
100127
100127
100127
100127
100127
100127
100127
100127
100127
100127
100127
100127
100127
100127
100127
100127
100127
100127
100127
100127
100127
100127
100127
100127
100127
100127
100127
100127
100127
100127
100127
100127
100127
100127
100127
100127
100127
100127
100127
100127
100127
100127
100127
100127
100127
100127
100127
100127
100127
100127
100127
100127
100127
100127
100127
100127
100127
100127
100127
100127
100127
100127
100127
100127
100127
100127
100127
100127
100127
100127
100127
100127
100127
100127
100127
100127
100127
100127
100127
100127
100127
100127
100127
100127
100127
100127
100127
100127
100127
100127
100127
100127
100127
100127
100127
100127
100127
100127
100127
100127
100127
100127
100127
100127
100127
100127
100127
100127
100127
100127
100127
100127
100127
100127
100127
100127
100127
100127
100127
100127
100127
100127
100127
100127
100127
100127
100127
100127
100127
100127
100127
100127
100127
100127
100127
100127
100127
100127
100127
100127
100127
100127
100127
100127
100127
100127
100127
100127
100127
100127
100127
100127
100127
100127
100127
100127
100127
100127
100127
100127
100127
100127
100127
100127
100127
100127
100127
100127
100127
100127
100127
100127
100127
100127
100127
100127
100127
100127
100127
100127
100127
100127
100127
100127
100127
100127
100127
100127
100127
100127
100127
100127
100127
100127
100127
100127
100127
100127
100127
100127
100127
100127
100127
100127
100127
100127
100127
100127
100127
100127
100127
100127
100127
100127
100127
100127
100127
100127
100127
100127
100127
100127
100127
100127
100127
100127
100127
100127
100127
100127
100127
100127
100127
100127
100127
100127
100127
100127
100127
100127
100127
100127
100127
100127
100127
100127
100127
100127
100127
100127
100127
100127
100127
100127
100127
100127
100127
100127
100127
100127
100127
100127
100127
100127
100127
100127
100127
100127
100127
100127
100127
100127
100127
100127
100127
100127
100127
100127
100127
100127
100127
100127
100127
100127
100127
100127
100127
100127
100127
100127
100127
100127
100127
100127
100127
100127
100127
100127
100127
100127
100127
100127
100127
100127
100127
100127
100127
100127
100127
100127
100127
100127
100127
100127
100127
100127
100127
100127
100127
100127
100127
100127
100127
100127
100127
100127
100127
100127
100127
100127
100127
100127
100127
100127
100127
100127
100127
100127
100127
100127
100127
100127
100127
100127
100127
100127
100127
100127
100127
100127
100127
100127
100127
100127
100127
100127
100127
100127
100127
100127
100127
100127
100127
100127
100127
100127
100127
100127
100127
100127
100127
100127
100127
100127
100127
100127
100127
100127
100127
100127
100127
100127
100127
100127
100127
100127
100127
100127
100127
100127
100127
100127
100127
100127
100127
100127
100127
100127
100127
100127
100127
100127
100127
100127
100127
100127
100127
100127
100127
100127
100127
100127
100127
100127
100127
100127
100127
100127
100127
100127
100127
100127
100127
100127
100127
100127
100127
100127
100127
100127
100127
100127
100127
100127
100127
100127
100127
100127
100127
100127
100127
100127
100127
100127
100127
100127
100127
100127
100127
100127
100127
100127
100127
100127
100127
100127
100127
100127
100127
100127
100127
100127
100127
100127
100127
100127
100127
100127
100127
100127
100127
100127
100127
100127
100127
100127
100127
100127
100127
100127
100127
100127
100127
100127
100127
100127
100127
100127
100127
100127
100127
100127
100127
100127
100127
100127
100127
100127
100127
100127
100127
100127
100127
100127
100127
100127
100127
100127
100127
100127
100127
100127
100127
100127
100127
100127
100127
100127
100127
100127
100127
100127
100127
100127
100127
100127
100127
100127
100127
100127
100127
100127
100127
100127
100127
100127
100127
100127
100127
100127
100127
100127
100127
100127
100127
100127
100127
100127
100127
100127
100127
100127
100127
100127
100127
100127
100127
100127
100127
100127
100127
100127
100127
100127
100127
100127
100127
100127
100127
100127
100127
100127
100127
100127
100127
100127
100127
100127
100127
100127
100127
100127
100127
100127
100127
100127
100127
100127
100127
100127
100127
100127
100127
100127
100127
100127
100127
100127
100127
100127
100127
100127
100127
100127
100127
100127
100127
100127
100127
100127
100127
100127
100127
100127
100127
100127
100127
100127
100127
100127
100127
100127
100127
100127
100127
100127
100127
100127
100127
100127
100127
100127
100127
100127
100127
100127
100127
100127
100127
100127
100127
100127
100127
100127
100127
100127
100127
100127
100127
100127
100127
100127
100127
100127
100127
100127
100127
100127
100127
100127
100127
100127
100127
100127
100127
100127
100127
100127
100127
100127
100127
100127
100127
100127
100127
100127
100127
100127
100127
100127
100127
100127
100127
100127
)
;
    }
}


// ************************************************************************* //
