/*--------------------------------*- C++ -*----------------------------------*\
| =========                 |                                                 |
| \\      /  F ield         | OpenFOAM: The Open Source CFD Toolbox           |
|  \\    /   O peration     | Version:  1.7.1                                 |
|   \\  /    A nd           | Web:      www.OpenFOAM.com                      |
|    \\/     M anipulation  |                                                 |
\*---------------------------------------------------------------------------*/
FoamFile
{
    version     2.0;
    format      ascii;
    class       volScalarField;
    location    "2000";
    object      T;
}
// * * * * * * * * * * * * * * * * * * * * * * * * * * * * * * * * * * * * * //

dimensions      [0 0 0 1 0 0 0];

internalField   nonuniform List<scalar> 
4000
(
300.234
300.237
300.237
300.235
300.233
300.232
300.23
300.23
300.23
300.231
300.231
300.231
300.232
300.232
300.232
300.233
300.234
300.236
300.236
300.233
300.267
300.263
300.266
300.27
300.27
300.269
300.27
300.271
300.271
300.271
300.272
300.271
300.271
300.27
300.27
300.27
300.27
300.265
300.261
300.262
300.316
300.309
300.297
300.286
300.285
300.287
300.289
300.289
300.289
300.289
300.289
300.289
300.289
300.289
300.287
300.285
300.284
300.293
300.306
300.313
300.318
300.318
300.316
300.312
300.307
300.302
300.297
300.296
300.297
300.298
300.298
300.298
300.297
300.296
300.301
300.307
300.313
300.317
300.318
300.318
300.315
300.316
300.317
300.316
300.314
300.311
300.31
300.308
300.306
300.305
300.304
300.305
300.308
300.31
300.312
300.315
300.317
300.317
300.316
300.315
300.311
300.313
300.314
300.315
300.315
300.315
300.314
300.314
300.314
300.313
300.313
300.313
300.314
300.315
300.315
300.315
300.315
300.315
300.313
300.311
300.307
300.309
300.311
300.312
300.313
300.313
300.314
300.314
300.314
300.313
300.313
300.314
300.314
300.314
300.314
300.313
300.312
300.311
300.309
300.307
300.302
300.305
300.307
300.309
300.31
300.311
300.311
300.311
300.311
300.311
300.311
300.311
300.312
300.311
300.311
300.31
300.309
300.307
300.305
300.302
300.297
300.3
300.302
300.304
300.305
300.307
300.307
300.308
300.308
300.307
300.307
300.308
300.308
300.307
300.307
300.305
300.304
300.302
300.3
300.297
300.29
300.293
300.295
300.298
300.3
300.301
300.303
300.303
300.304
300.303
300.303
300.304
300.303
300.303
300.301
300.299
300.298
300.295
300.293
300.29
300.237
300.237
300.236
300.235
300.234
300.233
300.231
300.231
300.231
300.232
300.232
300.232
300.232
300.232
300.232
300.233
300.235
300.236
300.235
300.235
300.263
300.265
300.267
300.27
300.271
300.27
300.27
300.271
300.271
300.271
300.271
300.271
300.271
300.271
300.27
300.27
300.27
300.267
300.263
300.261
300.309
300.302
300.293
300.286
300.284
300.286
300.288
300.289
300.289
300.289
300.289
300.289
300.289
300.289
300.287
300.284
300.283
300.289
300.298
300.305
300.318
300.317
300.314
300.31
300.306
300.302
300.298
300.297
300.298
300.299
300.299
300.299
300.298
300.297
300.301
300.306
300.311
300.315
300.317
300.318
300.316
300.316
300.316
300.315
300.313
300.309
300.307
300.306
300.304
300.303
300.302
300.303
300.306
300.308
300.31
300.313
300.316
300.317
300.317
300.317
300.313
300.313
300.314
300.314
300.313
300.312
300.311
300.31
300.309
300.309
300.309
300.309
300.31
300.311
300.313
300.314
300.314
300.314
300.314
300.313
300.309
300.31
300.311
300.311
300.312
300.311
300.311
300.31
300.31
300.31
300.31
300.31
300.311
300.311
300.312
300.312
300.312
300.311
300.31
300.31
300.305
300.306
300.308
300.309
300.309
300.309
300.309
300.309
300.309
300.308
300.309
300.309
300.309
300.31
300.31
300.309
300.309
300.308
300.306
300.305
300.3
300.302
300.304
300.305
300.306
300.307
300.308
300.308
300.308
300.308
300.308
300.308
300.308
300.308
300.307
300.306
300.305
300.304
300.302
300.3
300.293
300.295
300.298
300.3
300.302
300.304
300.306
300.307
300.308
300.307
300.307
300.308
300.307
300.306
300.304
300.302
300.3
300.298
300.295
300.293
300.237
300.236
300.236
300.235
300.234
300.233
300.232
300.231
300.232
300.232
300.232
300.232
300.232
300.232
300.233
300.234
300.235
300.235
300.235
300.235
300.266
300.267
300.269
300.271
300.271
300.27
300.271
300.271
300.271
300.271
300.271
300.271
300.271
300.271
300.271
300.271
300.27
300.269
300.267
300.265
300.297
300.293
300.288
300.284
300.284
300.287
300.289
300.289
300.289
300.289
300.29
300.29
300.29
300.289
300.287
300.284
300.282
300.284
300.288
300.292
300.316
300.314
300.311
300.308
300.304
300.3
300.297
300.297
300.299
300.3
300.3
300.299
300.298
300.297
300.299
300.304
300.308
300.312
300.315
300.316
300.317
300.316
300.315
300.314
300.311
300.308
300.306
300.305
300.303
300.303
300.303
300.303
300.305
300.307
300.309
300.312
300.314
300.316
300.317
300.317
300.314
300.314
300.314
300.313
300.312
300.311
300.309
300.307
300.306
300.306
300.306
300.306
300.308
300.309
300.311
300.313
300.314
300.314
300.314
300.315
300.311
300.311
300.311
300.311
300.31
300.31
300.309
300.308
300.307
300.307
300.306
300.307
300.308
300.309
300.31
300.311
300.311
300.311
300.311
300.311
300.307
300.308
300.308
300.308
300.308
300.307
300.307
300.306
300.306
300.305
300.305
300.306
300.306
300.307
300.308
300.308
300.308
300.308
300.308
300.307
300.302
300.304
300.305
300.306
300.306
300.306
300.306
300.306
300.306
300.305
300.305
300.306
300.306
300.307
300.306
300.306
300.306
300.305
300.304
300.302
300.295
300.298
300.3
300.303
300.305
300.307
300.309
300.311
300.312
300.311
300.311
300.312
300.311
300.309
300.307
300.305
300.303
300.3
300.298
300.295
300.235
300.235
300.235
300.235
300.234
300.233
300.232
300.231
300.232
300.233
300.233
300.232
300.232
300.232
300.233
300.233
300.234
300.234
300.234
300.233
300.27
300.27
300.271
300.272
300.271
300.271
300.271
300.271
300.271
300.271
300.271
300.271
300.271
300.272
300.271
300.271
300.271
300.27
300.269
300.269
300.286
300.286
300.284
300.283
300.285
300.288
300.289
300.29
300.29
300.29
300.29
300.29
300.29
300.29
300.288
300.286
300.283
300.282
300.283
300.283
300.312
300.31
300.308
300.305
300.302
300.299
300.297
300.298
300.3
300.3
300.3
300.3
300.299
300.297
300.298
300.301
300.305
300.308
300.31
300.312
300.316
300.315
300.314
300.312
300.309
300.307
300.305
300.304
300.303
300.303
300.304
300.303
300.304
300.306
300.307
300.31
300.312
300.314
300.316
300.317
300.315
300.314
300.313
300.312
300.311
300.309
300.308
300.306
300.305
300.305
300.305
300.305
300.306
300.308
300.31
300.312
300.313
300.314
300.315
300.315
300.312
300.311
300.311
300.31
300.309
300.308
300.307
300.306
300.305
300.304
300.304
300.305
300.306
300.307
300.309
300.31
300.311
300.311
300.312
300.313
300.309
300.309
300.308
300.307
300.306
300.306
300.305
300.304
300.304
300.303
300.303
300.304
300.304
300.305
300.306
300.307
300.308
300.308
300.309
300.309
300.304
300.305
300.306
300.305
300.305
300.305
300.305
300.305
300.304
300.303
300.303
300.304
300.305
300.305
300.305
300.305
300.306
300.306
300.305
300.304
300.298
300.3
300.303
300.305
300.308
300.311
300.313
300.315
300.316
300.315
300.315
300.316
300.315
300.313
300.311
300.308
300.305
300.303
300.3
300.297
300.233
300.234
300.234
300.234
300.234
300.233
300.232
300.232
300.232
300.233
300.233
300.232
300.232
300.232
300.232
300.233
300.233
300.233
300.232
300.233
300.27
300.271
300.271
300.271
300.271
300.271
300.271
300.271
300.271
300.271
300.271
300.271
300.272
300.272
300.272
300.271
300.271
300.27
300.269
300.269
300.285
300.284
300.284
300.285
300.287
300.289
300.29
300.29
300.29
300.29
300.29
300.291
300.291
300.29
300.289
300.288
300.286
300.284
300.284
300.284
300.307
300.306
300.304
300.302
300.299
300.298
300.298
300.299
300.3
300.301
300.301
300.3
300.299
300.298
300.297
300.298
300.301
300.304
300.305
300.306
300.314
300.313
300.311
300.309
300.307
300.306
300.304
300.303
300.303
300.304
300.304
300.303
300.304
300.305
300.306
300.308
300.309
300.311
300.313
300.314
300.315
300.313
300.312
300.311
300.31
300.308
300.307
300.305
300.305
300.304
300.304
300.305
300.306
300.307
300.309
300.31
300.312
300.313
300.314
300.315
300.313
300.312
300.31
300.309
300.308
300.307
300.306
300.305
300.304
300.303
300.303
300.304
300.305
300.306
300.308
300.309
300.31
300.311
300.312
300.313
300.31
300.309
300.308
300.306
300.305
300.305
300.304
300.303
300.302
300.301
300.302
300.303
300.303
300.304
300.305
300.306
300.307
300.308
300.309
300.31
300.305
300.306
300.306
300.305
300.305
300.305
300.305
300.305
300.305
300.303
300.303
300.305
300.305
300.305
300.305
300.305
300.306
300.306
300.307
300.305
300.3
300.302
300.305
300.308
300.311
300.314
300.317
300.32
300.321
300.321
300.321
300.321
300.32
300.317
300.314
300.311
300.308
300.305
300.302
300.299
300.232
300.233
300.233
300.233
300.233
300.232
300.232
300.231
300.232
300.233
300.233
300.232
300.232
300.232
300.232
300.232
300.231
300.231
300.231
300.231
300.269
300.27
300.27
300.271
300.271
300.271
300.271
300.271
300.271
300.271
300.271
300.272
300.272
300.272
300.272
300.271
300.271
300.27
300.269
300.268
300.287
300.286
300.287
300.288
300.289
300.29
300.29
300.291
300.291
300.291
300.291
300.291
300.291
300.291
300.29
300.289
300.288
300.287
300.287
300.287
300.302
300.302
300.3
300.299
300.298
300.297
300.298
300.3
300.3
300.301
300.301
300.301
300.3
300.299
300.298
300.297
300.298
300.299
300.3
300.3
300.311
300.309
300.308
300.307
300.306
300.305
300.304
300.303
300.303
300.304
300.304
300.304
300.303
300.304
300.305
300.306
300.307
300.308
300.31
300.311
300.315
300.312
300.311
300.309
300.308
300.307
300.306
300.305
300.304
300.304
300.304
300.304
300.305
300.306
300.307
300.309
300.31
300.311
300.313
300.315
300.313
300.311
300.31
300.308
300.307
300.306
300.305
300.304
300.303
300.302
300.302
300.303
300.304
300.305
300.306
300.308
300.309
300.31
300.312
300.314
300.311
300.309
300.307
300.306
300.305
300.304
300.303
300.302
300.302
300.3
300.301
300.302
300.303
300.304
300.304
300.305
300.306
300.308
300.31
300.311
300.307
300.307
300.306
300.305
300.305
300.305
300.306
300.306
300.305
300.304
300.304
300.306
300.306
300.306
300.306
300.305
300.305
300.307
300.307
300.307
300.301
300.304
300.307
300.311
300.314
300.318
300.322
300.325
300.327
300.328
300.328
300.327
300.325
300.322
300.318
300.314
300.31
300.307
300.304
300.301
300.23
300.231
300.232
300.232
300.232
300.232
300.231
300.232
300.232
300.233
300.234
300.233
300.232
300.231
300.231
300.23
300.23
300.23
300.23
300.23
300.27
300.27
300.271
300.271
300.271
300.271
300.271
300.271
300.271
300.271
300.272
300.272
300.272
300.272
300.271
300.271
300.271
300.27
300.269
300.269
300.289
300.288
300.289
300.289
300.29
300.29
300.291
300.291
300.291
300.291
300.291
300.291
300.291
300.291
300.29
300.29
300.289
300.289
300.288
300.289
300.297
300.298
300.297
300.297
300.298
300.298
300.299
300.3
300.301
300.301
300.301
300.301
300.3
300.3
300.299
300.298
300.297
300.297
300.297
300.296
300.31
300.307
300.306
300.305
300.304
300.304
300.303
300.303
300.304
300.304
300.304
300.304
300.303
300.303
300.304
300.305
300.306
300.307
300.308
300.31
300.314
300.311
300.309
300.308
300.307
300.306
300.305
300.304
300.304
300.304
300.304
300.304
300.305
300.305
300.306
300.307
300.308
300.309
300.312
300.315
300.314
300.311
300.309
300.307
300.306
300.305
300.304
300.303
300.302
300.301
300.301
300.302
300.303
300.304
300.305
300.306
300.308
300.309
300.312
300.314
300.311
300.309
300.307
300.305
300.304
300.303
300.303
300.302
300.301
300.3
300.3
300.301
300.302
300.303
300.304
300.304
300.306
300.307
300.31
300.311
300.307
300.308
300.306
300.305
300.305
300.306
300.306
300.307
300.307
300.307
300.307
300.307
300.307
300.307
300.306
300.305
300.305
300.307
300.308
300.307
300.303
300.306
300.309
300.313
300.317
300.322
300.326
300.331
300.335
300.337
300.337
300.335
300.331
300.326
300.322
300.317
300.313
300.309
300.306
300.302
300.23
300.231
300.231
300.231
300.232
300.231
300.232
300.232
300.233
300.235
300.236
300.233
300.232
300.231
300.23
300.23
300.229
300.229
300.228
300.228
300.271
300.271
300.271
300.271
300.271
300.271
300.271
300.272
300.272
300.272
300.272
300.272
300.272
300.271
300.271
300.271
300.27
300.27
300.27
300.27
300.289
300.289
300.289
300.29
300.29
300.291
300.291
300.291
300.291
300.291
300.291
300.291
300.292
300.291
300.291
300.29
300.289
300.289
300.288
300.289
300.296
300.297
300.297
300.298
300.299
300.3
300.3
300.301
300.301
300.301
300.301
300.301
300.301
300.3
300.3
300.299
300.299
300.298
300.297
300.296
300.308
300.306
300.305
300.304
300.303
300.303
300.303
300.303
300.304
300.304
300.304
300.304
300.304
300.303
300.303
300.304
300.304
300.305
300.306
300.308
300.314
300.31
300.307
300.306
300.305
300.305
300.304
300.304
300.304
300.304
300.304
300.304
300.304
300.305
300.305
300.306
300.307
300.308
300.31
300.314
300.314
300.31
300.308
300.306
300.305
300.304
300.303
300.302
300.301
300.301
300.301
300.301
300.303
300.304
300.304
300.305
300.306
300.308
300.311
300.314
300.311
300.309
300.306
300.304
300.303
300.302
300.302
300.301
300.3
300.3
300.3
300.301
300.302
300.302
300.303
300.304
300.305
300.307
300.309
300.311
300.308
300.308
300.306
300.305
300.305
300.306
300.307
300.308
300.31
300.317
300.317
300.311
300.309
300.307
300.306
300.306
300.305
300.307
300.308
300.308
300.303
300.307
300.311
300.315
300.32
300.325
300.331
300.337
300.344
300.35
300.35
300.344
300.337
300.331
300.325
300.32
300.315
300.311
300.307
300.303
300.23
300.231
300.232
300.232
300.232
300.232
300.232
300.233
300.234
300.239
300.239
300.234
300.232
300.231
300.23
300.229
300.229
300.228
300.228
300.228
300.271
300.271
300.271
300.271
300.271
300.271
300.271
300.272
300.272
300.279
300.279
300.272
300.272
300.271
300.27
300.27
300.269
300.269
300.269
300.27
300.289
300.289
300.289
300.29
300.29
300.291
300.291
300.291
300.291
300.295
300.295
300.291
300.291
300.291
300.291
300.29
300.29
300.289
300.288
300.289
300.297
300.298
300.299
300.3
300.3
300.3
300.301
300.301
300.301
300.306
300.306
300.301
300.301
300.301
300.301
300.3
300.3
300.299
300.299
300.297
300.306
300.304
300.303
300.303
300.303
300.303
300.304
300.304
300.304
300.312
300.312
300.304
300.304
300.304
300.304
300.304
300.304
300.303
300.304
300.305
300.314
300.309
300.306
300.305
300.305
300.304
300.304
300.304
300.304
300.314
300.314
300.304
300.304
300.304
300.305
300.305
300.306
300.307
300.309
300.314
300.314
300.31
300.307
300.305
300.304
300.303
300.302
300.301
300.302
300.313
300.313
300.302
300.302
300.303
300.304
300.304
300.306
300.308
300.311
300.314
300.311
300.309
300.306
300.304
300.302
300.302
300.301
300.3
300.302
300.316
300.317
300.302
300.301
300.302
300.302
300.303
300.304
300.306
300.309
300.311
300.308
300.308
300.306
300.304
300.305
300.305
300.307
300.31
300.319
300.34
300.34
300.319
300.311
300.307
300.306
300.305
300.305
300.306
300.308
300.308
300.304
300.308
300.312
300.316
300.321
300.327
300.335
300.344
300.356
300.37
300.37
300.355
300.344
300.335
300.327
300.321
300.316
300.311
300.307
300.303
300.231
300.232
300.232
300.233
300.233
300.233
300.233
300.235
300.239
300.673
300.671
300.238
300.234
300.231
300.23
300.229
300.229
300.228
300.228
300.227
300.271
300.271
300.271
300.271
300.271
300.271
300.271
300.272
300.279
300.566
300.562
300.279
300.271
300.27
300.27
300.269
300.269
300.269
300.269
300.27
300.289
300.289
300.289
300.29
300.29
300.291
300.291
300.291
300.295
300.515
300.511
300.295
300.29
300.291
300.29
300.29
300.289
300.289
300.288
300.289
300.298
300.299
300.3
300.3
300.301
300.301
300.301
300.301
300.306
300.483
300.48
300.306
300.301
300.302
300.301
300.301
300.3
300.3
300.299
300.298
300.305
300.303
300.303
300.303
300.304
300.304
300.304
300.304
300.312
300.461
300.458
300.312
300.305
300.305
300.305
300.304
300.304
300.303
300.303
300.304
300.313
300.309
300.306
300.305
300.304
300.304
300.304
300.304
300.314
300.443
300.441
300.314
300.304
300.304
300.305
300.305
300.305
300.306
300.309
300.314
300.313
300.31
300.307
300.304
300.303
300.302
300.301
300.301
300.313
300.428
300.427
300.313
300.302
300.302
300.303
300.304
300.305
300.307
300.31
300.314
300.311
300.308
300.305
300.303
300.301
300.3
300.3
300.3
300.316
300.419
300.418
300.318
300.301
300.3
300.301
300.302
300.304
300.306
300.309
300.311
300.307
300.308
300.305
300.303
300.303
300.304
300.307
300.317
300.34
300.412
300.411
300.341
300.317
300.308
300.305
300.304
300.304
300.305
300.308
300.307
300.303
300.307
300.311
300.315
300.321
300.328
300.337
300.35
300.37
300.405
300.404
300.37
300.35
300.337
300.328
300.321
300.315
300.311
300.307
300.303
300.231
300.232
300.232
300.233
300.233
300.233
300.234
300.236
300.239
300.671
300.664
300.237
300.234
300.231
300.23
300.229
300.229
300.228
300.228
300.228
300.272
300.271
300.271
300.271
300.271
300.271
300.272
300.272
300.279
300.562
300.555
300.278
300.271
300.27
300.269
300.269
300.269
300.269
300.269
300.269
300.289
300.289
300.29
300.29
300.29
300.291
300.291
300.291
300.295
300.511
300.506
300.294
300.29
300.29
300.29
300.29
300.289
300.289
300.288
300.289
300.298
300.299
300.3
300.3
300.301
300.301
300.301
300.301
300.306
300.48
300.476
300.305
300.301
300.302
300.301
300.301
300.3
300.3
300.299
300.298
300.304
300.302
300.303
300.304
300.304
300.304
300.304
300.304
300.312
300.458
300.456
300.311
300.305
300.305
300.305
300.305
300.304
300.304
300.303
300.304
300.313
300.309
300.306
300.305
300.304
300.304
300.304
300.304
300.314
300.441
300.439
300.314
300.304
300.304
300.305
300.305
300.305
300.306
300.309
300.313
300.313
300.31
300.306
300.304
300.303
300.302
300.301
300.301
300.313
300.427
300.426
300.314
300.302
300.302
300.303
300.304
300.305
300.307
300.31
300.314
300.311
300.309
300.305
300.303
300.302
300.301
300.3
300.3
300.317
300.418
300.418
300.318
300.301
300.301
300.302
300.303
300.304
300.306
300.309
300.311
300.307
300.308
300.305
300.303
300.303
300.304
300.307
300.317
300.34
300.411
300.411
300.341
300.317
300.308
300.305
300.304
300.304
300.305
300.308
300.307
300.303
300.307
300.311
300.315
300.321
300.328
300.337
300.35
300.37
300.404
300.404
300.37
300.35
300.337
300.328
300.321
300.315
300.311
300.307
300.303
300.231
300.232
300.232
300.232
300.232
300.232
300.233
300.233
300.234
300.238
300.237
300.233
300.231
300.23
300.229
300.229
300.229
300.229
300.229
300.228
300.271
300.271
300.271
300.271
300.271
300.272
300.272
300.272
300.272
300.279
300.278
300.271
300.27
300.27
300.269
300.269
300.269
300.269
300.269
300.269
300.289
300.289
300.29
300.29
300.291
300.291
300.291
300.291
300.291
300.295
300.294
300.29
300.291
300.29
300.29
300.29
300.289
300.289
300.288
300.289
300.298
300.299
300.299
300.3
300.3
300.301
300.301
300.301
300.301
300.306
300.305
300.301
300.301
300.301
300.301
300.3
300.3
300.3
300.299
300.298
300.305
300.303
300.303
300.303
300.303
300.304
300.304
300.304
300.304
300.312
300.311
300.304
300.304
300.304
300.304
300.304
300.304
300.304
300.304
300.305
300.313
300.309
300.306
300.305
300.305
300.304
300.304
300.304
300.304
300.314
300.314
300.305
300.304
300.305
300.305
300.305
300.306
300.307
300.309
300.314
300.314
300.31
300.307
300.305
300.304
300.303
300.302
300.301
300.302
300.313
300.314
300.303
300.302
300.303
300.304
300.305
300.306
300.308
300.311
300.314
300.311
300.309
300.306
300.304
300.303
300.302
300.301
300.301
300.302
300.318
300.318
300.303
300.301
300.302
300.303
300.303
300.305
300.307
300.309
300.311
300.308
300.308
300.306
300.304
300.305
300.306
300.307
300.311
300.319
300.341
300.341
300.32
300.311
300.308
300.306
300.305
300.305
300.306
300.308
300.308
300.304
300.308
300.312
300.316
300.321
300.327
300.335
300.344
300.355
300.37
300.37
300.355
300.344
300.335
300.328
300.321
300.316
300.311
300.307
300.304
300.232
300.232
300.232
300.232
300.232
300.232
300.232
300.232
300.232
300.234
300.234
300.231
300.23
300.229
300.229
300.229
300.229
300.229
300.229
300.229
300.271
300.271
300.271
300.271
300.272
300.272
300.272
300.272
300.272
300.271
300.271
300.27
300.27
300.27
300.27
300.27
300.269
300.269
300.269
300.269
300.289
300.289
300.29
300.29
300.291
300.291
300.291
300.292
300.291
300.29
300.29
300.291
300.291
300.291
300.29
300.29
300.289
300.289
300.289
300.289
300.297
300.298
300.298
300.299
300.299
300.3
300.3
300.301
300.301
300.301
300.301
300.301
300.301
300.3
300.3
300.3
300.299
300.298
300.298
300.297
300.308
300.306
300.305
300.304
300.304
300.303
300.303
300.304
300.304
300.305
300.305
300.304
300.304
300.304
300.304
300.304
300.304
300.305
300.306
300.307
300.314
300.31
300.308
300.306
300.306
300.305
300.305
300.304
300.304
300.304
300.304
300.304
300.304
300.305
300.305
300.306
300.307
300.308
300.31
300.314
300.314
300.311
300.308
300.306
300.305
300.304
300.303
300.303
300.302
300.302
300.302
300.302
300.303
300.304
300.305
300.306
300.307
300.308
300.311
300.314
300.312
300.309
300.306
300.304
300.303
300.303
300.302
300.302
300.301
300.301
300.301
300.301
300.302
300.303
300.304
300.304
300.305
300.307
300.31
300.311
300.308
300.308
300.306
300.305
300.305
300.306
300.307
300.309
300.311
300.317
300.317
300.311
300.309
300.308
300.307
300.306
300.306
300.307
300.308
300.308
300.303
300.307
300.311
300.315
300.32
300.325
300.331
300.337
300.344
300.35
300.35
300.344
300.337
300.331
300.325
300.32
300.315
300.311
300.307
300.303
300.232
300.232
300.232
300.232
300.232
300.232
300.231
300.231
300.231
300.231
300.231
300.23
300.229
300.229
300.229
300.229
300.229
300.229
300.229
300.23
300.27
300.271
300.271
300.272
300.272
300.272
300.272
300.271
300.271
300.27
300.27
300.27
300.27
300.27
300.27
300.27
300.27
300.269
300.269
300.268
300.289
300.289
300.289
300.29
300.29
300.291
300.291
300.291
300.291
300.291
300.29
300.29
300.291
300.29
300.29
300.29
300.289
300.289
300.289
300.289
300.296
300.297
300.297
300.297
300.298
300.299
300.3
300.3
300.301
300.302
300.302
300.301
300.3
300.3
300.299
300.298
300.297
300.297
300.297
300.296
300.31
300.308
300.307
300.306
300.305
300.304
300.303
300.303
300.304
300.305
300.305
300.304
300.304
300.304
300.304
300.305
300.305
300.306
300.308
300.31
300.315
300.311
300.309
300.308
300.307
300.306
300.305
300.305
300.304
300.304
300.304
300.305
300.305
300.306
300.306
300.307
300.308
300.31
300.312
300.315
300.314
300.311
300.309
300.307
300.306
300.305
300.304
300.304
300.303
300.302
300.302
300.303
300.304
300.305
300.306
300.307
300.308
300.31
300.312
300.314
300.311
300.31
300.307
300.305
300.304
300.304
300.303
300.302
300.302
300.3
300.301
300.302
300.303
300.304
300.304
300.305
300.306
300.308
300.31
300.311
300.307
300.308
300.307
300.305
300.305
300.306
300.307
300.307
300.307
300.308
300.308
300.308
300.308
300.307
300.306
300.306
300.306
300.307
300.308
300.307
300.303
300.306
300.309
300.313
300.317
300.322
300.326
300.331
300.335
300.337
300.337
300.335
300.331
300.326
300.322
300.317
300.313
300.309
300.306
300.302
300.232
300.232
300.233
300.233
300.232
300.232
300.231
300.23
300.23
300.23
300.23
300.229
300.229
300.229
300.23
300.23
300.231
300.23
300.23
300.23
300.27
300.27
300.271
300.271
300.272
300.272
300.271
300.271
300.27
300.27
300.269
300.269
300.27
300.27
300.27
300.27
300.27
300.269
300.269
300.268
300.287
300.287
300.287
300.288
300.289
300.29
300.29
300.291
300.291
300.29
300.29
300.29
300.29
300.29
300.29
300.289
300.288
300.287
300.287
300.287
300.301
300.301
300.299
300.298
300.297
300.298
300.299
300.3
300.301
300.301
300.301
300.301
300.3
300.299
300.298
300.297
300.297
300.299
300.3
300.3
300.312
300.31
300.309
300.307
300.306
300.305
300.304
300.303
300.304
300.305
300.305
300.304
300.304
300.304
300.305
300.306
300.307
300.308
300.309
300.311
300.315
300.313
300.311
300.31
300.309
300.307
300.306
300.305
300.305
300.305
300.305
300.305
300.305
300.306
300.307
300.309
300.31
300.311
300.313
300.315
300.314
300.312
300.31
300.309
300.308
300.306
300.305
300.304
300.304
300.303
300.303
300.304
300.305
300.306
300.307
300.308
300.309
300.311
300.312
300.314
300.311
300.31
300.308
300.306
300.305
300.304
300.304
300.303
300.302
300.301
300.302
300.303
300.304
300.304
300.305
300.306
300.307
300.308
300.31
300.311
300.307
300.307
300.306
300.305
300.305
300.306
300.306
300.306
300.306
300.305
300.305
300.306
300.307
300.306
300.306
300.306
300.306
300.307
300.307
300.306
300.301
300.304
300.307
300.311
300.314
300.318
300.322
300.325
300.327
300.328
300.328
300.328
300.325
300.322
300.318
300.314
300.31
300.307
300.304
300.301
300.233
300.233
300.234
300.233
300.233
300.232
300.23
300.23
300.229
300.229
300.229
300.229
300.229
300.229
300.23
300.231
300.232
300.232
300.232
300.231
300.27
300.27
300.271
300.271
300.271
300.271
300.271
300.271
300.27
300.269
300.269
300.269
300.27
300.27
300.27
300.27
300.27
300.27
300.269
300.268
300.285
300.284
300.284
300.286
300.288
300.289
300.29
300.29
300.29
300.29
300.29
300.29
300.29
300.29
300.289
300.288
300.286
300.284
300.284
300.284
300.307
300.306
300.304
300.301
300.298
300.297
300.298
300.299
300.3
300.301
300.301
300.3
300.3
300.298
300.297
300.298
300.3
300.303
300.304
300.305
300.315
300.313
300.312
300.31
300.308
300.306
300.305
300.304
300.304
300.304
300.305
300.304
300.304
300.305
300.306
300.307
300.309
300.311
300.313
300.314
300.315
300.314
300.313
300.312
300.31
300.309
300.307
300.306
300.305
300.305
300.305
300.305
300.306
300.307
300.309
300.31
300.312
300.313
300.314
300.316
300.313
300.312
300.311
300.31
300.309
300.308
300.306
300.305
300.304
300.304
300.304
300.305
300.306
300.307
300.308
300.309
300.31
300.311
300.312
300.313
300.31
300.309
300.308
300.307
300.306
300.305
300.304
300.304
300.303
300.302
300.303
300.303
300.304
300.305
300.306
300.307
300.308
300.309
300.31
300.31
300.305
300.306
300.306
300.305
300.305
300.305
300.305
300.306
300.305
300.304
300.304
300.305
300.306
300.306
300.306
300.306
300.306
300.306
300.306
300.305
300.299
300.302
300.305
300.308
300.311
300.314
300.317
300.32
300.321
300.321
300.321
300.321
300.32
300.317
300.314
300.311
300.308
300.305
300.302
300.299
300.234
300.235
300.235
300.234
300.233
300.231
300.23
300.229
300.229
300.229
300.229
300.229
300.229
300.229
300.231
300.232
300.233
300.233
300.233
300.233
300.27
300.27
300.27
300.271
300.271
300.271
300.271
300.27
300.269
300.269
300.269
300.269
300.269
300.27
300.27
300.27
300.27
300.27
300.269
300.269
300.284
300.283
300.282
300.283
300.286
300.288
300.289
300.289
300.29
300.289
300.289
300.289
300.289
300.289
300.288
300.286
300.283
300.282
300.282
300.282
300.313
300.311
300.308
300.305
300.301
300.298
300.297
300.299
300.3
300.3
300.3
300.3
300.299
300.297
300.297
300.3
300.303
300.307
300.309
300.311
300.317
300.316
300.314
300.312
300.309
300.307
300.306
300.304
300.304
300.304
300.304
300.304
300.304
300.305
300.307
300.309
300.312
300.314
300.316
300.317
300.315
300.314
300.314
300.313
300.312
300.31
300.308
300.307
300.306
300.305
300.305
300.306
300.307
300.308
300.31
300.312
300.313
300.314
300.315
300.316
300.312
300.312
300.311
300.311
300.31
300.309
300.308
300.306
300.306
300.305
300.305
300.306
300.307
300.308
300.309
300.31
300.311
300.312
300.312
300.313
300.309
300.309
300.308
300.308
300.307
300.306
300.306
300.305
300.304
300.304
300.304
300.305
300.305
300.306
300.307
300.308
300.308
300.309
300.309
300.309
300.304
300.305
300.306
300.306
300.306
300.305
300.305
300.305
300.305
300.304
300.304
300.305
300.306
300.306
300.306
300.306
300.306
300.306
300.305
300.304
300.298
300.3
300.303
300.305
300.308
300.31
300.313
300.315
300.316
300.315
300.315
300.316
300.315
300.313
300.31
300.308
300.305
300.302
300.3
300.297
300.236
300.236
300.235
300.234
300.233
300.231
300.23
300.229
300.228
300.228
300.228
300.229
300.229
300.229
300.23
300.232
300.233
300.234
300.235
300.236
300.265
300.267
300.269
300.27
300.27
300.27
300.27
300.27
300.269
300.269
300.269
300.269
300.269
300.269
300.269
300.27
300.27
300.268
300.266
300.265
300.293
300.289
300.284
300.282
300.284
300.287
300.289
300.289
300.289
300.289
300.289
300.289
300.289
300.289
300.287
300.284
300.282
300.282
300.285
300.288
300.317
300.315
300.312
300.308
300.304
300.299
300.297
300.298
300.299
300.3
300.3
300.3
300.298
300.297
300.299
300.303
300.307
300.31
300.314
300.316
300.317
300.317
300.316
300.314
300.311
300.308
300.307
300.305
300.303
300.303
300.304
300.304
300.305
300.306
300.308
300.311
300.314
300.316
300.317
300.318
300.315
300.314
300.314
300.314
300.313
300.311
300.309
300.308
300.307
300.306
300.306
300.307
300.308
300.31
300.311
300.313
300.314
300.315
300.315
300.315
300.311
300.311
300.311
300.311
300.311
300.31
300.309
300.308
300.308
300.307
300.307
300.308
300.308
300.31
300.311
300.311
300.312
300.312
300.312
300.311
300.307
300.308
300.308
300.308
300.308
300.308
300.307
300.307
300.306
300.306
300.306
300.307
300.307
300.308
300.308
300.309
300.309
300.308
300.308
300.307
300.302
300.304
300.305
300.306
300.306
300.307
300.307
300.307
300.306
300.305
300.305
300.306
300.307
300.307
300.307
300.306
300.306
300.305
300.304
300.302
300.295
300.298
300.3
300.303
300.305
300.307
300.309
300.311
300.311
300.311
300.311
300.311
300.311
300.309
300.307
300.305
300.302
300.3
300.297
300.295
300.236
300.235
300.235
300.234
300.232
300.231
300.23
300.228
300.228
300.228
300.228
300.229
300.229
300.229
300.23
300.232
300.233
300.235
300.237
300.237
300.261
300.263
300.267
300.269
300.269
300.269
300.269
300.27
300.269
300.269
300.269
300.269
300.269
300.269
300.269
300.269
300.269
300.266
300.262
300.26
300.306
300.298
300.288
300.283
300.284
300.287
300.288
300.288
300.288
300.288
300.288
300.288
300.289
300.289
300.287
300.284
300.282
300.285
300.292
300.3
300.318
300.317
300.315
300.31
300.305
300.3
300.297
300.297
300.299
300.299
300.299
300.299
300.298
300.297
300.3
300.304
300.309
300.314
300.317
300.318
300.316
300.317
300.317
300.316
300.313
300.31
300.308
300.306
300.304
300.303
300.303
300.304
300.306
300.308
300.309
300.313
300.316
300.317
300.317
300.317
300.313
300.314
300.314
300.315
300.314
300.313
300.312
300.31
300.309
300.309
300.309
300.309
300.31
300.312
300.313
300.314
300.315
300.315
300.314
300.314
300.309
300.31
300.311
300.312
300.312
300.312
300.312
300.311
300.311
300.31
300.31
300.311
300.311
300.312
300.312
300.312
300.312
300.312
300.311
300.31
300.305
300.306
300.308
300.309
300.309
300.31
300.31
300.309
300.309
300.309
300.309
300.309
300.31
300.31
300.31
300.31
300.309
300.308
300.306
300.305
300.3
300.302
300.304
300.305
300.307
300.307
300.308
300.308
300.308
300.308
300.308
300.308
300.308
300.308
300.307
300.306
300.305
300.304
300.302
300.3
300.293
300.295
300.298
300.3
300.302
300.304
300.306
300.307
300.307
300.307
300.307
300.307
300.307
300.306
300.304
300.302
300.3
300.297
300.295
300.293
300.233
300.235
300.235
300.233
300.233
300.231
300.23
300.228
300.228
300.227
300.228
300.228
300.229
300.23
300.23
300.231
300.233
300.236
300.237
300.236
300.262
300.261
300.265
300.269
300.269
300.268
300.269
300.27
300.27
300.27
300.269
300.269
300.269
300.268
300.268
300.268
300.269
300.265
300.26
300.258
300.313
300.305
300.292
300.283
300.284
300.287
300.289
300.289
300.289
300.289
300.289
300.289
300.289
300.289
300.287
300.284
300.282
300.288
300.3
300.309
300.318
300.318
300.316
300.312
300.306
300.3
300.296
300.296
300.297
300.298
300.298
300.298
300.297
300.296
300.3
300.305
300.311
300.316
300.318
300.319
300.315
300.317
300.317
300.317
300.314
300.311
300.31
300.308
300.305
300.304
300.304
300.305
300.307
300.31
300.311
300.314
300.317
300.318
300.317
300.316
300.311
300.313
300.315
300.315
300.315
300.315
300.315
300.314
300.314
300.314
300.313
300.314
300.314
300.315
300.315
300.316
300.316
300.315
300.314
300.312
300.307
300.31
300.311
300.313
300.313
300.314
300.314
300.314
300.314
300.314
300.314
300.314
300.314
300.314
300.314
300.313
300.313
300.311
300.31
300.308
300.302
300.305
300.307
300.309
300.31
300.311
300.311
300.311
300.311
300.311
300.311
300.311
300.311
300.311
300.311
300.31
300.309
300.307
300.305
300.303
300.297
300.3
300.302
300.304
300.305
300.307
300.307
300.308
300.308
300.307
300.307
300.308
300.308
300.307
300.306
300.305
300.304
300.302
300.3
300.297
300.29
300.293
300.295
300.297
300.299
300.301
300.302
300.303
300.303
300.303
300.303
300.304
300.303
300.302
300.301
300.299
300.297
300.295
300.293
300.29
)
;

boundaryField
{
    floor
    {
        type            fixedValue;
        value           nonuniform List<scalar> 
400
(
300
300
300
300
300
300
300
300
300
300
300
300
300
300
300
300
300
300
300
300
300
300
300
300
300
300
300
300
300
300
300
300
300
300
300
300
300
300
300
300
300
300
300
300
300
300
300
300
300
300
300
300
300
300
300
300
300
300
300
300
300
300
300
300
300
300
300
300
300
300
300
300
300
300
300
300
300
300
300
300
300
300
300
300
300
300
300
300
300
300
300
300
300
300
300
300
300
300
300
300
300
300
300
300
300
300
300
300
300
300
300
300
300
300
300
300
300
300
300
300
300
300
300
300
300
300
300
300
300
300
300
300
300
300
300
300
300
300
300
300
300
300
300
300
300
300
300
300
300
300
300
300
300
300
300
300
300
300
300
300
300
300
300
300
300
300
300
300
300
300
300
300
300
300
300
300
300
300
300
300
300
300
300
300
300
300
300
300
300
600
600
300
300
300
300
300
300
300
300
300
300
300
300
300
300
300
300
300
300
600
600
300
300
300
300
300
300
300
300
300
300
300
300
300
300
300
300
300
300
300
300
300
300
300
300
300
300
300
300
300
300
300
300
300
300
300
300
300
300
300
300
300
300
300
300
300
300
300
300
300
300
300
300
300
300
300
300
300
300
300
300
300
300
300
300
300
300
300
300
300
300
300
300
300
300
300
300
300
300
300
300
300
300
300
300
300
300
300
300
300
300
300
300
300
300
300
300
300
300
300
300
300
300
300
300
300
300
300
300
300
300
300
300
300
300
300
300
300
300
300
300
300
300
300
300
300
300
300
300
300
300
300
300
300
300
300
300
300
300
300
300
300
300
300
300
300
300
300
300
300
300
300
300
300
300
300
300
300
300
300
300
300
300
300
300
300
300
300
300
300
300
300
300
300
300
300
300
300
300
300
300
300
300
300
300
300
300
300
300
300
)
;
    }
    ceiling
    {
        type            fixedValue;
        value           uniform 300;
    }
    fixedWalls
    {
        type            zeroGradient;
    }
}


// ************************************************************************* //
