/*--------------------------------*- C++ -*----------------------------------*\
| =========                 |                                                 |
| \\      /  F ield         | OpenFOAM: The Open Source CFD Toolbox           |
|  \\    /   O peration     | Version:  1.7.1                                 |
|   \\  /    A nd           | Web:      www.OpenFOAM.com                      |
|    \\/     M anipulation  |                                                 |
\*---------------------------------------------------------------------------*/
FoamFile
{
    version     2.0;
    format      ascii;
    class       volScalarField;
    location    "1800";
    object      alphat;
}
// * * * * * * * * * * * * * * * * * * * * * * * * * * * * * * * * * * * * * //

dimensions      [1 -1 -1 0 0 0 0];

internalField   nonuniform List<scalar> 
4000
(
0.000104536
0.000103808
0.000104454
0.00010437
0.000104378
0.000102965
0.000101762
0.000100197
9.87031e-05
9.73411e-05
9.637e-05
9.59374e-05
9.64892e-05
9.7619e-05
9.9491e-05
0.000100815
0.000101051
0.000100895
0.000101828
0.000101086
0.000128658
0.000130052
0.000130059
0.000130476
0.000126228
0.000123814
0.000123891
0.000122625
0.000122608
0.000123297
0.000122644
0.000121402
0.00012164
0.000122742
0.000125196
0.000130971
0.00013346
0.000135645
0.000136777
0.000130711
0.000246503
0.000206151
0.000174595
0.000150911
0.000150972
0.000150863
0.000150081
0.000148579
0.000149811
0.000152121
0.000150919
0.000148678
0.000149289
0.00015056
0.000153023
0.000157301
0.000158103
0.000184453
0.000206332
0.000241592
0.000330069
0.000316359
0.000288944
0.000254614
0.000222384
0.000179628
0.000164466
0.000167365
0.000169884
0.000173942
0.000171093
0.000166909
0.000164748
0.000162937
0.000200301
0.000226795
0.000251955
0.000281604
0.000311792
0.000328443
0.000354851
0.000347862
0.000333353
0.000313583
0.000285635
0.000263576
0.000240592
0.000210979
0.000196248
0.000199195
0.00019263
0.000190845
0.00020877
0.000232705
0.000252861
0.000280408
0.000309324
0.000330829
0.000345936
0.000354009
0.000368985
0.000369933
0.000364575
0.000355652
0.000346411
0.000337826
0.000329471
0.000321749
0.000315057
0.000307583
0.000300115
0.000304103
0.000309713
0.000320782
0.000330253
0.00034005
0.000351183
0.000361666
0.000368381
0.00036861
0.000379478
0.000389403
0.000395857
0.00040061
0.000404601
0.000407166
0.000407259
0.000404755
0.000399151
0.000390109
0.00038362
0.00039062
0.000396083
0.000399387
0.00040033
0.000399029
0.000396417
0.000393118
0.000388137
0.000379385
0.000389798
0.000408761
0.000426045
0.000440605
0.000452662
0.000461684
0.000466989
0.000467926
0.000463465
0.00045323
0.00044744
0.000456853
0.00046103
0.00046038
0.00045584
0.000447759
0.000436832
0.000423559
0.000407681
0.000389917
0.000401735
0.000430248
0.000456458
0.00047848
0.000496902
0.000511432
0.000521443
0.000525943
0.000523121
0.000511739
0.000505933
0.000517381
0.000519735
0.0005153
0.000506014
0.000492381
0.000475035
0.000454237
0.000429361
0.000402057
0.000417718
0.000456944
0.000491641
0.000519972
0.000543687
0.000563041
0.000577735
0.000586856
0.000588474
0.000579903
0.00057422
0.000583956
0.000581855
0.000572563
0.00055817
0.000539533
0.000516848
0.000489745
0.000456336
0.000418222
0.000103808
0.0001136
0.00012071
0.000125224
0.000128065
0.000127634
0.00012519
0.000121461
0.000118155
0.000115609
0.000114141
0.000114141
0.000115832
0.000117819
0.000120131
0.000121401
0.000120487
0.000115553
0.000111118
0.000100572
0.000130052
0.000253246
0.000307163
0.000344767
0.000358487
0.000363337
0.0003748
0.000373106
0.00037936
0.000387334
0.000380042
0.00036722
0.000362148
0.000357571
0.000356349
0.000355937
0.000335293
0.000308811
0.000278252
0.000134399
0.000206151
0.0002248
0.000276755
0.000397937
0.000408819
0.000381269
0.000409976
0.000416703
0.000436728
0.000457557
0.000442733
0.000416451
0.000404141
0.000385159
0.00040201
0.000430375
0.000360764
0.000265371
0.000236348
0.000203443
0.000316359
0.000391539
0.000369768
0.000351992
0.000347412
0.000372635
0.000442029
0.000405537
0.000405869
0.000435781
0.000415351
0.000381906
0.000396811
0.000379738
0.000353384
0.000354122
0.00034737
0.000361064
0.000384048
0.000313157
0.000347862
0.000443076
0.000451779
0.000420915
0.000376215
0.000347979
0.00033654
0.000326862
0.000349618
0.000402502
0.000379905
0.000321471
0.000317007
0.000327056
0.000343964
0.000374616
0.000414343
0.000449356
0.000443253
0.000346917
0.000369933
0.000468475
0.000486811
0.000475016
0.0004468
0.000405119
0.000369504
0.000340949
0.000327172
0.000323643
0.000316495
0.000317954
0.000334211
0.000362692
0.000395158
0.000436418
0.000471788
0.000486695
0.000469595
0.000369336
0.000389403
0.000497307
0.000529359
0.000541248
0.000545855
0.000533836
0.000493147
0.000451898
0.000417963
0.00039163
0.00037719
0.000391531
0.000421641
0.000469484
0.000516949
0.000540307
0.000540565
0.000530428
0.000498331
0.000389156
0.000408761
0.00052574
0.000570605
0.000604399
0.000640691
0.000668579
0.000679059
0.000669873
0.000638773
0.000589619
0.000574541
0.000618374
0.000654535
0.000668325
0.000664362
0.000640256
0.000605251
0.000571119
0.000526052
0.000408882
0.000430248
0.000545996
0.000602743
0.000648943
0.00069427
0.000732266
0.00075551
0.000759087
0.000733361
0.000668586
0.000651255
0.000713038
0.00074001
0.000740357
0.000726139
0.000692159
0.00064868
0.000602941
0.000546272
0.00043071
0.000456944
0.0005008
0.000540892
0.000575129
0.000604957
0.000630313
0.00065048
0.000663998
0.000668254
0.000660457
0.000654264
0.000662702
0.000658061
0.00064457
0.000624987
0.000600603
0.00057203
0.000539176
0.000500446
0.000457696
0.000104454
0.00012071
0.000129817
0.000136209
0.000138591
0.000138806
0.000137102
0.000134002
0.000131125
0.000128872
0.000127485
0.00012725
0.000128551
0.000129783
0.000130896
0.000131855
0.000131218
0.000125915
0.000116973
0.000100983
0.000130059
0.000307163
0.00037449
0.000415704
0.000427343
0.000438186
0.000455537
0.000465555
0.000487803
0.000505297
0.000495806
0.000471986
0.000454982
0.00044545
0.000438443
0.000431836
0.000409646
0.000367906
0.000314866
0.000133055
0.000174595
0.000276756
0.000396341
0.000495991
0.000483363
0.00046791
0.000494222
0.000504095
0.000535842
0.000561836
0.000543539
0.00051008
0.000492324
0.000478718
0.000481323
0.000509948
0.000480857
0.000365495
0.000272474
0.000173953
0.000288944
0.000369768
0.000383505
0.000402357
0.000428718
0.000485672
0.000532927
0.000483627
0.000493736
0.000519573
0.000497788
0.000466898
0.000479588
0.000486604
0.000452063
0.000431549
0.000403628
0.00037988
0.00036545
0.00028517
0.000333353
0.000451779
0.000476186
0.000453667
0.000424459
0.000411916
0.000418544
0.000430657
0.000467312
0.000477712
0.0004545
0.000428622
0.000406108
0.000401938
0.000408676
0.000425863
0.000449103
0.00047161
0.000451784
0.000332817
0.000364575
0.000486811
0.000521584
0.000512595
0.000474514
0.000434476
0.000403684
0.000380247
0.00037084
0.000377037
0.000370055
0.000365572
0.000379415
0.000402321
0.000432516
0.000471522
0.000512004
0.000523773
0.000489265
0.000363949
0.000395857
0.000529359
0.000577877
0.000588652
0.000572269
0.000532315
0.000487546
0.000449473
0.00041987
0.000399074
0.000390544
0.000407155
0.000438247
0.000479216
0.000524218
0.000564812
0.000591679
0.000582948
0.00053294
0.000395565
0.000426045
0.000570605
0.000644258
0.000692788
0.000726247
0.000725988
0.000706823
0.000686933
0.000656746
0.000609895
0.000593338
0.000634426
0.000669851
0.00069767
0.000722583
0.000733633
0.00070138
0.000651201
0.000574752
0.000426328
0.000456458
0.000602743
0.000730196
0.000853168
0.000966553
0.00105971
0.00112244
0.00114692
0.00113169
0.00106638
0.00103696
0.00110399
0.00111879
0.00110384
0.00106579
0.000978093
0.000865894
0.000739612
0.000607837
0.000457288
0.000491641
0.000540892
0.000585315
0.000623951
0.00065828
0.000688215
0.000712803
0.000730075
0.000736763
0.000729219
0.000722647
0.000730467
0.000723536
0.000706559
0.000682889
0.000654105
0.000621147
0.000583896
0.000540774
0.000492597
0.00010437
0.000125224
0.000136209
0.000141729
0.000144322
0.000145682
0.000144931
0.000143252
0.00014171
0.000140547
0.000139449
0.000138329
0.000138304
0.00013819
0.000137469
0.000137295
0.000135749
0.000131541
0.000121808
0.000100718
0.000130476
0.000344767
0.000415704
0.000444132
0.000459092
0.00048059
0.000497399
0.000518103
0.000553009
0.00057744
0.000568138
0.000537241
0.000511581
0.000498358
0.000486142
0.000472984
0.00045624
0.00042079
0.000352067
0.000131917
0.000150911
0.000397938
0.000495991
0.000522454
0.000504058
0.000524385
0.000540266
0.000557772
0.000602588
0.000631509
0.00061243
0.00057418
0.000550904
0.000541647
0.000527293
0.000535917
0.000544523
0.000506255
0.000412294
0.000154177
0.000254614
0.000351993
0.000402357
0.000448149
0.000498725
0.000565327
0.000569216
0.000533613
0.000558868
0.000585003
0.000562705
0.000530022
0.000532916
0.000554285
0.00052933
0.000494566
0.000456481
0.00041268
0.000360283
0.000253911
0.000313583
0.000420915
0.000453667
0.000454611
0.000451565
0.00046086
0.000486628
0.000513181
0.000539133
0.000546415
0.000523493
0.000500784
0.000480249
0.000465253
0.00045705
0.000456421
0.000457595
0.000452997
0.000420113
0.000312168
0.000355652
0.000475016
0.000512595
0.000507343
0.000480923
0.000455233
0.000438621
0.000429812
0.000443952
0.000481931
0.000470205
0.00043557
0.00043148
0.000441699
0.000460044
0.00048522
0.000509511
0.000516408
0.000477967
0.000355006
0.00040061
0.000541248
0.000588652
0.000593812
0.000573658
0.000541675
0.000509519
0.000484921
0.000470903
0.000469346
0.00046979
0.000473881
0.000490664
0.000516276
0.000547598
0.000578408
0.000599531
0.000596544
0.000546673
0.000400498
0.000440605
0.000604399
0.000692788
0.000748894
0.000778349
0.000778688
0.00076452
0.000750758
0.00072737
0.000687549
0.00067611
0.000713959
0.000745934
0.000769854
0.000790995
0.000797479
0.000769905
0.000707999
0.000613572
0.000441336
0.00047848
0.000648943
0.000853168
0.00108581
0.00128227
0.00138749
0.00142441
0.00143592
0.00138229
0.00125754
0.0012363
0.00134257
0.00140009
0.00140554
0.0013862
0.00130772
0.00111859
0.00087591
0.000659544
0.000479893
0.000519972
0.000575129
0.000623951
0.000666926
0.000705709
0.000740296
0.000769781
0.000791533
0.000801388
0.000795564
0.000789409
0.00079495
0.000785132
0.000763963
0.000735455
0.000702043
0.000664738
0.000623072
0.000575404
0.000521261
0.000104378
0.000128065
0.000138591
0.000144322
0.000148223
0.000150332
0.000150832
0.000151001
0.000151504
0.000152201
0.000151415
0.000148531
0.000146386
0.000144526
0.000142246
0.000139925
0.000137535
0.000132623
0.000122698
0.000100082
0.000126228
0.000358488
0.000427344
0.000459092
0.00048726
0.00050925
0.000526537
0.000557511
0.000602804
0.000633459
0.0006259
0.000589444
0.000555324
0.00053518
0.000521122
0.000500761
0.000478357
0.000444617
0.000372763
0.000127874
0.000150972
0.000408819
0.000483363
0.000504058
0.000533473
0.000561247
0.000570969
0.000603435
0.000658828
0.000687568
0.000670814
0.000631077
0.000599018
0.000585573
0.000569939
0.00054444
0.000531572
0.000498818
0.000416354
0.000153211
0.000222384
0.000347413
0.000428718
0.000498725
0.000565454
0.000601522
0.0005802
0.000574883
0.000614602
0.000640817
0.00061993
0.000583427
0.000571167
0.000589574
0.000590262
0.000548901
0.000497354
0.000437066
0.000358873
0.000225505
0.000285635
0.000376215
0.000424459
0.000451565
0.000474909
0.000507691
0.000542113
0.000568463
0.000595667
0.000617553
0.000593579
0.000556372
0.000537413
0.000519205
0.000498016
0.000478956
0.000458842
0.000430636
0.00038013
0.000284286
0.000346411
0.0004468
0.000474514
0.000480923
0.000474924
0.000468945
0.000469082
0.000480878
0.000522971
0.000585827
0.000569355
0.000507057
0.000479339
0.000474419
0.000477781
0.000484951
0.000489022
0.000479753
0.000448271
0.000346187
0.000404601
0.000545855
0.000572269
0.000573658
0.00056533
0.000549264
0.000533461
0.000526213
0.000536461
0.000576396
0.000589573
0.000556955
0.000546517
0.000553625
0.000568252
0.000581748
0.00058628
0.000579532
0.000551905
0.000405032
0.000452662
0.000640691
0.000726247
0.000778349
0.000811579
0.0008158
0.000810935
0.000806457
0.000791151
0.000765563
0.000765381
0.000793296
0.000816292
0.000830907
0.000842654
0.000841876
0.000807815
0.00074859
0.000653589
0.000454101
0.000496902
0.00069427
0.000966553
0.00128227
0.00147128
0.00157114
0.00164258
0.00166682
0.00159597
0.00143352
0.00142257
0.00157153
0.00164298
0.00163255
0.00157671
0.0014912
0.00132225
0.00100006
0.000709899
0.000499097
0.000543687
0.000604957
0.00065828
0.000705709
0.000750047
0.000791019
0.000826544
0.000853766
0.000868602
0.000867774
0.000861798
0.000862915
0.000848364
0.000821775
0.000787214
0.000747476
0.00070436
0.00065815
0.000605827
0.000545483
0.000102966
0.000127634
0.000138806
0.000145682
0.000150332
0.000153371
0.000155601
0.000157977
0.000161055
0.000164379
0.00016388
0.000158279
0.000153371
0.000149354
0.000145666
0.000141795
0.000137554
0.000132071
0.000122111
9.8695e-05
0.000123814
0.000363338
0.000438186
0.00048059
0.00050925
0.000528639
0.000552
0.000591191
0.000639512
0.000666317
0.000663036
0.000631157
0.000590997
0.000561404
0.000542074
0.000521235
0.000492634
0.000453645
0.000378861
0.000123353
0.000150863
0.000381269
0.000467911
0.000524385
0.000561247
0.000576398
0.000596313
0.000639461
0.000686404
0.000687442
0.000681215
0.000665315
0.00063434
0.000611811
0.000596666
0.000569633
0.000525553
0.000474071
0.000391231
0.000151262
0.000179627
0.000372635
0.000485673
0.000565327
0.000601522
0.000598086
0.000586421
0.000607695
0.000646421
0.000639608
0.000629119
0.000616665
0.000597606
0.000598512
0.000611178
0.000598033
0.000545959
0.000469349
0.000364793
0.000186994
0.000263576
0.000347979
0.000411916
0.00046086
0.000507691
0.0005507
0.000582829
0.00060458
0.000631391
0.000634908
0.000617345
0.000595195
0.000576929
0.000561493
0.000537888
0.000504247
0.000465027
0.000417035
0.000351811
0.000262705
0.000337826
0.000405119
0.000434476
0.000455233
0.000468945
0.000481291
0.00049792
0.000529671
0.000588048
0.000647455
0.000631785
0.00056667
0.00052259
0.000502182
0.000491219
0.00048105
0.00046654
0.000442878
0.000409486
0.000339081
0.000407166
0.000533836
0.000532315
0.000541675
0.000549264
0.000550352
0.000550317
0.000560106
0.000597112
0.000678974
0.000700955
0.000629582
0.000590543
0.000579989
0.000578835
0.000574692
0.000561814
0.000545806
0.000541636
0.000408562
0.000461684
0.000668579
0.000725988
0.000778688
0.0008158
0.000832156
0.000842716
0.000846857
0.000832253
0.000815962
0.000827429
0.000849196
0.000869003
0.000874175
0.000871133
0.000857154
0.000815964
0.000752497
0.000683557
0.000464058
0.000511432
0.000732266
0.00105971
0.00138749
0.00157114
0.00171386
0.00181516
0.00183229
0.00169492
0.00142813
0.00143493
0.00169424
0.0018198
0.00180875
0.00172391
0.0015983
0.00142421
0.00109849
0.000751353
0.000514566
0.000563041
0.000630313
0.000688215
0.000740296
0.000791019
0.000838363
0.000880212
0.000913539
0.000934482
0.000940848
0.000934418
0.000929472
0.000909189
0.00087656
0.000835732
0.000789637
0.000740112
0.000689073
0.000632019
0.000565559
0.000101762
0.00012519
0.000137102
0.000144931
0.000150832
0.000155601
0.000160011
0.000165105
0.00017154
0.000179705
0.000179562
0.000168753
0.000160102
0.000153395
0.000147974
0.000142947
0.000137579
0.000130688
0.000119596
9.66124e-05
0.000123891
0.000374801
0.000455538
0.0004974
0.000526537
0.000552
0.000582785
0.000624523
0.000662551
0.000670119
0.000673889
0.000661563
0.000625159
0.000587361
0.000558732
0.000533465
0.000504863
0.000463535
0.00038424
0.000121643
0.000150081
0.000409976
0.000494223
0.000540266
0.00057097
0.000596313
0.000627418
0.000662568
0.000665036
0.000588643
0.000594996
0.000659738
0.000659996
0.000636506
0.000612344
0.000586306
0.000548618
0.000495992
0.000410873
0.000150751
0.000164466
0.00044203
0.000532928
0.000569216
0.0005802
0.000586421
0.000602818
0.000627157
0.000615987
0.000511578
0.000512278
0.000603239
0.000617374
0.000605749
0.000598335
0.000594268
0.000577095
0.000532697
0.00044117
0.000165299
0.000240592
0.00033654
0.000418544
0.000486628
0.000542113
0.000582829
0.000607448
0.000624843
0.000615622
0.000518041
0.000510638
0.00059387
0.00060322
0.000591229
0.000570513
0.000534908
0.000484669
0.000419875
0.00034014
0.000244866
0.000329471
0.000369504
0.000403684
0.000438621
0.000469082
0.00049792
0.000531341
0.000574026
0.000613975
0.000574144
0.000565992
0.000593981
0.000562154
0.000531252
0.000505849
0.000480587
0.000450073
0.000413254
0.00037646
0.000331846
0.000407259
0.000493147
0.000487546
0.000509519
0.000533461
0.000550317
0.000564596
0.000590869
0.000646504
0.00069234
0.000714696
0.000681237
0.000625511
0.000598832
0.000583486
0.000563435
0.000533894
0.000505556
0.000504799
0.000409838
0.000466989
0.000679059
0.000706823
0.00076452
0.000810935
0.000842716
0.000864157
0.000865004
0.000841125
0.000825336
0.000840233
0.000867606
0.000895742
0.000901488
0.000886926
0.000857246
0.000805586
0.000736505
0.000695317
0.000470458
0.000521443
0.00075551
0.00112244
0.00142441
0.00164258
0.00181516
0.00191602
0.00187371
0.00160508
0.00125632
0.00125879
0.00163505
0.00189184
0.0019234
0.00183024
0.00167166
0.00146358
0.00116009
0.000776122
0.000525632
0.000577735
0.00065048
0.000712803
0.000769781
0.000826544
0.000880212
0.000928688
0.000969416
0.00100052
0.00102348
0.00101491
0.000995479
0.000966279
0.000926575
0.00087913
0.00082663
0.000770984
0.000714897
0.000653299
0.000581218
0.000100197
0.000121461
0.000134002
0.000143252
0.000151001
0.000157977
0.000165105
0.000174014
0.000184922
0.000198096
0.000197345
0.000181672
0.000168197
0.000157722
0.000149967
0.000143173
0.000136218
0.00012788
0.000116024
9.47202e-05
0.000122625
0.000373106
0.000465556
0.000518104
0.000557512
0.000591191
0.000624523
0.000656079
0.000646818
0.000513559
0.000508317
0.000648082
0.000656021
0.000621189
0.000586253
0.000552079
0.000513697
0.000463767
0.000375761
0.000119829
0.000148579
0.000416704
0.000504096
0.000557772
0.000603435
0.000639461
0.000662568
0.000652254
0.000542702
0.000374577
0.000354582
0.000536923
0.000652021
0.000663021
0.000641365
0.000606274
0.000558222
0.00050265
0.000414585
0.000149394
0.000167365
0.000405537
0.000483627
0.000533613
0.000574883
0.000607694
0.000627157
0.000602976
0.000469885
0.000422824
0.000383109
0.000454106
0.000599204
0.000623781
0.000606431
0.00057714
0.000535483
0.000484142
0.000401415
0.000170109
0.000210979
0.000326862
0.000430657
0.000513181
0.000568463
0.000604579
0.000624843
0.000603878
0.000470565
0.000538415
0.000475854
0.000445517
0.000592933
0.000612569
0.000593636
0.000559326
0.000506186
0.000428711
0.00033008
0.000218819
0.000321749
0.000340949
0.000380247
0.000429812
0.000480878
0.000529671
0.000574025
0.000593034
0.000497239
0.000636716
0.000562024
0.000471771
0.000582137
0.000568994
0.000531744
0.000488099
0.000439502
0.000389223
0.000348325
0.000324965
0.000404755
0.000451899
0.000449473
0.000484921
0.000526214
0.000560106
0.000590869
0.000628917
0.000613055
0.000738019
0.000707828
0.000634204
0.000661425
0.000625202
0.000593734
0.000556429
0.000509414
0.000468102
0.000466046
0.000408658
0.000467926
0.000669873
0.000686933
0.000750758
0.000806457
0.000846857
0.000865004
0.000853264
0.000823796
0.000864718
0.00084714
0.000845903
0.000888956
0.000906106
0.000892346
0.000852381
0.000790582
0.000715568
0.000686474
0.000472612
0.000525943
0.000759087
0.00114692
0.00143592
0.00166682
0.00183229
0.00187371
0.00169345
0.00137875
0.001329
0.00130304
0.00139595
0.00173856
0.00190809
0.00186113
0.00170046
0.00147526
0.00118439
0.000780368
0.000531311
0.000586856
0.000663998
0.000730075
0.000791533
0.000853766
0.000913539
0.000969416
0.00102129
0.00107434
0.00113317
0.001121
0.00106743
0.0010185
0.000968812
0.000914252
0.000855629
0.000794413
0.000733714
0.000668197
0.000591522
9.87033e-05
0.000118155
0.000131125
0.00014171
0.000151504
0.000161055
0.00017154
0.000184922
0.000196982
0.000210624
0.000207654
0.00019198
0.000177812
0.000163144
0.000152571
0.000143727
0.000135113
0.000125642
0.000113363
9.33296e-05
0.000122608
0.000379361
0.000487804
0.00055301
0.000602804
0.000639512
0.000662551
0.000646818
0.000498569
0.000546496
0.000536738
0.000474976
0.000634031
0.000647152
0.000621657
0.000584465
0.000536518
0.000475221
0.000376049
0.000119836
0.000149811
0.000436729
0.000535844
0.000602589
0.000658829
0.000686404
0.000665037
0.000542702
0.000378841
0.000758764
0.000743146
0.000359323
0.000525602
0.000652643
0.000673324
0.000645827
0.000588456
0.000522899
0.000427349
0.000150226
0.000169885
0.00040587
0.000493737
0.000558869
0.000614602
0.000646421
0.000615987
0.000469884
0.000455876
0.00111913
0.0010885
0.000437642
0.000454501
0.000606526
0.00063507
0.000604011
0.000547222
0.000481536
0.000393824
0.000172251
0.000196248
0.000349619
0.000467312
0.000539132
0.000595666
0.00063139
0.000615622
0.000470564
0.000624707
0.00152009
0.00147184
0.000594126
0.000453606
0.000603715
0.000616827
0.000581086
0.000526087
0.000454007
0.000342389
0.000204468
0.000315057
0.000327172
0.00037084
0.000443952
0.00052297
0.000588047
0.000613974
0.000497238
0.000755694
0.00183575
0.00176497
0.000708976
0.000481934
0.000605361
0.000581622
0.0005208
0.000446922
0.000376065
0.000332512
0.000319285
0.000399151
0.000417963
0.00041987
0.000470903
0.000536461
0.000597112
0.000646504
0.000613055
0.000860747
0.00199586
0.00192277
0.000829792
0.000632439
0.000675546
0.000627197
0.000563487
0.000492197
0.000436334
0.000432926
0.000404461
0.000463465
0.000638773
0.000656746
0.00072737
0.000791151
0.000832254
0.000841125
0.000823796
0.00097358
0.00198312
0.00190768
0.000956193
0.000854346
0.000884471
0.000878995
0.000836265
0.000765582
0.000684603
0.000655229
0.00046943
0.000523121
0.000733361
0.00113169
0.00138229
0.00159597
0.00169492
0.00160508
0.00137875
0.00142408
0.00190749
0.001848
0.00140583
0.00140149
0.00165827
0.00174227
0.00164092
0.00142757
0.00117346
0.000755714
0.000529757
0.000588474
0.000668254
0.000736763
0.000801388
0.000868602
0.000934482
0.00100052
0.00107434
0.001166
0.00126747
0.0012507
0.0011573
0.00107061
0.00100064
0.000936797
0.000872389
0.000806254
0.000742271
0.000674085
0.000594522
9.73413e-05
0.000115609
0.000128872
0.000140548
0.000152201
0.000164379
0.000179705
0.000198096
0.000210624
0.000214505
0.000207645
0.000201091
0.000189293
0.000170406
0.000155665
0.000144822
0.000134745
0.000124414
0.000111947
9.25837e-05
0.000123297
0.000387336
0.000505298
0.000577441
0.00063346
0.000666318
0.000670119
0.00051356
0.000546496
0.000342243
0.000323749
0.000506892
0.000465855
0.000636838
0.000638365
0.000609129
0.000558089
0.000492118
0.000384786
0.000121417
0.000152121
0.000457559
0.000561837
0.000631511
0.000687569
0.000687443
0.000588643
0.000374578
0.000758764
0.000520659
0.000495728
0.000750135
0.000351388
0.00055273
0.000663016
0.000667401
0.000614572
0.000548111
0.000448423
0.000153093
0.000173942
0.000435782
0.000519575
0.000585005
0.000640818
0.000639609
0.000511579
0.000422825
0.00111913
0.000733037
0.00070135
0.00114039
0.000426401
0.000487329
0.000622687
0.000625604
0.000570998
0.000506635
0.000423498
0.000176643
0.000199195
0.000402503
0.000477713
0.000546416
0.000617554
0.000634909
0.000518041
0.000538416
0.00152009
0.000982684
0.000941778
0.00155665
0.000551414
0.000498484
0.000616596
0.000599326
0.000530781
0.000463117
0.00038484
0.000206957
0.000307583
0.000323643
0.000377037
0.000481931
0.000585827
0.000647455
0.000574144
0.000636716
0.00183575
0.00125582
0.00120367
0.00186676
0.000643487
0.000561936
0.000635749
0.000574676
0.000476527
0.000378972
0.000326727
0.000312467
0.000390109
0.00039163
0.000399074
0.000469346
0.000576396
0.000678974
0.00069234
0.000738018
0.00199586
0.00151777
0.0014551
0.00201452
0.000747549
0.000708204
0.000699626
0.000594777
0.000484013
0.000411785
0.000405565
0.000396023
0.00045323
0.000589619
0.000609895
0.00068755
0.000765563
0.000815963
0.000825336
0.000864717
0.00198312
0.00171104
0.00163969
0.00199083
0.000881955
0.000862864
0.000860698
0.000808796
0.000724136
0.000637375
0.00060078
0.000459826
0.000511739
0.000668586
0.00106638
0.00125754
0.00143352
0.00142813
0.00125632
0.001329
0.00190749
0.00183075
0.00175556
0.00190052
0.00133347
0.00128033
0.00147476
0.00148704
0.00131106
0.00111875
0.000687896
0.000519112
0.000579904
0.000660457
0.00072922
0.000795564
0.000867774
0.000940848
0.00102348
0.00113317
0.00126747
0.00132373
0.00130201
0.00126093
0.00113085
0.00102407
0.0009443
0.000873369
0.000802489
0.000736744
0.000667949
0.000587318
9.63702e-05
0.000114141
0.000127485
0.000139449
0.000151415
0.00016388
0.000179562
0.000197345
0.000207654
0.000207645
0.000197306
0.000194422
0.000185521
0.000168078
0.000153854
0.000143281
0.000133381
0.000123239
0.000110948
9.19966e-05
0.000122644
0.000380044
0.000495808
0.00056814
0.000625902
0.000663038
0.00067389
0.000508317
0.000536739
0.000323749
0.000297836
0.000481713
0.000451328
0.000631246
0.000629966
0.000599161
0.000548691
0.000485274
0.000381368
0.000121557
0.000150919
0.000442735
0.000543541
0.000612432
0.000670817
0.000681217
0.000594997
0.000354583
0.000743149
0.000495728
0.000465446
0.000724576
0.000333513
0.000555805
0.000655899
0.000651962
0.000598085
0.000533372
0.000437356
0.00015213
0.000171093
0.000415353
0.00049779
0.000562707
0.000619933
0.000629121
0.000512279
0.00038311
0.0010885
0.00070135
0.000669636
0.00110073
0.000390425
0.000488604
0.000615266
0.000609445
0.000553037
0.00048904
0.000406711
0.000173963
0.00019263
0.000379907
0.000454501
0.000523495
0.000593581
0.000617347
0.000510639
0.000475857
0.00147185
0.000941777
0.000908576
0.00150016
0.00049616
0.000492016
0.000602909
0.000580051
0.000511674
0.000443777
0.000366266
0.000202384
0.000300115
0.000316495
0.000370056
0.000470207
0.000569357
0.000631788
0.000565993
0.000562028
0.00176498
0.00120367
0.00116824
0.00179961
0.000589176
0.00055873
0.000627989
0.000565406
0.000468181
0.000372681
0.000319023
0.00030611
0.00038362
0.00037719
0.000390544
0.000469791
0.000589574
0.000700956
0.000714697
0.000707832
0.00192278
0.0014551
0.00141657
0.00195817
0.000742122
0.00073071
0.000723007
0.000607425
0.000482662
0.000401946
0.000390281
0.000390418
0.000447441
0.000574541
0.000593339
0.00067611
0.000765382
0.000827429
0.000840233
0.000847142
0.00190769
0.00163969
0.001596
0.00194154
0.00088123
0.000877484
0.000871868
0.000808645
0.000712523
0.000620146
0.000586243
0.000454596
0.000505933
0.000651256
0.00103696
0.0012363
0.00142257
0.00143493
0.0012588
0.00130304
0.00184801
0.00175556
0.00170636
0.00185705
0.00131756
0.0012704
0.00146577
0.00147209
0.00128868
0.00109177
0.00066817
0.00051378
0.00057422
0.000654264
0.000722648
0.000789409
0.000861799
0.000934419
0.00101491
0.001121
0.0012507
0.00130201
0.00129243
0.00125005
0.00112329
0.0010183
0.0009392
0.000868331
0.000797122
0.000731046
0.000662523
0.000582332
9.59376e-05
0.000114142
0.00012725
0.00013833
0.000148531
0.000158279
0.000168753
0.000181672
0.00019198
0.000201091
0.000194422
0.000182818
0.000170602
0.000157638
0.000148161
0.000140002
0.00013183
0.000122752
0.000110929
9.18323e-05
0.000121402
0.000367221
0.000471988
0.000537243
0.000589447
0.000631159
0.000661565
0.000648084
0.000474976
0.000506893
0.000481713
0.00043132
0.000606633
0.000628022
0.000603702
0.000567293
0.000521117
0.000463964
0.000370275
0.000120088
0.000148679
0.000416453
0.000510083
0.000574182
0.000631079
0.000665318
0.00065974
0.000536924
0.000359324
0.000750136
0.000724577
0.000340988
0.000506867
0.000636545
0.000648301
0.000617241
0.00056176
0.000500163
0.000412069
0.000150227
0.000166909
0.000381907
0.0004669
0.000530024
0.000583429
0.000616667
0.00060324
0.000454107
0.000437644
0.0011404
0.00110073
0.000426105
0.000437077
0.000591045
0.000608632
0.000576553
0.000522122
0.000458744
0.000375115
0.000170765
0.000190845
0.000321472
0.000428624
0.000500786
0.000556375
0.000595197
0.000593872
0.000445518
0.00059413
0.00155666
0.00150016
0.000574304
0.000430809
0.000580279
0.000584914
0.000547585
0.00049392
0.0004251
0.000326692
0.000201495
0.000304103
0.000317954
0.000365573
0.000435572
0.000507058
0.000566672
0.000593983
0.000471771
0.00070898
0.00186677
0.00179961
0.00069451
0.000468509
0.000593435
0.000570893
0.000512905
0.000441521
0.000370374
0.000323338
0.000310738
0.00039062
0.00039153
0.000407155
0.000473882
0.000556956
0.000629583
0.000681238
0.000634205
0.000829796
0.00201452
0.00195817
0.000836004
0.000660528
0.000713909
0.000660536
0.000583243
0.000495184
0.000423399
0.000408178
0.000397461
0.000456854
0.000618374
0.000634427
0.000713959
0.000793296
0.000849196
0.000867606
0.000845903
0.000956196
0.00199083
0.00194154
0.000967703
0.000881067
0.000915491
0.000903083
0.000845614
0.000758253
0.000665963
0.000631371
0.000463743
0.000517381
0.000713039
0.00110399
0.00134257
0.00157153
0.00169424
0.00163505
0.00139595
0.00140583
0.00190052
0.00185705
0.00140285
0.00139305
0.0016467
0.00173408
0.00162573
0.0014013
0.0011564
0.000733818
0.000524816
0.000583956
0.000662702
0.000730467
0.000794951
0.000862916
0.000929472
0.00099548
0.00106743
0.0011573
0.00126093
0.00125005
0.00115385
0.00106682
0.000996644
0.000932791
0.000868205
0.000801683
0.000737784
0.000670027
0.000591186
9.64893e-05
0.000115833
0.000128551
0.000138305
0.000146387
0.000153371
0.000160103
0.000168198
0.000177812
0.000189293
0.000185521
0.000170602
0.000158793
0.0001501
0.00014366
0.00013773
0.00013143
0.000123806
0.000112685
9.24179e-05
0.000121641
0.000362149
0.000454984
0.000511583
0.000555326
0.000590999
0.000625161
0.000656023
0.000634032
0.000465855
0.000451328
0.000606633
0.000627021
0.000599312
0.000568828
0.000537597
0.000500071
0.000450962
0.000367657
0.000119745
0.000149289
0.000404142
0.000492326
0.000550906
0.00059902
0.000634342
0.000659998
0.000652023
0.000525602
0.000351388
0.000333514
0.000506867
0.000632399
0.000645204
0.000622667
0.00058799
0.000539354
0.00048313
0.000400443
0.000151012
0.000164748
0.000396812
0.000479589
0.000532917
0.000571168
0.000597608
0.000617376
0.000599205
0.000454501
0.000426402
0.000390426
0.000437078
0.000585642
0.000607553
0.000588775
0.000559939
0.000519366
0.000465098
0.000383732
0.000170215
0.00020877
0.000317007
0.00040611
0.000480251
0.000537415
0.000576931
0.000603222
0.000592934
0.000453606
0.000551416
0.000496161
0.000430809
0.000574447
0.000587953
0.000565516
0.000530562
0.000480548
0.00041062
0.000322714
0.000218553
0.000309713
0.000334211
0.000379415
0.000431481
0.00047934
0.000522591
0.000562156
0.000582138
0.000481934
0.000643491
0.000589178
0.000468509
0.000575932
0.000564009
0.000529203
0.000487614
0.000439678
0.000387984
0.000343329
0.000317642
0.000396083
0.00042164
0.000438246
0.000490663
0.000546517
0.000590543
0.000625511
0.000661425
0.000632438
0.000747551
0.000742124
0.000660529
0.000699019
0.000663586
0.000625234
0.00057698
0.000515861
0.000459531
0.0004436
0.000402832
0.00046103
0.000654535
0.000669851
0.000745934
0.000816291
0.000869002
0.000895741
0.000888956
0.000854345
0.000881955
0.000881232
0.000881067
0.000932029
0.000949413
0.000928108
0.000873508
0.000793929
0.000703536
0.000667385
0.000467954
0.000519736
0.000740011
0.00111879
0.00140009
0.00164298
0.0018198
0.00189184
0.00173856
0.00140149
0.00133348
0.00131757
0.00139305
0.00173919
0.00191857
0.00186826
0.00169991
0.00146105
0.00117206
0.000764507
0.000527321
0.000581856
0.000658062
0.000723536
0.000785133
0.000848365
0.00090919
0.00096628
0.00101851
0.00107061
0.00113085
0.00112329
0.00106682
0.00101681
0.000966806
0.000911989
0.000853031
0.000791262
0.000730356
0.000665061
0.000588928
9.76191e-05
0.000117819
0.000129784
0.000138191
0.000144526
0.000149354
0.000153396
0.000157723
0.000163144
0.000170406
0.000168078
0.000157638
0.0001501
0.000144801
0.000140586
0.000136221
0.00013119
0.000125076
0.000114865
9.38058e-05
0.000122742
0.000357573
0.000445452
0.00049836
0.000535182
0.000561406
0.000587363
0.000621191
0.000647152
0.000636838
0.000631246
0.000628022
0.000599312
0.000566392
0.000541077
0.000517835
0.000488318
0.000443985
0.000364048
0.000121019
0.00015056
0.000385161
0.00047872
0.000541649
0.000585575
0.000611813
0.000636508
0.000663022
0.000652644
0.00055273
0.000555805
0.000636545
0.000645205
0.000625397
0.000601778
0.000572007
0.000526744
0.000467723
0.000381314
0.000151841
0.000162937
0.000379741
0.000486607
0.000554287
0.000589576
0.000598513
0.00060575
0.000623782
0.000606527
0.000487328
0.000488604
0.000591045
0.000607553
0.000595251
0.000584295
0.00056901
0.000534504
0.000474475
0.000379002
0.000166252
0.000232705
0.000327057
0.000401939
0.000465254
0.000519206
0.000561494
0.000591231
0.00061257
0.000603716
0.000498484
0.000492016
0.000580279
0.000587953
0.000572289
0.000549747
0.000514782
0.00046627
0.000405292
0.000331609
0.000244132
0.000320782
0.000362692
0.00040232
0.000441699
0.000474419
0.000502183
0.000531253
0.000568995
0.000605362
0.000561936
0.000558731
0.000593435
0.000564009
0.000534033
0.000508879
0.000483008
0.000451514
0.000412675
0.000372854
0.000327026
0.000399387
0.000469483
0.000479215
0.000516275
0.000553624
0.000579989
0.000598832
0.000625202
0.000675546
0.000708204
0.000730711
0.000713909
0.000663586
0.000632893
0.000611431
0.000582595
0.000541955
0.000501418
0.00048925
0.000405835
0.00046038
0.000668325
0.000697669
0.000769853
0.000830906
0.000874174
0.000901486
0.000906105
0.00088447
0.000862863
0.000877485
0.000915491
0.000949414
0.000954469
0.000931691
0.000886967
0.000817789
0.000732094
0.00068327
0.000467291
0.0005153
0.000740357
0.00110384
0.00140554
0.00163255
0.00180875
0.0019234
0.00190809
0.00165827
0.00128032
0.0012704
0.00164669
0.00191857
0.00195483
0.00185701
0.00168967
0.00146565
0.00115744
0.000767136
0.000522998
0.000572564
0.00064457
0.000706559
0.000763963
0.000821775
0.000876561
0.000926576
0.000968813
0.00100064
0.00102407
0.0010183
0.000996644
0.000966806
0.000926781
0.000878962
0.000826032
0.000769674
0.000713082
0.000651434
0.00057962
9.94911e-05
0.000120131
0.000130896
0.000137469
0.000142246
0.000145666
0.000147974
0.000149967
0.000152571
0.000155665
0.000153854
0.000148161
0.00014366
0.000140586
0.000138122
0.000135064
0.000131295
0.000126726
0.000117581
9.6082e-05
0.000125197
0.000356351
0.000438445
0.000486144
0.000521124
0.000542076
0.000558733
0.000586254
0.000621658
0.000638365
0.000629967
0.000603703
0.000568828
0.000541077
0.00052192
0.000502585
0.00047738
0.000439585
0.00036533
0.000125005
0.000153023
0.000402011
0.000481324
0.000527295
0.000569941
0.000596668
0.000612346
0.000641367
0.000673325
0.000663017
0.0006559
0.000648301
0.000622667
0.000601778
0.000583987
0.000550863
0.000507971
0.000463128
0.000391389
0.000154391
0.0002003
0.000353384
0.000452064
0.000529332
0.000590264
0.00061118
0.000598336
0.000606433
0.000635072
0.000622688
0.000615267
0.000608632
0.000588776
0.000584295
0.000588116
0.000568519
0.000518457
0.000449386
0.000355634
0.000202333
0.00025286
0.000343963
0.000408676
0.000457051
0.000498017
0.000537889
0.000570514
0.000593638
0.000616828
0.000616596
0.000602909
0.000584914
0.000565516
0.000549747
0.000527136
0.000495891
0.000458913
0.000412984
0.000349239
0.000260619
0.000330253
0.000395157
0.000432515
0.000460044
0.000477781
0.000491219
0.00050585
0.000531745
0.000581623
0.00063575
0.00062799
0.000570893
0.000529203
0.000508879
0.000497239
0.000486145
0.000469502
0.000442496
0.000405212
0.000336307
0.00040033
0.000516948
0.000524218
0.000547597
0.000568251
0.000578834
0.000583486
0.000593733
0.000627197
0.000699626
0.000723008
0.000660536
0.000625234
0.000611431
0.000604804
0.000592682
0.00057004
0.000543956
0.000532899
0.00040638
0.00045584
0.000664363
0.000722582
0.000790994
0.000842653
0.000871131
0.000886924
0.000892344
0.000878994
0.000860697
0.000871869
0.000903084
0.000928109
0.000931692
0.000919825
0.000890555
0.000832737
0.00075307
0.000677567
0.000462493
0.000506014
0.000726139
0.00106579
0.0013862
0.00157671
0.00172391
0.00183024
0.00186113
0.00174227
0.00147476
0.00146577
0.00173408
0.00186827
0.00185701
0.00176735
0.00163073
0.00144034
0.00110844
0.00074865
0.000513486
0.000558171
0.000624988
0.000682889
0.000735456
0.000787215
0.000835733
0.000879131
0.000914252
0.000936798
0.0009443
0.000939201
0.000932791
0.00091199
0.000878962
0.000837722
0.000791127
0.0007408
0.000689105
0.000631734
0.00056523
0.000100815
0.000121401
0.000131855
0.000137295
0.000139925
0.000141795
0.000142947
0.000143173
0.000143727
0.000144822
0.000143281
0.000140002
0.00013773
0.000136221
0.000135063
0.000133598
0.000131858
0.000128332
0.000119176
9.79612e-05
0.000130971
0.000355938
0.000431837
0.000472986
0.000500763
0.000521237
0.000533466
0.00055208
0.000584466
0.000609129
0.000599161
0.000567293
0.000537597
0.000517835
0.000502585
0.000484036
0.000464284
0.00043056
0.000361753
0.000130304
0.000157301
0.000430375
0.000509949
0.000535918
0.000544442
0.000569634
0.000586308
0.000606276
0.000645829
0.000667402
0.000651963
0.000617242
0.00058799
0.000572007
0.000550863
0.000523159
0.000514123
0.000493208
0.000423876
0.000158491
0.000226794
0.000354123
0.00043155
0.000494567
0.000548902
0.000598035
0.000594268
0.000577141
0.000604012
0.000625605
0.000609446
0.000576553
0.000559939
0.00056901
0.000568519
0.000535698
0.000493028
0.000438313
0.000364097
0.000231942
0.000280407
0.000374616
0.000425863
0.000456421
0.000478956
0.000504248
0.000534909
0.000559327
0.000581087
0.000599327
0.000580052
0.000547585
0.000530562
0.000514782
0.000495891
0.000478937
0.000460789
0.000432485
0.000381101
0.00028566
0.00034005
0.000436417
0.000471521
0.00048522
0.000484951
0.00048105
0.000480587
0.0004881
0.000520801
0.000574677
0.000565407
0.000512906
0.000487615
0.000483008
0.000486145
0.000491762
0.000492808
0.000479585
0.000444822
0.000345221
0.000399029
0.000540307
0.000564811
0.000578406
0.000581747
0.000574691
0.000563435
0.000556429
0.000563487
0.000594777
0.000607426
0.000583243
0.00057698
0.000582595
0.000592682
0.000598815
0.000594514
0.000579079
0.000548274
0.000404572
0.000447759
0.000640256
0.000733632
0.000797478
0.000841875
0.000857152
0.000857244
0.00085238
0.000836264
0.000808795
0.000808646
0.000845615
0.000873509
0.000886968
0.000890556
0.000874913
0.00082567
0.000753553
0.000651999
0.000454109
0.000492381
0.000692159
0.000978093
0.00130772
0.0014912
0.0015983
0.00167166
0.00170046
0.00164092
0.00148704
0.00147209
0.00162574
0.00169991
0.00168967
0.00163073
0.00153252
0.00134863
0.00101367
0.000710878
0.000499565
0.000539533
0.000600603
0.000654105
0.000702044
0.000747476
0.000789638
0.00082663
0.00085563
0.00087239
0.000873369
0.000868331
0.000868206
0.000853032
0.000826033
0.000791128
0.000750876
0.000706909
0.000660035
0.000607249
0.000546575
0.000101051
0.000120487
0.000131218
0.000135749
0.000137535
0.000137554
0.000137579
0.000136218
0.000135113
0.000134745
0.000133381
0.00013183
0.000131429
0.00013119
0.000131295
0.000131858
0.000131734
0.000128278
0.000119188
9.98646e-05
0.00013346
0.000335294
0.000409647
0.000456242
0.000478359
0.000492636
0.000504864
0.000513698
0.000536518
0.00055809
0.000548692
0.000521117
0.000500072
0.000488318
0.00047738
0.000464284
0.000444472
0.000404751
0.000333327
0.000132861
0.000158103
0.000360767
0.00048086
0.000544523
0.000531573
0.000525554
0.000548619
0.000558223
0.000588457
0.000614574
0.000598087
0.000561761
0.000539355
0.000526744
0.000507971
0.000514123
0.000528702
0.000492354
0.00039227
0.000155803
0.000251954
0.00034737
0.000403629
0.000456482
0.000497355
0.000545961
0.000577096
0.000535483
0.000547223
0.000571
0.000553038
0.000522123
0.000519366
0.000534504
0.000518457
0.000493028
0.000460252
0.000416587
0.000363469
0.000259387
0.000309324
0.000414343
0.000449102
0.000457595
0.000458842
0.000465028
0.00048467
0.000506187
0.000526088
0.000530782
0.000511674
0.00049392
0.000480548
0.00046627
0.000458913
0.000460789
0.000462384
0.000455289
0.000420085
0.000314211
0.000351182
0.000471788
0.000512003
0.000509511
0.000489021
0.00046654
0.000450073
0.000439503
0.000446923
0.000476528
0.000468181
0.000441521
0.000439678
0.000451514
0.000469502
0.000492807
0.000513731
0.000516872
0.000476682
0.000355814
0.000396417
0.000540565
0.000591678
0.00059953
0.000586279
0.000561813
0.000533894
0.000509413
0.000492197
0.000484013
0.000482662
0.000495184
0.000515861
0.000541955
0.00057004
0.000594514
0.000608022
0.000599084
0.000546748
0.000401612
0.000436832
0.000605251
0.00070138
0.000769904
0.000807814
0.000815963
0.000805584
0.000790581
0.000765581
0.000724136
0.000712524
0.000758254
0.00079393
0.000817789
0.000832737
0.000825669
0.000786338
0.000714925
0.00061507
0.000442831
0.000475035
0.00064868
0.000865894
0.00111859
0.00132225
0.00142421
0.00146358
0.00147526
0.00142757
0.00131105
0.00128868
0.0014013
0.00146105
0.00146565
0.00144034
0.00134863
0.00114892
0.000890344
0.000663143
0.000481837
0.000516849
0.00057203
0.000621148
0.000664738
0.00070436
0.000740112
0.000770984
0.000794414
0.000806254
0.000802489
0.000797122
0.000801683
0.000791263
0.000769674
0.000740801
0.000706909
0.00066897
0.000626701
0.000578507
0.00052378
0.000100895
0.000115553
0.000125915
0.000131541
0.000132624
0.000132071
0.000130688
0.00012788
0.000125642
0.000124414
0.000123239
0.000122751
0.000123806
0.000125076
0.000126726
0.000128332
0.000128278
0.0001238
0.000117628
0.000102378
0.000135645
0.000308812
0.000367907
0.000420791
0.000444618
0.000453646
0.000463537
0.000463768
0.000475222
0.000492119
0.000485275
0.000463965
0.000450963
0.000443986
0.000439586
0.000430561
0.000404751
0.00034941
0.000300504
0.000133123
0.000184453
0.000265372
0.000365497
0.000506257
0.000498818
0.000474072
0.000495994
0.000502651
0.0005229
0.000548113
0.000533373
0.000500164
0.000483131
0.000467724
0.000463128
0.000493208
0.000492356
0.000361128
0.000267238
0.00018253
0.000281604
0.000361063
0.000379879
0.00041268
0.000437067
0.00046935
0.000532698
0.000484142
0.000481537
0.000506636
0.000489042
0.000458744
0.000465098
0.000474475
0.000449386
0.000438313
0.000416587
0.000390765
0.00037371
0.00028896
0.000330829
0.000449356
0.000471609
0.000452997
0.000430636
0.000417035
0.000419875
0.000428712
0.000454008
0.000463118
0.000443777
0.000425101
0.000410621
0.000405292
0.000412984
0.000432484
0.000455289
0.000473699
0.000450556
0.000334291
0.000361666
0.000486695
0.000523773
0.000516408
0.000479752
0.000442878
0.000413254
0.000389223
0.000376065
0.000378973
0.000372681
0.000370374
0.000387984
0.000412675
0.000442496
0.000479585
0.000516872
0.000525762
0.000490127
0.000365821
0.000393118
0.000530428
0.000582948
0.000596543
0.000579531
0.000545805
0.000505555
0.000468101
0.000436334
0.000411785
0.000401947
0.000423399
0.000459531
0.000501418
0.000543956
0.000579079
0.000599084
0.000587084
0.000535288
0.000397898
0.000423559
0.000571119
0.000651201
0.000707998
0.000748589
0.000752497
0.000736504
0.000715567
0.000684602
0.000637374
0.000620146
0.000665964
0.000703537
0.000732094
0.00075307
0.000753553
0.000714925
0.000658847
0.000578433
0.000429081
0.000454237
0.000602941
0.000739612
0.00087591
0.00100005
0.00109849
0.00116009
0.00118439
0.00117346
0.00111875
0.00109177
0.0011564
0.00117206
0.00115744
0.00110844
0.00101367
0.000890344
0.000752578
0.000613019
0.000460508
0.000489745
0.000539176
0.000583896
0.000623072
0.00065815
0.000689074
0.000714898
0.000733715
0.000742271
0.000736744
0.000731046
0.000737785
0.000730356
0.000713083
0.000689105
0.000660035
0.000626701
0.000589015
0.000545369
0.000496389
0.000101828
0.000111118
0.000116973
0.000121808
0.000122698
0.000122111
0.000119596
0.000116024
0.000113363
0.000111947
0.000110947
0.000110928
0.000112685
0.000114865
0.000117581
0.000119176
0.000119188
0.000117628
0.000115802
0.000103418
0.000136777
0.000278252
0.000314867
0.000352068
0.000372764
0.000378862
0.000384241
0.000375762
0.000376049
0.000384787
0.000381369
0.000370276
0.000367658
0.000364048
0.000365331
0.000361753
0.000333328
0.000300504
0.000277172
0.000134023
0.000206332
0.000236348
0.000272474
0.000412296
0.000416355
0.000391232
0.000410874
0.000414586
0.00042735
0.000448424
0.000437357
0.00041207
0.000400443
0.000381314
0.000391388
0.000423876
0.000392273
0.000267238
0.000238566
0.000211751
0.000311791
0.000384047
0.00036545
0.000360283
0.000358873
0.000364794
0.000441171
0.000401416
0.000393825
0.000423499
0.000406712
0.000375116
0.000383732
0.000379003
0.000355633
0.000364097
0.000363469
0.00037371
0.000392248
0.000316544
0.000345936
0.000443253
0.000451784
0.000420113
0.00038013
0.000351811
0.00034014
0.00033008
0.000342389
0.00038484
0.000366267
0.000326692
0.000322714
0.000331609
0.000349239
0.000381101
0.000420085
0.000450556
0.000443835
0.000348964
0.000368381
0.000469594
0.000489265
0.000477967
0.000448271
0.000409486
0.00037646
0.000348325
0.000332512
0.000326727
0.000319023
0.000323338
0.000343329
0.000372854
0.000405212
0.000444822
0.000476682
0.000490127
0.00047216
0.000371887
0.000388137
0.000498331
0.00053294
0.000546672
0.000551905
0.000541636
0.000504798
0.000466045
0.000432926
0.000405565
0.000390282
0.000408178
0.000443601
0.00048925
0.000532899
0.000548274
0.000546748
0.000535288
0.000502007
0.000392264
0.000407681
0.000526052
0.000574751
0.000613572
0.000653589
0.000683556
0.000695316
0.000686474
0.000655229
0.00060078
0.000586243
0.000631371
0.000667385
0.000683271
0.000677568
0.000651999
0.00061507
0.000578433
0.000530846
0.000412486
0.000429361
0.000546272
0.000607836
0.000659543
0.000709899
0.000751353
0.000776121
0.000780367
0.000755714
0.000687896
0.000668171
0.000733819
0.000764508
0.000767136
0.00074865
0.000710878
0.000663143
0.000613019
0.000552384
0.000434839
0.000456336
0.000500446
0.000540774
0.000575404
0.000605827
0.000632019
0.000653299
0.000668197
0.000674085
0.000667948
0.000662523
0.000670028
0.000665061
0.000651434
0.000631735
0.000607249
0.000578507
0.000545369
0.000506126
0.000462381
0.000101087
0.000100572
0.000100983
0.000100718
0.000100082
9.86951e-05
9.66125e-05
9.47203e-05
9.33297e-05
9.25837e-05
9.19965e-05
9.18323e-05
9.24178e-05
9.38058e-05
9.60819e-05
9.79611e-05
9.98645e-05
0.000102378
0.000103418
0.000101779
0.000130711
0.000134399
0.000133055
0.000131917
0.000127874
0.000123353
0.000121643
0.000119829
0.000119836
0.000121417
0.000121557
0.000120088
0.000119745
0.000121019
0.000125005
0.000130303
0.000132861
0.000133123
0.000134023
0.000126977
0.000241591
0.000203443
0.000173952
0.000154177
0.000153211
0.000151262
0.000150751
0.000149394
0.000150226
0.000153093
0.00015213
0.000150227
0.000151012
0.000151841
0.000154391
0.000158491
0.000155803
0.000182529
0.000211751
0.000250728
0.000328443
0.000313157
0.00028517
0.000253911
0.000225505
0.000186993
0.000165299
0.000170109
0.000172251
0.000176643
0.000173963
0.000170765
0.000170215
0.000166252
0.000202332
0.000231942
0.000259386
0.00028896
0.000316544
0.000330996
0.000354009
0.000346917
0.000332817
0.000312168
0.000284285
0.000262705
0.000244866
0.000218819
0.000204468
0.000206957
0.000202384
0.000201496
0.000218553
0.000244132
0.000260619
0.00028566
0.00031421
0.000334291
0.000348964
0.000356417
0.00036861
0.000369336
0.000363949
0.000355006
0.000346187
0.00033908
0.000331846
0.000324965
0.000319285
0.000312467
0.00030611
0.000310738
0.000317642
0.000327027
0.000336307
0.000345221
0.000355814
0.000365821
0.000371887
0.000371379
0.000379385
0.000389156
0.000395565
0.000400498
0.000405032
0.000408562
0.000409838
0.000408658
0.00040446
0.000396023
0.000390418
0.000397461
0.000402832
0.000405835
0.00040638
0.000404572
0.000401612
0.000397898
0.000392264
0.000382649
0.000389917
0.000408882
0.000426328
0.000441336
0.000454101
0.000464058
0.000470458
0.000472612
0.00046943
0.000459826
0.000454596
0.000463744
0.000467955
0.000467291
0.000462493
0.000454109
0.000442831
0.000429081
0.000412486
0.000393724
0.000402057
0.00043071
0.000457287
0.000479893
0.000499097
0.000514566
0.000525632
0.00053131
0.000529757
0.000519112
0.00051378
0.000524816
0.000527321
0.000522998
0.000513486
0.000499565
0.000481837
0.000460509
0.000434839
0.000406401
0.000418222
0.000457696
0.000492597
0.000521261
0.000545483
0.000565559
0.000581218
0.000591522
0.000594522
0.000587317
0.000582332
0.000591186
0.000588929
0.000579621
0.00056523
0.000546575
0.00052378
0.000496389
0.000462381
0.000423099
)
;

boundaryField
{
    floor
    {
        type            alphatWallFunction;
        Prt             0.85;
        value           nonuniform List<scalar> 
400
(
3.89103e-06
3.74686e-06
3.8546e-06
3.80213e-06
3.77713e-06
3.50731e-06
3.27173e-06
2.9632e-06
2.66603e-06
2.39566e-06
2.20777e-06
2.13684e-06
2.26353e-06
2.49921e-06
2.85855e-06
3.13015e-06
3.19846e-06
3.16318e-06
3.30132e-06
3.14434e-06
3.74685e-06
5.59788e-06
6.94144e-06
7.73595e-06
8.20045e-06
8.12148e-06
7.66862e-06
6.96483e-06
6.33209e-06
5.84514e-06
5.57105e-06
5.58726e-06
5.93061e-06
6.32037e-06
6.74608e-06
7.03681e-06
6.90637e-06
5.96436e-06
5.0814e-06
3.07965e-06
3.85459e-06
6.94143e-06
8.64551e-06
9.73114e-06
1.01274e-05
1.01742e-05
9.8632e-06
9.28855e-06
8.74635e-06
8.32662e-06
8.07245e-06
8.03567e-06
8.29198e-06
8.53517e-06
8.73735e-06
8.96803e-06
8.90404e-06
7.91895e-06
6.23421e-06
3.1839e-06
3.80212e-06
7.73594e-06
9.73113e-06
1.07114e-05
1.11741e-05
1.14321e-05
1.12979e-05
1.09924e-05
1.07091e-05
1.05003e-05
1.02986e-05
1.00859e-05
1.00809e-05
1.0074e-05
9.95e-06
9.94878e-06
9.72263e-06
8.95968e-06
7.15055e-06
3.13982e-06
3.77712e-06
8.20043e-06
1.01274e-05
1.11741e-05
1.18908e-05
1.22813e-05
1.23752e-05
1.24091e-05
1.25065e-05
1.26457e-05
1.25018e-05
1.19506e-05
1.15493e-05
1.12184e-05
1.08218e-05
1.04166e-05
1.00085e-05
9.13967e-06
7.30905e-06
3.01057e-06
3.5073e-06
8.12146e-06
1.01742e-05
1.14321e-05
1.22813e-05
1.28355e-05
1.32425e-05
1.36759e-05
1.4239e-05
1.48528e-05
1.47607e-05
1.37095e-05
1.28048e-05
1.20803e-05
1.14302e-05
1.07501e-05
9.99334e-06
8.99852e-06
7.16621e-06
2.73679e-06
3.27172e-06
7.6686e-06
9.86318e-06
1.12979e-05
1.23752e-05
1.32425e-05
1.40412e-05
1.49618e-05
1.61232e-05
1.75934e-05
1.75612e-05
1.55735e-05
1.4001e-05
1.27934e-05
1.18275e-05
1.09348e-05
9.9756e-06
8.72873e-06
6.68863e-06
2.3288e-06
2.96318e-06
6.96481e-06
9.28852e-06
1.09924e-05
1.24091e-05
1.36759e-05
1.49618e-05
1.65613e-05
1.85052e-05
2.08302e-05
2.06686e-05
1.78428e-05
1.54252e-05
1.35525e-05
1.21673e-05
1.09515e-05
9.69885e-06
8.1806e-06
5.98947e-06
1.94175e-06
2.66601e-06
6.33206e-06
8.74632e-06
1.07091e-05
1.25065e-05
1.4239e-05
1.61232e-05
1.85052e-05
2.06298e-05
2.29639e-05
2.2399e-05
1.96216e-05
1.71103e-05
1.45124e-05
1.26271e-05
1.10374e-05
9.47439e-06
7.73738e-06
5.45702e-06
1.6479e-06
2.39563e-06
5.84511e-06
8.32659e-06
1.05003e-05
1.26456e-05
1.48528e-05
1.75934e-05
2.08302e-05
2.29639e-05
4.38047e-06
3.68004e-06
2.11874e-05
1.9137e-05
1.58171e-05
1.31978e-05
1.12427e-05
9.40375e-06
7.49688e-06
5.17055e-06
1.48162e-06
2.20774e-06
5.57102e-06
8.07241e-06
1.02986e-05
1.25018e-05
1.47606e-05
1.75611e-05
2.06686e-05
2.23989e-05
3.68002e-06
2.64361e-06
1.99825e-05
1.84505e-05
1.54e-05
1.28721e-05
1.09629e-05
9.15377e-06
7.28028e-06
4.98516e-06
1.36687e-06
2.13681e-06
5.58722e-06
8.03562e-06
1.00858e-05
1.19505e-05
1.37095e-05
1.55734e-05
1.78427e-05
1.96216e-05
2.11874e-05
1.99825e-05
1.78932e-05
1.57517e-05
1.34759e-05
1.17947e-05
1.03303e-05
8.8484e-06
7.1843e-06
4.98765e-06
1.34691e-06
2.2635e-06
5.93057e-06
8.29194e-06
1.00809e-05
1.15492e-05
1.28048e-05
1.4001e-05
1.54251e-05
1.71103e-05
1.9137e-05
1.84505e-05
1.57517e-05
1.36426e-05
1.21048e-05
1.09587e-05
9.89399e-06
8.75689e-06
7.36984e-06
5.31725e-06
1.47677e-06
2.49919e-06
6.32033e-06
8.53513e-06
1.00739e-05
1.12184e-05
1.20803e-05
1.27934e-05
1.35525e-05
1.45124e-05
1.58171e-05
1.54001e-05
1.34759e-05
1.21048e-05
1.11639e-05
1.04168e-05
9.63089e-06
8.71852e-06
7.61117e-06
5.73177e-06
1.7565e-06
2.85853e-06
6.74605e-06
8.73732e-06
9.94997e-06
1.08217e-05
1.14301e-05
1.18274e-05
1.21673e-05
1.26271e-05
1.31978e-05
1.28721e-05
1.17947e-05
1.09587e-05
1.04168e-05
9.99711e-06
9.45781e-06
8.76783e-06
7.93106e-06
6.24267e-06
2.18978e-06
3.13013e-06
7.03678e-06
8.96801e-06
9.94876e-06
1.04166e-05
1.07501e-05
1.09348e-05
1.09515e-05
1.10374e-05
1.12427e-05
1.09629e-05
1.03304e-05
9.89402e-06
9.6309e-06
9.45781e-06
9.21603e-06
8.90352e-06
8.27382e-06
6.57672e-06
2.55996e-06
3.19844e-06
6.90634e-06
8.90402e-06
9.72262e-06
1.00085e-05
9.99334e-06
9.9756e-06
9.69885e-06
9.47439e-06
9.40377e-06
9.15381e-06
8.84844e-06
8.75692e-06
8.71855e-06
8.76784e-06
8.90353e-06
8.92601e-06
8.30948e-06
6.60452e-06
2.92547e-06
3.16316e-06
5.96434e-06
7.91893e-06
8.95966e-06
9.13966e-06
8.99852e-06
8.72872e-06
8.1806e-06
7.73738e-06
7.4969e-06
7.28031e-06
7.18433e-06
7.36987e-06
7.6112e-06
7.93108e-06
8.27384e-06
8.30948e-06
7.47962e-06
6.28602e-06
3.39239e-06
3.30129e-06
5.08137e-06
6.2342e-06
7.15053e-06
7.30904e-06
7.16621e-06
6.68862e-06
5.98946e-06
5.45701e-06
5.17056e-06
4.98518e-06
4.98769e-06
5.31728e-06
5.73179e-06
6.24269e-06
6.57673e-06
6.60452e-06
6.28602e-06
5.92384e-06
3.56432e-06
3.1443e-06
3.0796e-06
3.18388e-06
3.1398e-06
3.01056e-06
2.73677e-06
2.32878e-06
1.94174e-06
1.64789e-06
1.48161e-06
1.36687e-06
1.34692e-06
1.47679e-06
1.75652e-06
2.1898e-06
2.55997e-06
2.92549e-06
3.39241e-06
3.56435e-06
3.23026e-06
)
;
    }
    ceiling
    {
        type            alphatWallFunction;
        Prt             0.85;
        value           nonuniform List<scalar> 
400
(
5.67944e-05
6.28684e-05
6.81743e-05
7.2466e-05
7.60368e-05
7.89403e-05
8.11407e-05
8.25064e-05
8.27529e-05
8.14812e-05
8.06416e-05
8.21009e-05
8.17937e-05
8.04118e-05
7.82635e-05
7.54712e-05
7.20545e-05
6.79418e-05
6.28189e-05
5.68942e-05
6.28684e-05
6.95714e-05
7.56305e-05
8.07599e-05
8.52043e-05
8.89696e-05
9.19596e-05
9.39666e-05
9.46108e-05
9.3486e-05
9.25724e-05
9.38099e-05
9.31238e-05
9.11334e-05
8.82399e-05
8.4625e-05
8.0368e-05
7.5438e-05
6.95682e-05
6.30065e-05
6.81743e-05
7.56305e-05
8.22856e-05
8.80263e-05
9.30991e-05
9.75079e-05
0.000101123
0.000103667
0.000104669
0.000103606
0.00010264
0.000103765
0.000102744
0.000100258
9.67903e-05
9.25592e-05
8.76902e-05
8.21478e-05
7.56707e-05
6.83489e-05
7.2466e-05
8.07599e-05
8.80263e-05
9.43705e-05
0.000100062
0.000105121
0.000109426
0.000112603
0.000114061
0.000113259
0.000112362
0.000113143
0.000111709
0.000108634
0.000104486
9.96086e-05
9.41352e-05
8.79769e-05
8.08662e-05
7.26977e-05
7.60368e-05
8.52043e-05
9.30991e-05
0.000100062
0.000106535
0.000112489
0.000117636
0.000121575
0.000123736
0.000123655
0.0001228
0.000122937
0.000120836
0.000117005
0.000112013
0.000106248
9.99573e-05
9.31661e-05
8.54046e-05
7.63514e-05
7.89403e-05
8.89696e-05
9.75079e-05
0.000105121
0.000112489
0.000119328
0.000125348
0.000130132
0.000133144
0.000134082
0.00013318
0.000132455
0.000129553
0.000124886
0.000119026
0.000112377
0.000105188
9.77228e-05
8.92981e-05
7.93694e-05
8.11407e-05
9.19596e-05
0.000101123
0.000109426
0.000117636
0.000125348
0.00013228
0.000138082
0.000142506
0.000145762
0.000144582
0.000141832
0.000137691
0.000132047
0.000125274
0.000117738
0.000109695
0.000101522
9.24567e-05
8.17204e-05
8.25064e-05
9.39666e-05
0.000103667
0.000112603
0.000121575
0.000130132
0.000138082
0.000145423
0.000152885
0.000161101
0.000159442
0.000151981
0.000145107
0.00013808
0.000130324
0.000121939
0.000113119
0.000104294
9.46724e-05
8.32703e-05
8.27529e-05
9.46108e-05
0.000104669
0.000114061
0.000123736
0.000133144
0.000142506
0.000152885
0.000165663
0.000179695
0.000177401
0.000164544
0.000152468
0.000142629
0.000133581
0.000124387
0.000114871
0.000105575
9.5564e-05
8.37311e-05
8.14812e-05
9.3486e-05
0.000103606
0.000113259
0.000123655
0.000134082
0.000145762
0.000161101
0.000179695
0.000187756
0.000184618
0.00017893
0.000160928
0.000145986
0.000134706
0.000124583
0.000114377
0.000104816
9.4692e-05
8.26694e-05
8.06415e-05
9.25723e-05
0.000102639
0.000112361
0.0001228
0.00013318
0.000144582
0.000159442
0.000177401
0.000184618
0.000182913
0.000177385
0.000159857
0.000145153
0.000133962
0.000123845
0.000113586
0.000103974
9.38945e-05
8.19402e-05
8.21008e-05
9.38099e-05
0.000103764
0.000113143
0.000122937
0.000132455
0.000141832
0.000151981
0.000164544
0.00017893
0.000177384
0.000164087
0.00015194
0.000142065
0.000133016
0.000123796
0.000114221
0.000104938
9.49906e-05
8.32638e-05
8.17937e-05
9.31238e-05
0.000102744
0.000111709
0.000120836
0.000129553
0.000137691
0.000145107
0.000152468
0.000160928
0.000159856
0.00015194
0.0001449
0.000137827
0.000130035
0.000121604
0.000112703
0.000103849
9.42584e-05
8.29334e-05
8.04117e-05
9.11334e-05
0.000100258
0.000108634
0.000117005
0.000124886
0.000132047
0.00013808
0.000142629
0.000145986
0.000145153
0.000142065
0.000137827
0.000132135
0.000125312
0.000117718
0.000109574
0.000101326
9.22507e-05
8.15478e-05
7.82635e-05
8.82399e-05
9.67903e-05
0.000104486
0.000112013
0.000119026
0.000125274
0.000130324
0.000133581
0.000134705
0.000133962
0.000133016
0.000130035
0.000125312
0.000119399
0.000112684
0.00010538
9.78159e-05
8.934e-05
7.9396e-05
7.54712e-05
8.4625e-05
9.25591e-05
9.96086e-05
0.000106248
0.000112377
0.000117738
0.000121939
0.000124387
0.000124583
0.000123845
0.000123796
0.000121604
0.000117718
0.000112684
0.00010685
0.000100436
9.35432e-05
8.5707e-05
7.6594e-05
7.20545e-05
8.03679e-05
8.76902e-05
9.41351e-05
9.99573e-05
0.000105188
0.000109695
0.000113119
0.000114871
0.000114377
0.000113586
0.00011422
0.000112703
0.000109574
0.00010538
0.000100436
9.48673e-05
8.86144e-05
8.14175e-05
7.31504e-05
6.79418e-05
7.5438e-05
8.21477e-05
8.79769e-05
9.3166e-05
9.77228e-05
0.000101521
0.000104294
0.000105575
0.000104816
0.000103974
0.000104938
0.000103849
0.000101326
9.78159e-05
9.35432e-05
8.86144e-05
8.29997e-05
7.64351e-05
6.89818e-05
6.28189e-05
6.95682e-05
7.56707e-05
8.08662e-05
8.54046e-05
8.92981e-05
9.24567e-05
9.46724e-05
9.5564e-05
9.46921e-05
9.38945e-05
9.49906e-05
9.42583e-05
9.22506e-05
8.934e-05
8.57069e-05
8.14175e-05
7.6435e-05
7.04773e-05
6.37557e-05
5.68942e-05
6.30065e-05
6.83489e-05
7.26977e-05
7.63514e-05
7.93694e-05
8.17204e-05
8.32703e-05
8.37311e-05
8.26694e-05
8.19402e-05
8.32638e-05
8.29333e-05
8.15478e-05
7.9396e-05
7.6594e-05
7.31504e-05
6.89818e-05
6.37557e-05
5.7645e-05
)
;
    }
    fixedWalls
    {
        type            alphatWallFunction;
        Prt             0.85;
        value           nonuniform List<scalar> 
800
(
3.87526e-06
8.33714e-06
2.8988e-05
4.27373e-05
4.67593e-05
4.90376e-05
5.07174e-05
5.23557e-05
5.42354e-05
5.67342e-05
3.73127e-06
8.59466e-06
2.20596e-05
4.04918e-05
4.5626e-05
4.91773e-05
5.22759e-05
5.53262e-05
5.86789e-05
6.28029e-05
3.83895e-06
8.58331e-06
1.64817e-05
3.59794e-05
4.32628e-05
4.82967e-05
5.32671e-05
5.80041e-05
6.27171e-05
6.8104e-05
3.78653e-06
8.63492e-06
1.23436e-05
3.02028e-05
4.00029e-05
4.68354e-05
5.39844e-05
6.02427e-05
6.60813e-05
7.23917e-05
3.76155e-06
7.82752e-06
1.23373e-05
2.46998e-05
3.53719e-05
4.53195e-05
5.45843e-05
6.20877e-05
6.88796e-05
7.5959e-05
3.49194e-06
7.37702e-06
1.2303e-05
1.7254e-05
3.16956e-05
4.39116e-05
5.49654e-05
6.3463e-05
7.10779e-05
7.88597e-05
3.25653e-06
7.37498e-06
1.21514e-05
1.47127e-05
2.77678e-05
4.25506e-05
5.49652e-05
6.42667e-05
7.25866e-05
8.10578e-05
2.94824e-06
7.13894e-06
1.18756e-05
1.52124e-05
2.27184e-05
4.13062e-05
5.45687e-05
6.44047e-05
7.32653e-05
8.24221e-05
2.65135e-06
7.13838e-06
1.21071e-05
1.57011e-05
2.02883e-05
4.02362e-05
5.36923e-05
6.37153e-05
7.28364e-05
8.26683e-05
2.38124e-06
7.26774e-06
1.25224e-05
1.64224e-05
2.08582e-05
3.90469e-05
5.22783e-05
6.2135e-05
7.11067e-05
8.13976e-05
2.19351e-06
7.15516e-06
1.23289e-05
1.5943e-05
1.97833e-05
3.78891e-05
5.1292e-05
6.12636e-05
7.02395e-05
8.05586e-05
2.12263e-06
6.93696e-06
1.19431e-05
1.52181e-05
1.95407e-05
3.85658e-05
5.24093e-05
6.2729e-05
7.19888e-05
8.20165e-05
2.24923e-06
6.99443e-06
1.20617e-05
1.4817e-05
2.25939e-05
3.94655e-05
5.32716e-05
6.33855e-05
7.23611e-05
8.17097e-05
2.48476e-06
7.21526e-06
1.23088e-05
1.4528e-05
2.66054e-05
4.12398e-05
5.37954e-05
6.32993e-05
7.1703e-05
8.03292e-05
2.84383e-06
7.66409e-06
1.27477e-05
2.10999e-05
3.00182e-05
4.27753e-05
5.39564e-05
6.26156e-05
7.03085e-05
7.81831e-05
3.1152e-06
8.72667e-06
1.35115e-05
2.57088e-05
3.46151e-05
4.43706e-05
5.37712e-05
6.13852e-05
6.8248e-05
7.53936e-05
3.18345e-06
9.20097e-06
1.3687e-05
3.00039e-05
3.94033e-05
4.61857e-05
5.33826e-05
5.97112e-05
6.56107e-05
7.19803e-05
3.14823e-06
9.57202e-06
1.84679e-05
3.4929e-05
4.29195e-05
4.78848e-05
5.28837e-05
5.76643e-05
6.24259e-05
6.78715e-05
3.28622e-06
9.76073e-06
2.23431e-05
3.98827e-05
4.5372e-05
4.897e-05
5.2111e-05
5.51926e-05
5.85794e-05
6.27533e-05
3.12937e-06
8.67984e-06
2.84311e-05
4.25622e-05
4.66686e-05
4.90052e-05
5.0723e-05
5.23921e-05
5.43037e-05
5.68337e-05
3.12933e-06
8.67986e-06
2.84312e-05
4.25623e-05
4.66686e-05
4.90052e-05
5.0723e-05
5.23921e-05
5.43037e-05
5.68337e-05
3.06467e-06
9.33826e-06
2.18592e-05
4.00982e-05
4.55262e-05
4.91142e-05
5.22576e-05
5.53596e-05
5.87665e-05
6.29406e-05
3.16888e-06
9.11256e-06
1.65994e-05
3.55192e-05
4.3238e-05
4.82375e-05
5.32467e-05
5.80645e-05
6.28639e-05
6.82781e-05
3.12483e-06
8.92576e-06
1.29319e-05
3.03292e-05
3.98699e-05
4.67825e-05
5.39959e-05
6.03748e-05
6.63217e-05
7.26228e-05
2.99573e-06
8.16136e-06
1.27586e-05
2.54736e-05
3.52625e-05
4.53378e-05
5.46818e-05
6.23314e-05
6.92436e-05
7.6273e-05
2.72218e-06
7.32059e-06
1.24128e-05
1.86702e-05
3.16782e-05
4.41666e-05
5.52146e-05
6.38533e-05
7.15889e-05
7.92879e-05
2.3145e-06
6.99169e-06
1.23019e-05
1.49074e-05
2.86392e-05
4.29798e-05
5.53992e-05
6.4829e-05
7.32627e-05
8.16366e-05
1.92774e-06
6.63662e-06
1.20479e-05
1.57476e-05
2.41601e-05
4.18557e-05
5.52055e-05
6.5156e-05
7.41232e-05
8.31849e-05
1.6341e-06
6.61714e-06
1.21929e-05
1.61228e-05
2.1661e-05
4.09193e-05
5.45412e-05
6.46648e-05
7.38903e-05
8.36451e-05
1.46795e-06
6.89395e-06
1.26994e-05
1.68938e-05
2.20995e-05
3.98006e-05
5.32064e-05
6.31776e-05
7.22737e-05
8.25844e-05
1.35331e-06
6.92775e-06
1.25401e-05
1.64291e-05
2.13235e-05
3.88066e-05
5.23639e-05
6.24016e-05
7.14875e-05
8.18556e-05
1.33338e-06
6.66829e-06
1.22104e-05
1.58775e-05
2.11893e-05
3.95756e-05
5.34861e-05
6.38242e-05
7.31699e-05
8.31779e-05
1.46317e-06
6.61915e-06
1.23634e-05
1.58015e-05
2.42162e-05
4.07144e-05
5.43421e-05
6.44874e-05
7.35659e-05
8.28478e-05
1.74271e-06
6.87014e-06
1.2512e-05
1.50577e-05
2.85809e-05
4.22408e-05
5.48233e-05
6.43975e-05
7.29244e-05
8.14637e-05
2.17566e-06
7.60844e-06
1.29803e-05
2.14588e-05
3.13499e-05
4.37554e-05
5.49198e-05
6.36684e-05
7.14902e-05
7.93142e-05
2.54552e-06
8.57777e-06
1.36994e-05
2.65719e-05
3.55117e-05
4.52088e-05
5.46489e-05
6.2384e-05
6.93786e-05
7.6515e-05
2.9107e-06
9.03926e-06
1.31882e-05
3.12302e-05
4.02088e-05
4.69242e-05
5.4197e-05
6.06467e-05
6.66737e-05
7.30748e-05
3.3772e-06
9.07882e-06
1.80907e-05
3.61426e-05
4.34656e-05
4.85314e-05
5.36216e-05
5.85154e-05
6.3397e-05
6.89102e-05
3.54902e-06
9.23327e-06
2.32675e-05
4.06308e-05
4.58335e-05
4.94997e-05
5.27351e-05
5.59226e-05
5.94189e-05
6.36889e-05
3.21523e-06
7.9425e-06
2.98909e-05
4.29466e-05
4.70231e-05
4.94124e-05
5.12072e-05
5.2964e-05
5.49645e-05
5.75837e-05
3.87526e-06
8.33714e-06
2.8988e-05
4.27373e-05
4.67593e-05
4.90376e-05
5.07174e-05
5.23557e-05
5.42354e-05
5.67342e-05
3.73126e-06
8.59467e-06
2.20596e-05
4.04918e-05
4.5626e-05
4.91773e-05
5.22759e-05
5.53262e-05
5.86789e-05
6.28029e-05
3.83894e-06
8.58332e-06
1.64817e-05
3.59794e-05
4.32628e-05
4.82968e-05
5.32671e-05
5.80041e-05
6.27171e-05
6.8104e-05
3.78653e-06
8.63492e-06
1.23436e-05
3.02028e-05
4.0003e-05
4.68355e-05
5.39844e-05
6.02427e-05
6.60813e-05
7.23917e-05
3.76154e-06
7.82752e-06
1.23373e-05
2.46998e-05
3.53719e-05
4.53195e-05
5.45843e-05
6.20877e-05
6.88796e-05
7.5959e-05
3.49193e-06
7.377e-06
1.2303e-05
1.7254e-05
3.16956e-05
4.39116e-05
5.49654e-05
6.3463e-05
7.10778e-05
7.88597e-05
3.25651e-06
7.37495e-06
1.21514e-05
1.47126e-05
2.77678e-05
4.25507e-05
5.49652e-05
6.42667e-05
7.25866e-05
8.10578e-05
2.94822e-06
7.13891e-06
1.18756e-05
1.52124e-05
2.27184e-05
4.13062e-05
5.45687e-05
6.44047e-05
7.32653e-05
8.24221e-05
2.65132e-06
7.13835e-06
1.21071e-05
1.5701e-05
2.02883e-05
4.02362e-05
5.36923e-05
6.37153e-05
7.28364e-05
8.26683e-05
2.38121e-06
7.2677e-06
1.25223e-05
1.64223e-05
2.08582e-05
3.90469e-05
5.22783e-05
6.2135e-05
7.11067e-05
8.13976e-05
2.19348e-06
7.15511e-06
1.23289e-05
1.5943e-05
1.97832e-05
3.78891e-05
5.1292e-05
6.12636e-05
7.02394e-05
8.05585e-05
2.1226e-06
6.93691e-06
1.19431e-05
1.52181e-05
1.95408e-05
3.85659e-05
5.24093e-05
6.2729e-05
7.19887e-05
8.20164e-05
2.2492e-06
6.99438e-06
1.20617e-05
1.4817e-05
2.2594e-05
3.94655e-05
5.32716e-05
6.33854e-05
7.23611e-05
8.17097e-05
2.48474e-06
7.21521e-06
1.23088e-05
1.45281e-05
2.66055e-05
4.12399e-05
5.37954e-05
6.32992e-05
7.17029e-05
8.03291e-05
2.8438e-06
7.66405e-06
1.27477e-05
2.11e-05
3.00182e-05
4.27753e-05
5.39563e-05
6.26155e-05
7.03085e-05
7.81831e-05
3.11518e-06
8.72666e-06
1.35115e-05
2.57089e-05
3.46151e-05
4.43706e-05
5.37712e-05
6.13852e-05
6.82479e-05
7.53936e-05
3.18343e-06
9.20094e-06
1.36871e-05
3.0004e-05
3.94034e-05
4.61857e-05
5.33826e-05
5.97112e-05
6.56107e-05
7.19802e-05
3.14821e-06
9.572e-06
1.8468e-05
3.49291e-05
4.29196e-05
4.78848e-05
5.28837e-05
5.76643e-05
6.24259e-05
6.78714e-05
3.28619e-06
9.76072e-06
2.23432e-05
3.98828e-05
4.53721e-05
4.897e-05
5.2111e-05
5.51926e-05
5.85794e-05
6.27532e-05
3.12933e-06
8.67986e-06
2.84312e-05
4.25623e-05
4.66686e-05
4.90052e-05
5.0723e-05
5.23921e-05
5.43037e-05
5.68337e-05
3.12937e-06
8.67984e-06
2.84311e-05
4.25622e-05
4.66686e-05
4.90052e-05
5.0723e-05
5.23921e-05
5.43037e-05
5.68337e-05
3.06472e-06
9.33827e-06
2.18591e-05
4.00981e-05
4.55262e-05
4.91142e-05
5.22576e-05
5.53596e-05
5.87665e-05
6.29406e-05
3.1689e-06
9.11258e-06
1.65993e-05
3.55192e-05
4.3238e-05
4.82375e-05
5.32467e-05
5.80645e-05
6.28638e-05
6.82781e-05
3.12485e-06
8.92579e-06
1.29319e-05
3.03292e-05
3.98699e-05
4.67825e-05
5.39959e-05
6.03748e-05
6.63217e-05
7.26228e-05
2.99574e-06
8.1614e-06
1.27586e-05
2.54735e-05
3.52624e-05
4.53378e-05
5.46818e-05
6.23314e-05
6.92436e-05
7.6273e-05
2.72219e-06
7.32061e-06
1.24128e-05
1.86701e-05
3.16781e-05
4.41666e-05
5.52146e-05
6.38533e-05
7.15889e-05
7.92879e-05
2.31451e-06
6.9917e-06
1.23019e-05
1.49074e-05
2.86391e-05
4.29797e-05
5.53991e-05
6.4829e-05
7.32627e-05
8.16366e-05
1.92775e-06
6.63661e-06
1.20479e-05
1.57476e-05
2.416e-05
4.18556e-05
5.52055e-05
6.5156e-05
7.41232e-05
8.31849e-05
1.63411e-06
6.61713e-06
1.21929e-05
1.61228e-05
2.1661e-05
4.09193e-05
5.45412e-05
6.46648e-05
7.38903e-05
8.36451e-05
1.46796e-06
6.89395e-06
1.26994e-05
1.68938e-05
2.20995e-05
3.98006e-05
5.32064e-05
6.31776e-05
7.22737e-05
8.25843e-05
1.3533e-06
6.92775e-06
1.25402e-05
1.64291e-05
2.13236e-05
3.88066e-05
5.23639e-05
6.24016e-05
7.14875e-05
8.18556e-05
1.33337e-06
6.6683e-06
1.22104e-05
1.58775e-05
2.11894e-05
3.95757e-05
5.34862e-05
6.38242e-05
7.317e-05
8.31779e-05
1.46316e-06
6.61916e-06
1.23634e-05
1.58015e-05
2.42162e-05
4.07144e-05
5.43422e-05
6.44875e-05
7.3566e-05
8.28479e-05
1.7427e-06
6.87013e-06
1.2512e-05
1.50578e-05
2.85809e-05
4.22408e-05
5.48233e-05
6.43976e-05
7.29245e-05
8.14638e-05
2.17564e-06
7.60842e-06
1.29803e-05
2.14587e-05
3.13499e-05
4.37554e-05
5.49199e-05
6.36684e-05
7.14902e-05
7.93142e-05
2.5455e-06
8.57774e-06
1.36994e-05
2.65719e-05
3.55117e-05
4.52088e-05
5.4649e-05
6.2384e-05
6.93787e-05
7.6515e-05
2.91068e-06
9.03925e-06
1.31882e-05
3.12302e-05
4.02087e-05
4.69242e-05
5.4197e-05
6.06467e-05
6.66738e-05
7.30748e-05
3.37717e-06
9.07879e-06
1.80906e-05
3.61425e-05
4.34656e-05
4.85314e-05
5.36216e-05
5.85154e-05
6.3397e-05
6.89102e-05
3.54899e-06
9.23324e-06
2.32675e-05
4.06307e-05
4.58334e-05
4.94997e-05
5.27351e-05
5.59226e-05
5.94189e-05
6.36889e-05
3.21523e-06
7.9425e-06
2.98909e-05
4.29466e-05
4.70231e-05
4.94124e-05
5.12072e-05
5.2964e-05
5.49645e-05
5.75837e-05
)
;
    }
}


// ************************************************************************* //
