/*--------------------------------*- C++ -*----------------------------------*\
| =========                 |                                                 |
| \\      /  F ield         | OpenFOAM: The Open Source CFD Toolbox           |
|  \\    /   O peration     | Version:  1.7.1                                 |
|   \\  /    A nd           | Web:      www.OpenFOAM.com                      |
|    \\/     M anipulation  |                                                 |
\*---------------------------------------------------------------------------*/
FoamFile
{
    version     2.0;
    format      ascii;
    class       volScalarField;
    location    "1800";
    object      p_rgh;
}
// * * * * * * * * * * * * * * * * * * * * * * * * * * * * * * * * * * * * * //

dimensions      [1 -1 -2 0 0 0 0];

internalField   nonuniform List<scalar> 
4000
(
100125
100125
100125
100125
100125
100125
100125
100125
100125
100125
100125
100125
100125
100125
100125
100125
100125
100125
100125
100125
100125
100125
100125
100125
100125
100125
100125
100125
100125
100125
100125
100125
100125
100125
100125
100125
100125
100125
100125
100125
100125
100125
100125
100125
100125
100125
100125
100125
100125
100125
100125
100125
100125
100125
100125
100125
100125
100125
100125
100125
100125
100125
100125
100125
100125
100125
100125
100125
100125
100125
100125
100125
100125
100125
100125
100125
100125
100125
100125
100125
100125
100125
100125
100125
100125
100125
100125
100125
100125
100125
100125
100125
100125
100125
100125
100125
100125
100125
100125
100125
100125
100125
100125
100125
100125
100125
100125
100125
100125
100125
100125
100125
100125
100125
100125
100125
100125
100125
100125
100125
100125
100125
100125
100125
100125
100125
100125
100125
100125
100125
100125
100125
100125
100125
100125
100125
100125
100125
100125
100125
100125
100125
100125
100125
100125
100125
100125
100125
100125
100125
100125
100125
100125
100125
100125
100125
100125
100125
100125
100125
100125
100125
100125
100125
100125
100125
100125
100125
100125
100125
100125
100125
100125
100125
100125
100125
100125
100125
100125
100125
100125
100125
100125
100125
100125
100125
100125
100125
100125
100125
100125
100125
100125
100125
100125
100125
100125
100125
100125
100125
100125
100125
100125
100125
100125
100125
100125
100125
100125
100125
100125
100125
100125
100125
100125
100125
100125
100125
100125
100125
100125
100125
100125
100125
100125
100125
100125
100125
100125
100125
100125
100125
100125
100125
100125
100125
100125
100125
100125
100125
100125
100125
100125
100125
100125
100125
100125
100125
100125
100125
100125
100125
100125
100125
100125
100125
100125
100125
100125
100125
100125
100125
100125
100125
100125
100125
100125
100125
100125
100125
100125
100125
100125
100125
100125
100125
100125
100125
100125
100125
100125
100125
100125
100125
100125
100125
100125
100125
100125
100125
100125
100125
100125
100125
100125
100125
100125
100125
100125
100125
100125
100125
100125
100125
100125
100125
100125
100125
100125
100125
100125
100125
100125
100125
100125
100125
100125
100125
100125
100125
100125
100125
100125
100125
100125
100125
100125
100125
100125
100125
100125
100125
100125
100125
100125
100125
100125
100125
100125
100125
100125
100125
100125
100125
100125
100125
100125
100125
100125
100125
100125
100125
100125
100125
100125
100125
100125
100125
100125
100125
100125
100125
100125
100125
100125
100125
100125
100125
100125
100125
100125
100125
100125
100125
100125
100125
100125
100125
100125
100125
100125
100125
100125
100125
100125
100125
100125
100125
100125
100125
100125
100125
100125
100125
100125
100125
100125
100125
100125
100125
100125
100125
100125
100125
100125
100125
100125
100125
100125
100125
100125
100125
100125
100125
100125
100125
100125
100125
100125
100125
100125
100125
100125
100125
100125
100125
100125
100125
100125
100125
100125
100125
100125
100125
100125
100125
100125
100125
100125
100125
100125
100125
100125
100125
100125
100125
100125
100125
100125
100125
100125
100125
100125
100125
100125
100125
100125
100125
100125
100125
100125
100125
100125
100125
100125
100125
100125
100125
100125
100125
100125
100125
100125
100125
100125
100125
100125
100125
100125
100125
100125
100125
100125
100125
100125
100125
100125
100125
100125
100125
100125
100125
100125
100125
100125
100125
100125
100125
100125
100125
100125
100125
100125
100125
100125
100125
100125
100125
100125
100125
100125
100125
100125
100125
100125
100125
100125
100125
100125
100125
100125
100125
100125
100125
100125
100125
100125
100125
100125
100125
100125
100125
100125
100125
100125
100125
100125
100125
100125
100125
100125
100125
100125
100125
100125
100125
100125
100125
100125
100125
100125
100125
100125
100125
100125
100125
100125
100125
100125
100125
100125
100125
100125
100125
100125
100125
100125
100125
100125
100125
100125
100125
100125
100125
100125
100125
100125
100125
100125
100125
100125
100125
100125
100125
100125
100125
100125
100125
100125
100125
100125
100125
100125
100125
100125
100125
100125
100125
100125
100125
100125
100125
100125
100125
100125
100125
100125
100125
100125
100125
100125
100125
100125
100125
100125
100125
100125
100125
100125
100125
100125
100125
100125
100125
100125
100125
100125
100125
100125
100125
100125
100125
100125
100125
100125
100125
100125
100125
100125
100125
100125
100125
100125
100125
100125
100125
100125
100125
100125
100125
100125
100125
100125
100125
100125
100125
100125
100125
100125
100125
100125
100125
100125
100125
100125
100125
100125
100125
100125
100125
100125
100125
100125
100125
100125
100125
100125
100125
100125
100125
100125
100125
100125
100125
100125
100125
100125
100125
100125
100125
100125
100125
100125
100125
100125
100125
100125
100125
100125
100125
100125
100125
100125
100125
100125
100125
100125
100125
100125
100125
100125
100125
100125
100125
100125
100125
100125
100125
100125
100125
100125
100125
100125
100125
100125
100125
100125
100125
100125
100125
100125
100125
100125
100125
100125
100125
100125
100125
100125
100125
100125
100125
100125
100125
100125
100125
100125
100125
100125
100125
100125
100125
100125
100125
100125
100125
100125
100125
100125
100125
100125
100125
100125
100125
100125
100125
100125
100125
100125
100125
100125
100125
100125
100125
100125
100125
100125
100125
100125
100125
100125
100125
100125
100125
100125
100125
100125
100125
100125
100125
100125
100125
100125
100125
100125
100125
100125
100125
100125
100125
100125
100125
100125
100125
100125
100125
100125
100125
100125
100125
100125
100125
100125
100125
100125
100125
100125
100125
100125
100125
100125
100125
100125
100125
100125
100125
100125
100125
100125
100125
100125
100125
100125
100125
100125
100125
100125
100125
100125
100125
100125
100125
100125
100125
100125
100125
100125
100125
100125
100125
100125
100125
100125
100125
100125
100125
100125
100125
100125
100125
100125
100125
100125
100125
100125
100125
100125
100125
100125
100125
100125
100125
100125
100125
100125
100125
100125
100125
100125
100125
100125
100125
100125
100125
100125
100125
100125
100125
100125
100125
100125
100125
100125
100125
100125
100125
100125
100125
100125
100125
100125
100125
100125
100125
100125
100125
100125
100125
100125
100125
100125
100125
100125
100125
100125
100125
100125
100125
100125
100125
100125
100125
100125
100125
100125
100125
100125
100125
100125
100125
100125
100125
100125
100125
100125
100125
100125
100125
100125
100125
100125
100125
100125
100125
100125
100125
100125
100125
100125
100125
100125
100125
100125
100125
100125
100125
100125
100125
100125
100125
100125
100125
100125
100125
100125
100125
100125
100125
100125
100125
100125
100125
100125
100125
100125
100125
100125
100125
100125
100125
100125
100125
100125
100125
100125
100125
100125
100125
100125
100125
100125
100125
100125
100125
100125
100125
100125
100125
100125
100125
100125
100125
100125
100125
100125
100125
100125
100125
100125
100125
100125
100125
100125
100125
100125
100125
100125
100125
100125
100125
100125
100125
100125
100125
100125
100125
100125
100125
100125
100125
100125
100125
100125
100125
100125
100125
100125
100125
100125
100125
100125
100125
100125
100125
100125
100125
100125
100125
100125
100125
100125
100125
100125
100125
100125
100125
100125
100125
100125
100125
100125
100125
100125
100125
100125
100125
100125
100125
100125
100125
100125
100125
100125
100125
100125
100125
100125
100125
100125
100125
100125
100125
100125
100125
100125
100125
100125
100125
100125
100125
100125
100125
100125
100125
100125
100125
100125
100125
100125
100125
100125
100125
100125
100125
100125
100125
100125
100125
100125
100125
100125
100125
100125
100125
100125
100125
100125
100125
100125
100125
100125
100125
100125
100125
100125
100125
100125
100125
100125
100125
100125
100125
100125
100125
100125
100125
100125
100125
100125
100125
100125
100125
100125
100125
100125
100125
100125
100125
100125
100125
100125
100125
100125
100125
100125
100125
100125
100125
100125
100125
100125
100125
100125
100125
100125
100125
100125
100125
100125
100125
100125
100125
100125
100125
100125
100125
100125
100125
100125
100125
100125
100125
100125
100125
100125
100125
100125
100125
100125
100125
100125
100125
100125
100125
100125
100125
100125
100125
100125
100125
100125
100125
100125
100125
100125
100125
100125
100125
100125
100125
100125
100125
100125
100125
100125
100125
100125
100125
100125
100125
100125
100125
100125
100125
100125
100125
100125
100125
100125
100125
100125
100125
100125
100125
100125
100125
100125
100125
100125
100125
100125
100125
100125
100125
100125
100125
100125
100125
100125
100125
100125
100125
100125
100125
100125
100125
100125
100125
100125
100125
100125
100125
100125
100125
100125
100125
100125
100125
100125
100125
100125
100125
100125
100125
100125
100125
100125
100125
100125
100125
100125
100125
100125
100125
100125
100125
100125
100125
100125
100125
100125
100125
100125
100125
100125
100125
100125
100125
100125
100125
100125
100125
100125
100125
100125
100125
100125
100125
100125
100125
100125
100125
100125
100125
100125
100125
100125
100125
100125
100125
100125
100125
100125
100125
100125
100125
100125
100125
100125
100125
100125
100125
100125
100125
100125
100125
100125
100125
100125
100125
100125
100125
100125
100125
100125
100125
100125
100125
100125
100125
100125
100125
100125
100125
100125
100125
100125
100125
100125
100125
100125
100125
100125
100125
100125
100125
100125
100125
100125
100125
100125
100125
100125
100125
100125
100125
100125
100125
100125
100125
100125
100125
100125
100125
100125
100125
100125
100125
100125
100125
100125
100125
100125
100125
100125
100125
100125
100125
100125
100125
100125
100125
100125
100125
100125
100125
100125
100125
100125
100125
100125
100125
100125
100125
100125
100125
100125
100125
100125
100125
100125
100125
100125
100125
100125
100125
100125
100125
100125
100125
100125
100125
100125
100125
100125
100125
100125
100125
100125
100125
100125
100125
100125
100125
100125
100125
100125
100125
100125
100125
100125
100125
100125
100125
100125
100125
100125
100125
100125
100125
100125
100125
100125
100125
100125
100125
100125
100125
100125
100125
100125
100125
100125
100125
100125
100125
100125
100125
100125
100125
100125
100125
100125
100125
100125
100125
100125
100125
100125
100125
100125
100125
100125
100125
100125
100125
100125
100125
100125
100125
100125
100125
100125
100125
100125
100125
100125
100125
100125
100125
100125
100125
100125
100125
100125
100125
100125
100125
100125
100125
100125
100125
100125
100125
100125
100125
100125
100125
100125
100125
100125
100125
100125
100125
100125
100125
100125
100125
100125
100125
100125
100125
100125
100125
100125
100125
100125
100125
100125
100125
100125
100125
100125
100125
100125
100125
100125
100125
100125
100125
100125
100125
100125
100125
100125
100125
100125
100125
100125
100125
100125
100125
100125
100125
100125
100125
100125
100125
100125
100125
100125
100125
100125
100125
100125
100125
100125
100125
100125
100125
100125
100125
100125
100125
100125
100125
100125
100125
100125
100125
100125
100125
100125
100125
100125
100125
100125
100125
100125
100125
100125
100125
100125
100125
100125
100125
100125
100125
100125
100125
100125
100125
100125
100125
100125
100125
100125
100125
100125
100125
100125
100125
100125
100125
100125
100125
100125
100125
100125
100125
100125
100125
100125
100125
100125
100125
100125
100125
100125
100125
100125
100125
100125
100125
100125
100125
100125
100125
100125
100125
100125
100125
100125
100125
100125
100125
100125
100125
100125
100125
100125
100125
100125
100125
100125
100125
100125
100125
100125
100125
100125
100125
100125
100125
100125
100125
100125
100125
100125
100125
100125
100125
100125
100125
100125
100125
100125
100125
100125
100125
100125
100125
100125
100125
100125
100125
100125
100125
100125
100125
100125
100125
100125
100125
100125
100125
100125
100125
100125
100125
100125
100125
100125
100125
100125
100125
100125
100125
100125
100125
100125
100125
100125
100125
100125
100125
100125
100125
100125
100125
100125
100125
100125
100125
100125
100125
100125
100125
100125
100125
100125
100125
100125
100125
100125
100125
100125
100125
100125
100125
100125
100125
100125
100125
100125
100125
100125
100125
100125
100125
100125
100125
100125
100125
100125
100125
100125
100125
100125
100125
100125
100125
100125
100125
100125
100125
100125
100125
100125
100125
100125
100125
100125
100125
100125
100125
100125
100125
100125
100125
100125
100125
100125
100125
100125
100125
100125
100125
100125
100125
100125
100125
100125
100125
100125
100125
100125
100125
100125
100125
100125
100125
100125
100125
100125
100125
100125
100125
100125
100125
100125
100125
100125
100125
100125
100125
100125
100125
100125
100125
100125
100125
100125
100125
100125
100125
100125
100125
100125
100125
100125
100125
100125
100125
100125
100125
100125
100125
100125
100125
100125
100125
100125
100125
100125
100125
100125
100125
100125
100125
100125
100125
100125
100125
100125
100125
100125
100125
100125
100125
100125
100125
100125
100125
100125
100125
100125
100125
100125
100125
100125
100125
100125
100125
100125
100125
100125
100125
100125
100125
100125
100125
100125
100125
100125
100125
100125
100125
100125
100125
100125
100125
100125
100125
100125
100125
100125
100125
100125
100125
100125
100125
100125
100125
100125
100125
100125
100125
100125
100125
100125
100125
100125
100125
100125
100125
100125
100125
100125
100125
100125
100125
100125
100125
100125
100125
100125
100125
100125
100125
100125
100125
100125
100125
100125
100125
100125
100125
100125
100125
100125
100125
100125
100125
100125
100125
100125
100125
100125
100125
100125
100125
100125
100125
100125
100125
100125
100125
100125
100125
100125
100125
100125
100125
100125
100125
100125
100125
100125
100125
100125
100125
100125
100125
100125
100125
100125
100125
100125
100125
100125
100125
100125
100125
100125
100125
100125
100125
100125
100125
100125
100125
100125
100125
100125
100125
100125
100125
100125
100125
100125
100125
100125
100125
100125
100125
100125
100125
100125
100125
100125
100125
100125
100125
100125
100125
100125
100125
100125
100125
100125
100125
100125
100125
100125
100125
100125
100125
100125
100125
100125
100125
100125
100125
100125
100125
100125
100125
100125
100125
100125
100125
100125
100125
100125
100125
100125
100125
100125
100125
100125
100125
100125
100125
100125
100125
100125
100125
100125
100125
100125
100125
100125
100125
100125
100125
100125
100125
100125
100125
100125
100125
100125
100125
100125
100125
100125
100125
100125
100125
100125
100125
100125
100125
100125
100125
100125
100125
100125
100125
100125
100125
100125
100125
100125
100125
100125
100125
100125
100125
100125
100125
100125
100125
100125
100125
100125
100125
100125
100125
100125
100125
100125
100125
100125
100125
100125
100125
100125
100125
100125
100125
100125
100125
100125
100125
100125
100125
100125
100125
100125
100125
100125
100125
100125
100125
100125
100125
100125
100125
100125
100125
100125
100125
100125
100125
100125
100125
100125
100125
100125
100125
100125
100125
100125
100125
100125
100125
100125
100125
100125
100125
100125
100125
100125
100125
100125
100125
100125
100125
100125
100125
100125
100125
100125
100125
100125
100125
100125
100125
100125
100125
100125
100125
100125
100125
100125
100125
100125
100125
100125
100125
100125
100125
100125
100125
100125
100125
100125
100125
100125
100125
100125
100125
100125
100125
100125
100125
100125
100125
100125
100125
100125
100125
100125
100125
100125
100125
100125
100125
100125
100125
100125
100125
100125
100125
100125
100125
100125
100125
100125
100125
100125
100125
100125
100125
100125
100125
100125
100125
100125
100125
100125
100125
100125
100125
100125
100125
100125
100125
100125
100125
100125
100125
100125
100125
100125
100125
100125
100125
100125
100125
100125
100125
100125
100125
100125
100125
100125
100125
100125
100125
100125
100125
100125
100125
100125
100125
100125
100125
100125
100125
100125
100125
100125
100125
100125
100125
100125
100125
100125
100125
100125
100125
100125
100125
100125
100125
100125
100125
100125
100125
100125
100125
100125
100125
100125
100125
100125
100125
100125
100125
100125
100125
100125
100125
100125
100125
100125
100125
100125
100125
100125
100125
100125
100125
100125
100125
100125
100125
100125
100125
100125
100125
100125
100125
100125
100125
100125
100125
100125
100125
100125
100125
100125
100125
100125
100125
100125
100125
100125
100125
100125
100125
100125
100125
100125
100125
100125
100125
100125
100125
100125
100125
100125
100125
100125
100125
100125
100125
100125
100125
100125
100125
100125
100125
100125
100125
100125
100125
100125
100125
100125
100125
100125
100125
100125
100125
100125
100125
100125
100125
100125
100125
100125
100125
100125
100125
100125
100125
100125
100125
100125
100125
100125
100125
100125
100125
100125
100125
100125
100125
100125
100125
100125
100125
100125
100125
100125
100125
100125
100125
100125
100125
100125
100125
100125
100125
100125
100125
100125
100125
100125
100125
100125
100125
100125
100125
100125
100125
100125
100125
100125
100125
100125
100125
100125
100125
100125
100125
100125
100125
100125
100125
100125
100125
100125
100125
100125
100125
100125
100125
100125
100125
100125
100125
100125
100125
100125
100125
100125
100125
100125
100125
100125
100125
100125
100125
100125
100125
100125
100125
100125
100125
100125
100125
100125
100125
100125
100125
100125
100125
100125
100125
100125
100125
100125
100125
100125
100125
100125
100125
100125
100125
100125
100125
100125
100125
100125
100125
100125
100125
100125
100125
100125
100125
100125
100125
100125
100125
100125
100125
100125
100125
100125
100125
100125
100125
100125
100125
100125
100125
100125
100125
100125
100125
100125
100125
100125
100125
100125
100125
100125
100125
100125
100125
100125
100125
100125
100125
100125
100125
100125
100125
100125
100125
100125
100125
100125
100125
100125
100125
100125
100125
100125
100125
100125
100125
100125
100125
100125
100125
100125
100125
100125
100125
100125
100125
100125
100125
100125
100125
100125
100125
100125
100125
100125
100125
100125
100125
100125
100125
100125
100125
100125
100125
100125
100125
100125
100125
100125
100125
100125
100125
100125
100125
100125
100125
100125
100125
100125
100125
100125
100125
100125
100125
100125
100125
100125
100125
100125
100125
100125
100125
100125
100125
100125
100125
100125
100125
100125
100125
100125
100125
100125
100125
100125
100125
100125
100125
100125
100125
100125
100125
100125
100125
100125
100125
100125
100125
100125
100125
100125
100125
100125
100125
100125
100125
100125
100125
100125
100125
100125
100125
100125
100125
100125
100125
100125
100125
100125
100125
100125
100125
100125
100125
100125
100125
100125
100125
100125
100125
100125
100125
100125
100125
100125
100125
100125
100125
100125
100125
100125
100125
100125
100125
100125
100125
100125
100125
100125
100125
100125
100125
100125
100125
100125
100125
100125
100125
100125
100125
100125
100125
100125
100125
100125
100125
100125
100125
100125
100125
100125
100125
100125
100125
100125
100125
100125
100125
100125
100125
100125
100125
100125
100125
100125
100125
100125
100125
100125
100125
100125
100125
100125
100125
100125
100125
100125
100125
100125
100125
100125
100125
100125
100125
100125
100125
100125
100125
100125
100125
100125
100125
100125
100125
100125
100125
100125
100125
100125
100125
100125
100125
100125
100125
100125
100125
100125
100125
100125
100125
100125
100125
100125
100125
100125
100125
100125
100125
100125
100125
100125
100125
100125
100125
100125
100125
100125
100125
100125
100125
100125
100125
100125
100125
100125
100125
100125
100125
100125
100125
100125
100125
100125
100125
100125
100125
100125
100125
100125
100125
100125
100125
100125
100125
100125
100125
100125
100125
100125
100125
100125
100125
100125
100125
100125
100125
100125
100125
100125
100125
100125
100125
100125
100125
100125
100125
100125
100125
100125
100125
100125
100125
100125
100125
100125
100125
100125
100125
100125
100125
100125
100125
100125
100125
100125
100125
100125
100125
100125
100125
100125
100125
100125
100125
100125
100125
100125
100125
100125
100125
100125
100125
100125
100125
100125
100125
100125
100125
100125
100125
100125
100125
100125
100125
100125
100125
100125
100125
100125
100125
100125
100125
100125
100125
100125
100125
100125
100125
100125
100125
100125
100125
100125
100125
100125
100125
100125
100125
100125
100125
100125
100125
100125
100125
100125
100125
100125
100125
100125
100125
100125
100125
100125
100125
100125
100125
100125
100125
100125
100125
100125
100125
100125
100125
100125
100125
100125
100125
100125
100125
100125
100125
100125
100125
100125
100125
100125
100125
100125
100125
100125
100125
100125
100125
100125
100125
100125
100125
100125
100125
100125
100125
100125
100125
100125
100125
100125
100125
100125
100125
100125
100125
100125
100125
100125
100125
100125
100125
100125
100125
100125
100125
100125
100125
100125
100125
100125
100125
100125
100125
100125
100125
100125
100125
100125
100125
100125
100125
100125
100125
100125
100125
100125
100125
100125
100125
100125
100125
100125
100125
100125
100125
100125
100125
100125
100125
100125
100125
100125
100125
100125
100125
100125
100125
100125
100125
100125
100125
100125
100125
100125
100125
100125
100125
100125
100125
100125
100125
100125
100125
100125
100125
100125
100125
100125
100125
100125
100125
100125
100125
100125
100125
100125
100125
100125
100125
100125
100125
100125
100125
100125
100125
100125
100125
100125
100125
100125
100125
100125
100125
100125
100125
100125
100125
100125
100125
100125
100125
100125
100125
100125
100125
100125
100125
100125
100125
100125
100125
100125
100125
100125
100125
100125
100125
100125
100125
100125
100125
100125
100125
100125
100125
100125
100125
100125
100125
100125
100125
100125
100125
100125
100125
100125
100125
100125
100125
100125
100125
100125
100125
100125
100125
100125
100125
100125
100125
100125
100125
100125
100125
100125
100125
100125
100125
100125
100125
100125
100125
100125
100125
100125
100125
100125
100125
100125
100125
100125
100125
100125
100125
100125
100125
100125
100125
100125
100125
100125
100125
100125
100125
100125
100125
100125
100125
100125
100125
100125
100125
100125
100125
100125
100125
100125
100125
100125
100125
100125
100125
100125
100125
100125
100125
100125
100125
100125
100125
100125
100125
100125
100125
100125
100125
100125
100125
100125
100125
100125
100125
100125
100125
100125
100125
100125
100125
100125
100125
100125
100125
100125
100125
100125
100125
100125
100125
100125
100125
100125
100125
100125
100125
100125
100125
100125
100125
100125
100125
100125
100125
100125
100125
100125
100125
100125
100125
100125
100125
100125
100125
100125
100125
100125
100125
100125
100125
100125
100125
100125
100125
100125
100125
100125
100125
100125
100125
100125
100125
100125
100125
100125
100125
100125
100125
100125
100125
100125
100125
100125
100125
100125
100125
100125
100125
100125
100125
100125
100125
100125
100125
100125
100125
100125
100125
100125
100125
100125
100125
100125
100125
100125
100125
100125
100125
100125
100125
100125
100125
100125
100125
100125
100125
100125
100125
100125
100125
100125
100125
100125
100125
100125
100125
100125
100125
100125
100125
100125
100125
100125
100125
100125
100125
100125
100125
100125
100125
100125
100125
100125
100125
100125
100125
100125
100125
100125
100125
100125
100125
100125
100125
100125
100125
100125
100125
100125
100125
100125
100125
100125
100125
100125
100125
100125
100125
100125
100125
100125
100125
100125
100125
100125
100125
100125
100125
100125
100125
100125
100125
100125
100125
100125
100125
100125
100125
100125
100125
100125
100125
100125
100125
100125
100125
100125
100125
100125
100125
100125
100125
100125
100125
100125
100125
100125
100125
100125
100125
100125
100125
100125
100125
100125
100125
100125
100125
100125
100125
100125
100125
100125
100125
100125
100125
100125
100125
100125
100125
100125
100125
100125
100125
100125
100125
100125
100125
100125
100125
100125
100125
100125
100125
100125
100125
100125
100125
100125
100125
100125
100125
100125
100125
100125
100125
100125
100125
100125
100125
100125
100125
100125
100125
100125
100125
100125
100125
100125
100125
100125
100125
100125
100125
100125
100125
100125
100125
100125
100125
100125
100125
100125
100125
100125
100125
100125
100125
100125
100125
100125
100125
100125
100125
100125
100125
100125
100125
100125
100125
100125
100125
100125
100125
100125
100125
100125
100125
100125
100125
100125
100125
100125
100125
100125
100125
100125
100125
100125
100125
100125
100125
100125
100125
100125
100125
100125
100125
100125
100125
100125
100125
100125
100125
100125
100125
100125
100125
100125
100125
100125
100125
100125
100125
100125
100125
100125
100125
100125
100125
100125
100125
100125
100125
100125
100125
100125
100125
100125
100125
100125
100125
100125
100125
100125
100125
100125
100125
100125
100125
100125
100125
100125
100125
100125
100125
100125
100125
100125
100125
100125
100125
100125
100125
100125
100125
100125
100125
100125
100125
100125
100125
100125
100125
100125
100125
100125
100125
100125
100125
100125
100125
100125
100125
100125
100125
100125
100125
100125
100125
100125
100125
100125
100125
100125
100125
100125
100125
100125
100125
100125
100125
100125
100125
100125
100125
100125
100125
100125
100125
100125
100125
100125
100125
100125
100125
100125
100125
100125
100125
100125
100125
100125
100125
100125
100125
100125
100125
100125
100125
100125
100125
100125
100125
100125
100125
100125
100125
100125
100125
100125
100125
100125
100125
100125
100125
100125
100125
100125
100125
100125
100125
100125
100125
100125
100125
100125
100125
100125
100125
100125
100125
100125
100125
100125
100125
100125
100125
100125
100125
100125
100125
100125
100125
100125
100125
100125
100125
100125
100125
100125
100125
100125
100125
100125
100125
100125
100125
100125
100125
100125
100125
100125
100125
100125
100125
100125
100125
100125
100125
100125
100125
100125
100125
100125
100125
100125
100125
100125
100125
100125
100125
100125
100125
100125
100125
100125
100125
100125
100125
100125
100125
100125
100125
100125
100125
100125
100125
100125
100125
100125
100125
100125
100125
100125
100125
100125
100125
100125
100125
100125
100125
100125
100125
100125
100125
100125
100125
100125
100125
100125
100125
100125
100125
100125
100125
100125
100125
100125
100125
100125
100125
100125
100125
100125
100125
100125
100125
100125
100125
100125
100125
100125
100125
100125
100125
100125
100125
100125
100125
100125
100125
100125
100125
100125
100125
100125
100125
100125
100125
100125
100125
100125
100125
100125
100125
100125
100125
100125
100125
100125
100125
100125
100125
100125
100125
100125
100125
100125
100125
100125
100125
100125
100125
100125
100125
100125
100125
100125
100125
100125
100125
100125
100125
100125
100125
100125
100125
100125
100125
100125
100125
100125
100125
100125
100125
100125
100125
100125
100125
100125
100125
100125
100125
100125
100125
100125
100125
100125
100125
100125
100125
100125
100125
100125
100125
100125
100125
100125
100125
100125
100125
100125
100125
100125
100125
100125
100125
100125
100125
100125
100125
100125
100125
100125
100125
100125
100125
100125
100125
100125
100125
100125
100125
100125
100125
100125
100125
100125
100125
100125
100125
100125
100125
100125
100125
100125
100125
100125
100125
100125
100125
100125
100125
100125
100125
100125
100125
100125
100125
100125
100125
100125
100125
100125
100125
100125
100125
100125
100125
100125
100125
100125
100125
100125
100125
100125
100125
100125
100125
100125
100125
100125
100125
100125
100125
100125
100125
100125
100125
100125
100125
100125
100125
100125
100125
100125
100125
100125
100125
100125
100125
100125
100125
100125
100125
100125
100125
100125
100125
100125
100125
100125
100125
)
;

boundaryField
{
    floor
    {
        type            buoyantPressure;
        gradient        uniform -0;
        rho             rho;
        value           nonuniform List<scalar> 
400
(
100125
100125
100125
100125
100125
100125
100125
100125
100125
100125
100125
100125
100125
100125
100125
100125
100125
100125
100125
100125
100125
100125
100125
100125
100125
100125
100125
100125
100125
100125
100125
100125
100125
100125
100125
100125
100125
100125
100125
100125
100125
100125
100125
100125
100125
100125
100125
100125
100125
100125
100125
100125
100125
100125
100125
100125
100125
100125
100125
100125
100125
100125
100125
100125
100125
100125
100125
100125
100125
100125
100125
100125
100125
100125
100125
100125
100125
100125
100125
100125
100125
100125
100125
100125
100125
100125
100125
100125
100125
100125
100125
100125
100125
100125
100125
100125
100125
100125
100125
100125
100125
100125
100125
100125
100125
100125
100125
100125
100125
100125
100125
100125
100125
100125
100125
100125
100125
100125
100125
100125
100125
100125
100125
100125
100125
100125
100125
100125
100125
100125
100125
100125
100125
100125
100125
100125
100125
100125
100125
100125
100125
100125
100125
100125
100125
100125
100125
100125
100125
100125
100125
100125
100125
100125
100125
100125
100125
100125
100125
100125
100125
100125
100125
100125
100125
100125
100125
100125
100125
100125
100125
100125
100125
100125
100125
100125
100125
100125
100125
100125
100125
100125
100125
100125
100125
100125
100125
100125
100125
100125
100125
100125
100125
100125
100125
100125
100125
100125
100125
100125
100125
100125
100125
100125
100125
100125
100125
100125
100125
100125
100125
100125
100125
100125
100125
100125
100125
100125
100125
100125
100125
100125
100125
100125
100125
100125
100125
100125
100125
100125
100125
100125
100125
100125
100125
100125
100125
100125
100125
100125
100125
100125
100125
100125
100125
100125
100125
100125
100125
100125
100125
100125
100125
100125
100125
100125
100125
100125
100125
100125
100125
100125
100125
100125
100125
100125
100125
100125
100125
100125
100125
100125
100125
100125
100125
100125
100125
100125
100125
100125
100125
100125
100125
100125
100125
100125
100125
100125
100125
100125
100125
100125
100125
100125
100125
100125
100125
100125
100125
100125
100125
100125
100125
100125
100125
100125
100125
100125
100125
100125
100125
100125
100125
100125
100125
100125
100125
100125
100125
100125
100125
100125
100125
100125
100125
100125
100125
100125
100125
100125
100125
100125
100125
100125
100125
100125
100125
100125
100125
100125
100125
100125
100125
100125
100125
100125
100125
100125
100125
100125
100125
100125
100125
100125
100125
100125
100125
100125
100125
100125
100125
100125
100125
100125
100125
100125
100125
100125
100125
100125
100125
100125
100125
100125
100125
100125
100125
100125
100125
100125
100125
100125
100125
100125
100125
100125
100125
100125
100125
100125
100125
100125
100125
100125
100125
100125
100125
100125
100125
100125
)
;
    }
    ceiling
    {
        type            buoyantPressure;
        gradient        nonuniform List<scalar> 
400
(
0.208543
0.209993
0.211561
0.213089
0.214507
0.21578
0.216848
0.217629
0.218006
0.217874
0.218257
0.218742
0.218456
0.217703
0.216638
0.215353
0.213908
0.212335
0.210699
0.209154
0.209993
0.211391
0.21306
0.214796
0.216484
0.218059
0.219431
0.220476
0.221014
0.22088
0.221296
0.221764
0.221332
0.220335
0.218988
0.217426
0.21574
0.213985
0.212263
0.210758
0.211561
0.21306
0.214853
0.216752
0.218648
0.220476
0.222122
0.223427
0.224141
0.223989
0.224415
0.224876
0.224273
0.223033
0.221431
0.219638
0.21777
0.215881
0.214062
0.212471
0.213089
0.214796
0.216752
0.218823
0.220934
0.223043
0.225011
0.226638
0.227595
0.227473
0.227927
0.228316
0.22748
0.225929
0.224012
0.221952
0.219891
0.217855
0.215902
0.214126
0.214507
0.216484
0.218648
0.220934
0.223327
0.225817
0.228238
0.230344
0.231748
0.231892
0.232395
0.232495
0.231212
0.229185
0.22682
0.224376
0.222039
0.219809
0.217673
0.215653
0.21578
0.218059
0.220476
0.223043
0.225817
0.228807
0.231806
0.234569
0.236674
0.237401
0.23795
0.237439
0.235449
0.232764
0.229824
0.226887
0.224173
0.221679
0.219312
0.217014
0.216848
0.219431
0.222122
0.225011
0.228238
0.231806
0.235538
0.239246
0.242525
0.244552
0.245138
0.243292
0.240116
0.236486
0.232816
0.229307
0.22615
0.223348
0.220728
0.21815
0.217629
0.220476
0.223427
0.226638
0.230344
0.234569
0.239246
0.24435
0.249677
0.254646
0.255267
0.250429
0.245187
0.240155
0.235544
0.231386
0.227762
0.224654
0.221795
0.218976
0.218006
0.221014
0.224141
0.227595
0.231748
0.236674
0.242525
0.249677
0.258617
0.270094
0.270747
0.259303
0.250433
0.24335
0.237577
0.232735
0.22868
0.225349
0.22233
0.219368
0.217874
0.22088
0.223989
0.227473
0.231892
0.237401
0.244552
0.254646
0.270094
0.296465
0.29717
0.270641
0.255226
0.245222
0.238183
0.232787
0.228483
0.225143
0.222158
0.219209
0.218257
0.221296
0.224415
0.227927
0.232395
0.23795
0.245138
0.255267
0.270747
0.29717
0.296154
0.270438
0.255369
0.245522
0.238548
0.233178
0.228875
0.225543
0.222575
0.219611
0.218742
0.221764
0.224876
0.228316
0.232495
0.237439
0.243292
0.250428
0.259303
0.270641
0.270438
0.259401
0.250784
0.243857
0.238182
0.233397
0.229366
0.226079
0.22309
0.220119
0.218456
0.221332
0.224273
0.22748
0.231212
0.235449
0.240116
0.245187
0.250433
0.255226
0.255369
0.250784
0.245745
0.240847
0.236328
0.232223
0.228621
0.225547
0.222709
0.219862
0.217703
0.220335
0.223033
0.225929
0.229185
0.232763
0.236486
0.240155
0.24335
0.245221
0.245522
0.243857
0.240847
0.237332
0.23374
0.230277
0.227138
0.224357
0.221742
0.219116
0.216638
0.218988
0.221431
0.224012
0.22682
0.229824
0.232816
0.235544
0.237577
0.238183
0.238548
0.238182
0.236328
0.23374
0.230867
0.227965
0.225267
0.222783
0.220404
0.218033
0.215353
0.217426
0.219638
0.221952
0.224376
0.226886
0.229307
0.231386
0.232735
0.232787
0.233178
0.233397
0.232223
0.230277
0.227965
0.22555
0.223228
0.220994
0.218824
0.216704
0.213908
0.21574
0.21777
0.219891
0.222039
0.224173
0.22615
0.227762
0.22868
0.228483
0.228875
0.229366
0.228621
0.227138
0.225267
0.223228
0.221165
0.219105
0.217092
0.215186
0.212335
0.213985
0.215881
0.217855
0.219809
0.221679
0.223348
0.224654
0.225349
0.225143
0.225543
0.226079
0.225547
0.224357
0.222783
0.220994
0.219105
0.217168
0.215258
0.213507
0.210699
0.212263
0.214062
0.215902
0.217673
0.219312
0.220728
0.221795
0.22233
0.222158
0.222575
0.22309
0.222709
0.221742
0.220404
0.218824
0.217092
0.215258
0.213414
0.211725
0.209154
0.210758
0.212471
0.214126
0.215653
0.217014
0.21815
0.218975
0.219368
0.219209
0.219611
0.220119
0.219862
0.219116
0.218033
0.216704
0.215186
0.213507
0.211725
0.209992
)
;
        rho             rho;
        value           nonuniform List<scalar> 
400
(
100125
100125
100125
100125
100125
100125
100125
100125
100125
100125
100125
100125
100125
100125
100125
100125
100125
100125
100125
100125
100125
100125
100125
100125
100125
100125
100125
100125
100125
100125
100125
100125
100125
100125
100125
100125
100125
100125
100125
100125
100125
100125
100125
100125
100125
100125
100125
100125
100125
100125
100125
100125
100125
100125
100125
100125
100125
100125
100125
100125
100125
100125
100125
100125
100125
100125
100125
100125
100125
100125
100125
100125
100125
100125
100125
100125
100125
100125
100125
100125
100125
100125
100125
100125
100125
100125
100125
100125
100125
100125
100125
100125
100125
100125
100125
100125
100125
100125
100125
100125
100125
100125
100125
100125
100125
100125
100125
100125
100125
100125
100125
100125
100125
100125
100125
100125
100125
100125
100125
100125
100125
100125
100125
100125
100125
100125
100125
100125
100125
100125
100125
100125
100125
100125
100125
100125
100125
100125
100125
100125
100125
100125
100125
100125
100125
100125
100125
100125
100125
100125
100125
100125
100125
100125
100125
100125
100125
100125
100125
100125
100125
100125
100125
100125
100125
100125
100125
100125
100125
100125
100125
100125
100125
100125
100125
100125
100125
100125
100125
100125
100125
100125
100125
100125
100125
100125
100125
100125
100125
100125
100125
100125
100125
100125
100125
100125
100125
100125
100125
100125
100125
100125
100125
100125
100125
100125
100125
100125
100125
100125
100125
100125
100125
100125
100125
100125
100125
100125
100125
100125
100125
100125
100125
100125
100125
100125
100125
100125
100125
100125
100125
100125
100125
100125
100125
100125
100125
100125
100125
100125
100125
100125
100125
100125
100125
100125
100125
100125
100125
100125
100125
100125
100125
100125
100125
100125
100125
100125
100125
100125
100125
100125
100125
100125
100125
100125
100125
100125
100125
100125
100125
100125
100125
100125
100125
100125
100125
100125
100125
100125
100125
100125
100125
100125
100125
100125
100125
100125
100125
100125
100125
100125
100125
100125
100125
100125
100125
100125
100125
100125
100125
100125
100125
100125
100125
100125
100125
100125
100125
100125
100125
100125
100125
100125
100125
100125
100125
100125
100125
100125
100125
100125
100125
100125
100125
100125
100125
100125
100125
100125
100125
100125
100125
100125
100125
100125
100125
100125
100125
100125
100125
100125
100125
100125
100125
100125
100125
100125
100125
100125
100125
100125
100125
100125
100125
100125
100125
100125
100125
100125
100125
100125
100125
100125
100125
100125
100125
100125
100125
100125
100125
100125
100125
100125
100125
100125
100125
100125
100125
100125
100125
100125
100125
100125
100125
100125
100125
100125
100125
100125
100125
100125
100125
100125
100125
100125
100125
100125
100125
100125
)
;
    }
    fixedWalls
    {
        type            buoyantPressure;
        gradient        uniform 0;
        rho             rho;
        value           nonuniform List<scalar> 
800
(
100125
100125
100125
100125
100125
100125
100125
100125
100125
100125
100125
100125
100125
100125
100125
100125
100125
100125
100125
100125
100125
100125
100125
100125
100125
100125
100125
100125
100125
100125
100125
100125
100125
100125
100125
100125
100125
100125
100125
100125
100125
100125
100125
100125
100125
100125
100125
100125
100125
100125
100125
100125
100125
100125
100125
100125
100125
100125
100125
100125
100125
100125
100125
100125
100125
100125
100125
100125
100125
100125
100125
100125
100125
100125
100125
100125
100125
100125
100125
100125
100125
100125
100125
100125
100125
100125
100125
100125
100125
100125
100125
100125
100125
100125
100125
100125
100125
100125
100125
100125
100125
100125
100125
100125
100125
100125
100125
100125
100125
100125
100125
100125
100125
100125
100125
100125
100125
100125
100125
100125
100125
100125
100125
100125
100125
100125
100125
100125
100125
100125
100125
100125
100125
100125
100125
100125
100125
100125
100125
100125
100125
100125
100125
100125
100125
100125
100125
100125
100125
100125
100125
100125
100125
100125
100125
100125
100125
100125
100125
100125
100125
100125
100125
100125
100125
100125
100125
100125
100125
100125
100125
100125
100125
100125
100125
100125
100125
100125
100125
100125
100125
100125
100125
100125
100125
100125
100125
100125
100125
100125
100125
100125
100125
100125
100125
100125
100125
100125
100125
100125
100125
100125
100125
100125
100125
100125
100125
100125
100125
100125
100125
100125
100125
100125
100125
100125
100125
100125
100125
100125
100125
100125
100125
100125
100125
100125
100125
100125
100125
100125
100125
100125
100125
100125
100125
100125
100125
100125
100125
100125
100125
100125
100125
100125
100125
100125
100125
100125
100125
100125
100125
100125
100125
100125
100125
100125
100125
100125
100125
100125
100125
100125
100125
100125
100125
100125
100125
100125
100125
100125
100125
100125
100125
100125
100125
100125
100125
100125
100125
100125
100125
100125
100125
100125
100125
100125
100125
100125
100125
100125
100125
100125
100125
100125
100125
100125
100125
100125
100125
100125
100125
100125
100125
100125
100125
100125
100125
100125
100125
100125
100125
100125
100125
100125
100125
100125
100125
100125
100125
100125
100125
100125
100125
100125
100125
100125
100125
100125
100125
100125
100125
100125
100125
100125
100125
100125
100125
100125
100125
100125
100125
100125
100125
100125
100125
100125
100125
100125
100125
100125
100125
100125
100125
100125
100125
100125
100125
100125
100125
100125
100125
100125
100125
100125
100125
100125
100125
100125
100125
100125
100125
100125
100125
100125
100125
100125
100125
100125
100125
100125
100125
100125
100125
100125
100125
100125
100125
100125
100125
100125
100125
100125
100125
100125
100125
100125
100125
100125
100125
100125
100125
100125
100125
100125
100125
100125
100125
100125
100125
100125
100125
100125
100125
100125
100125
100125
100125
100125
100125
100125
100125
100125
100125
100125
100125
100125
100125
100125
100125
100125
100125
100125
100125
100125
100125
100125
100125
100125
100125
100125
100125
100125
100125
100125
100125
100125
100125
100125
100125
100125
100125
100125
100125
100125
100125
100125
100125
100125
100125
100125
100125
100125
100125
100125
100125
100125
100125
100125
100125
100125
100125
100125
100125
100125
100125
100125
100125
100125
100125
100125
100125
100125
100125
100125
100125
100125
100125
100125
100125
100125
100125
100125
100125
100125
100125
100125
100125
100125
100125
100125
100125
100125
100125
100125
100125
100125
100125
100125
100125
100125
100125
100125
100125
100125
100125
100125
100125
100125
100125
100125
100125
100125
100125
100125
100125
100125
100125
100125
100125
100125
100125
100125
100125
100125
100125
100125
100125
100125
100125
100125
100125
100125
100125
100125
100125
100125
100125
100125
100125
100125
100125
100125
100125
100125
100125
100125
100125
100125
100125
100125
100125
100125
100125
100125
100125
100125
100125
100125
100125
100125
100125
100125
100125
100125
100125
100125
100125
100125
100125
100125
100125
100125
100125
100125
100125
100125
100125
100125
100125
100125
100125
100125
100125
100125
100125
100125
100125
100125
100125
100125
100125
100125
100125
100125
100125
100125
100125
100125
100125
100125
100125
100125
100125
100125
100125
100125
100125
100125
100125
100125
100125
100125
100125
100125
100125
100125
100125
100125
100125
100125
100125
100125
100125
100125
100125
100125
100125
100125
100125
100125
100125
100125
100125
100125
100125
100125
100125
100125
100125
100125
100125
100125
100125
100125
100125
100125
100125
100125
100125
100125
100125
100125
100125
100125
100125
100125
100125
100125
100125
100125
100125
100125
100125
100125
100125
100125
100125
100125
100125
100125
100125
100125
100125
100125
100125
100125
100125
100125
100125
100125
100125
100125
100125
100125
100125
100125
100125
100125
100125
100125
100125
100125
100125
100125
100125
100125
100125
100125
100125
100125
100125
100125
100125
100125
100125
100125
100125
100125
100125
100125
100125
100125
100125
100125
100125
100125
100125
100125
100125
100125
100125
100125
100125
100125
100125
100125
100125
100125
100125
100125
100125
100125
100125
100125
100125
100125
100125
100125
100125
100125
100125
100125
100125
100125
100125
100125
100125
100125
100125
100125
100125
100125
100125
100125
100125
100125
100125
100125
100125
100125
100125
100125
100125
100125
100125
100125
100125
100125
100125
100125
100125
100125
100125
100125
100125
100125
100125
100125
100125
100125
100125
100125
100125
100125
100125
100125
100125
100125
100125
100125
)
;
    }
}


// ************************************************************************* //
