/*--------------------------------*- C++ -*----------------------------------*\
| =========                 |                                                 |
| \\      /  F ield         | OpenFOAM: The Open Source CFD Toolbox           |
|  \\    /   O peration     | Version:  1.7.1                                 |
|   \\  /    A nd           | Web:      www.OpenFOAM.com                      |
|    \\/     M anipulation  |                                                 |
\*---------------------------------------------------------------------------*/
FoamFile
{
    version     2.0;
    format      ascii;
    class       volScalarField;
    location    "1800";
    object      T;
}
// * * * * * * * * * * * * * * * * * * * * * * * * * * * * * * * * * * * * * //

dimensions      [0 0 0 1 0 0 0];

internalField   nonuniform List<scalar> 
4000
(
300.228
300.227
300.227
300.227
300.227
300.226
300.226
300.225
300.224
300.223
300.222
300.222
300.222
300.222
300.223
300.223
300.224
300.223
300.224
300.224
300.253
300.255
300.257
300.26
300.26
300.26
300.262
300.262
300.262
300.261
300.261
300.261
300.261
300.26
300.259
300.259
300.258
300.256
300.253
300.251
300.293
300.283
300.276
300.274
300.276
300.279
300.28
300.28
300.28
300.28
300.28
300.28
300.28
300.28
300.277
300.275
300.273
300.276
300.282
300.292
300.312
300.311
300.307
300.3
300.295
300.289
300.288
300.289
300.29
300.291
300.291
300.29
300.288
300.288
300.291
300.294
300.299
300.305
300.311
300.313
300.31
300.311
300.311
300.31
300.306
300.304
300.302
300.3
300.299
300.299
300.298
300.299
300.3
300.302
300.303
300.306
300.31
300.312
300.312
300.311
300.306
300.308
300.309
300.309
300.309
300.309
300.309
300.308
300.308
300.308
300.308
300.308
300.308
300.309
300.309
300.31
300.31
300.31
300.308
300.307
300.302
300.304
300.305
300.306
300.307
300.307
300.308
300.308
300.308
300.308
300.308
300.308
300.308
300.308
300.308
300.308
300.307
300.306
300.304
300.302
300.297
300.299
300.301
300.302
300.303
300.304
300.304
300.305
300.305
300.305
300.305
300.306
300.306
300.305
300.305
300.304
300.303
300.301
300.3
300.297
300.291
300.293
300.295
300.297
300.298
300.299
300.3
300.301
300.301
300.301
300.301
300.302
300.302
300.301
300.3
300.299
300.298
300.296
300.294
300.292
300.284
300.286
300.288
300.29
300.292
300.293
300.295
300.296
300.296
300.296
300.297
300.297
300.297
300.296
300.295
300.293
300.291
300.289
300.287
300.285
300.227
300.227
300.227
300.226
300.226
300.225
300.225
300.225
300.223
300.222
300.221
300.222
300.222
300.222
300.222
300.223
300.224
300.223
300.223
300.224
300.255
300.255
300.258
300.26
300.26
300.261
300.262
300.262
300.261
300.261
300.261
300.261
300.261
300.26
300.259
300.259
300.258
300.256
300.254
300.254
300.283
300.278
300.275
300.274
300.276
300.279
300.28
300.28
300.28
300.281
300.281
300.28
300.28
300.279
300.277
300.274
300.273
300.275
300.278
300.281
300.311
300.308
300.304
300.299
300.294
300.29
300.288
300.29
300.292
300.292
300.292
300.291
300.289
300.289
300.291
300.294
300.297
300.302
300.308
300.311
300.311
300.311
300.31
300.308
300.305
300.302
300.3
300.299
300.297
300.297
300.297
300.297
300.299
300.3
300.301
300.305
300.309
300.311
300.311
300.312
300.308
300.308
300.309
300.309
300.308
300.307
300.305
300.304
300.304
300.304
300.304
300.304
300.304
300.305
300.307
300.308
300.309
300.309
300.309
300.308
300.304
300.304
300.305
300.306
300.306
300.306
300.306
300.305
300.305
300.305
300.305
300.305
300.305
300.306
300.306
300.307
300.307
300.306
300.305
300.304
300.299
300.3
300.301
300.302
300.303
300.303
300.303
300.303
300.303
300.303
300.303
300.304
300.304
300.304
300.304
300.304
300.303
300.302
300.301
300.3
300.293
300.295
300.297
300.298
300.299
300.3
300.301
300.302
300.302
300.302
300.302
300.302
300.302
300.302
300.301
300.3
300.299
300.298
300.296
300.294
300.286
300.288
300.29
300.292
300.294
300.296
300.298
300.3
300.3
300.3
300.301
300.301
300.301
300.299
300.298
300.296
300.293
300.291
300.289
300.287
300.227
300.227
300.227
300.227
300.226
300.225
300.225
300.224
300.223
300.222
300.222
300.222
300.222
300.221
300.221
300.223
300.224
300.224
300.224
300.224
300.257
300.258
300.26
300.261
300.26
300.261
300.262
300.262
300.262
300.261
300.261
300.261
300.261
300.26
300.259
300.259
300.259
300.257
300.256
300.256
300.276
300.275
300.273
300.274
300.276
300.279
300.28
300.28
300.281
300.281
300.281
300.281
300.28
300.279
300.277
300.275
300.273
300.274
300.275
300.276
300.307
300.304
300.3
300.296
300.293
300.289
300.289
300.291
300.292
300.293
300.293
300.292
300.29
300.289
300.29
300.292
300.295
300.298
300.302
300.306
300.311
300.31
300.309
300.306
300.303
300.301
300.299
300.298
300.297
300.297
300.297
300.297
300.298
300.299
300.3
300.303
300.307
300.31
300.311
300.312
300.309
300.309
300.308
300.308
300.307
300.305
300.303
300.302
300.301
300.301
300.301
300.301
300.302
300.303
300.305
300.307
300.309
300.309
300.309
300.31
300.305
300.305
300.306
300.305
300.305
300.304
300.303
300.302
300.302
300.302
300.302
300.302
300.303
300.304
300.305
300.306
300.306
300.306
300.306
300.306
300.301
300.301
300.302
300.302
300.302
300.302
300.302
300.301
300.301
300.3
300.301
300.301
300.301
300.302
300.303
300.303
300.303
300.303
300.302
300.302
300.295
300.297
300.298
300.299
300.3
300.3
300.3
300.3
300.3
300.299
300.299
300.3
300.301
300.301
300.301
300.3
300.3
300.299
300.298
300.296
300.288
300.29
300.292
300.295
300.297
300.3
300.302
300.303
300.304
300.304
300.305
300.305
300.305
300.303
300.301
300.298
300.296
300.294
300.291
300.289
300.227
300.226
300.227
300.227
300.226
300.225
300.225
300.225
300.224
300.223
300.222
300.222
300.222
300.221
300.221
300.222
300.223
300.224
300.224
300.224
300.26
300.26
300.261
300.261
300.261
300.262
300.262
300.262
300.262
300.262
300.262
300.261
300.261
300.261
300.26
300.259
300.259
300.259
300.258
300.258
300.274
300.274
300.274
300.275
300.278
300.28
300.281
300.281
300.282
300.282
300.282
300.281
300.28
300.28
300.278
300.276
300.274
300.273
300.274
300.274
300.3
300.299
300.296
300.293
300.291
300.289
300.29
300.292
300.293
300.293
300.293
300.292
300.291
300.289
300.289
300.291
300.293
300.295
300.298
300.3
300.31
300.308
300.306
300.304
300.301
300.3
300.298
300.297
300.297
300.298
300.298
300.297
300.298
300.299
300.299
300.301
300.304
300.307
300.309
300.31
300.309
300.309
300.308
300.307
300.305
300.303
300.302
300.3
300.3
300.299
300.3
300.3
300.301
300.302
300.304
300.306
300.307
300.309
300.309
300.31
300.306
300.306
300.305
300.305
300.304
300.303
300.302
300.301
300.3
300.3
300.3
300.3
300.301
300.302
300.304
300.305
300.306
300.306
300.307
300.307
300.302
300.302
300.302
300.302
300.301
300.301
300.3
300.299
300.299
300.298
300.298
300.299
300.299
300.3
300.301
300.302
300.303
300.303
300.303
300.303
300.297
300.298
300.299
300.299
300.299
300.299
300.299
300.299
300.299
300.298
300.298
300.299
300.3
300.3
300.3
300.3
300.3
300.3
300.299
300.298
300.29
300.292
300.295
300.297
300.3
300.303
300.306
300.308
300.309
300.309
300.309
300.31
300.309
300.307
300.304
300.302
300.299
300.296
300.294
300.291
300.227
300.226
300.226
300.226
300.225
300.225
300.225
300.225
300.224
300.224
300.223
300.223
300.222
300.221
300.22
300.221
300.222
300.222
300.223
300.223
300.26
300.26
300.26
300.261
300.262
300.263
300.263
300.263
300.263
300.263
300.262
300.262
300.261
300.261
300.26
300.259
300.259
300.259
300.258
300.258
300.276
300.276
300.276
300.278
300.28
300.281
300.281
300.282
300.282
300.282
300.282
300.282
300.281
300.28
300.28
300.278
300.276
300.275
300.275
300.276
300.295
300.294
300.293
300.291
300.289
300.289
300.291
300.292
300.293
300.294
300.294
300.293
300.292
300.29
300.289
300.29
300.291
300.293
300.294
300.295
300.306
300.305
300.303
300.301
300.3
300.298
300.297
300.297
300.297
300.298
300.298
300.298
300.297
300.298
300.299
300.3
300.301
300.303
300.305
300.307
300.309
300.308
300.307
300.305
300.304
300.302
300.301
300.3
300.299
300.299
300.299
300.3
300.3
300.301
300.303
300.304
300.306
300.307
300.309
300.31
300.307
300.306
300.305
300.304
300.303
300.302
300.3
300.299
300.299
300.298
300.299
300.299
300.3
300.301
300.302
300.304
300.305
300.306
300.307
300.308
300.303
300.303
300.302
300.301
300.3
300.299
300.299
300.298
300.297
300.297
300.297
300.298
300.298
300.299
300.3
300.301
300.302
300.303
300.304
300.304
300.298
300.299
300.3
300.299
300.299
300.299
300.299
300.299
300.299
300.298
300.298
300.299
300.3
300.3
300.3
300.3
300.3
300.301
300.301
300.299
300.292
300.294
300.297
300.3
300.303
300.307
300.31
300.313
300.314
300.315
300.315
300.315
300.314
300.311
300.308
300.305
300.302
300.299
300.296
300.293
300.226
300.225
300.225
300.225
300.225
300.225
300.226
300.226
300.226
300.225
300.225
300.224
300.222
300.221
300.22
300.22
300.22
300.221
300.222
300.222
300.26
300.261
300.261
300.262
300.263
300.263
300.263
300.263
300.263
300.263
300.263
300.262
300.261
300.261
300.26
300.26
300.259
300.259
300.259
300.259
300.279
300.279
300.279
300.28
300.281
300.281
300.282
300.283
300.283
300.283
300.283
300.282
300.282
300.281
300.28
300.28
300.279
300.278
300.278
300.279
300.289
300.29
300.289
300.289
300.289
300.29
300.292
300.293
300.294
300.294
300.294
300.293
300.292
300.291
300.29
300.289
300.289
300.29
300.291
300.29
300.304
300.302
300.301
300.3
300.298
300.297
300.297
300.297
300.297
300.298
300.298
300.298
300.297
300.298
300.298
300.299
300.3
300.301
300.302
300.304
300.309
300.307
300.305
300.303
300.302
300.301
300.3
300.299
300.298
300.298
300.299
300.299
300.3
300.301
300.302
300.303
300.304
300.306
300.307
300.31
300.307
300.306
300.304
300.303
300.302
300.301
300.299
300.298
300.298
300.297
300.297
300.298
300.299
300.3
300.301
300.303
300.304
300.305
300.307
300.308
300.304
300.303
300.302
300.301
300.299
300.299
300.298
300.297
300.297
300.296
300.296
300.297
300.298
300.299
300.299
300.3
300.301
300.303
300.304
300.305
300.299
300.3
300.3
300.299
300.299
300.299
300.3
300.3
300.3
300.299
300.299
300.3
300.301
300.301
300.3
300.3
300.3
300.301
300.302
300.301
300.293
300.296
300.3
300.303
300.307
300.311
300.315
300.318
300.321
300.322
300.323
300.322
300.319
300.316
300.312
300.308
300.304
300.301
300.298
300.295
300.226
300.225
300.225
300.225
300.225
300.226
300.226
300.226
300.227
300.227
300.226
300.224
300.223
300.221
300.22
300.22
300.22
300.221
300.221
300.221
300.262
300.262
300.262
300.262
300.263
300.263
300.264
300.264
300.264
300.264
300.263
300.262
300.262
300.261
300.26
300.26
300.26
300.26
300.26
300.26
300.28
300.28
300.28
300.281
300.281
300.282
300.283
300.283
300.283
300.283
300.283
300.283
300.282
300.281
300.281
300.28
300.28
300.279
300.279
300.28
300.288
300.288
300.289
300.29
300.291
300.292
300.293
300.293
300.294
300.294
300.294
300.294
300.293
300.292
300.291
300.29
300.29
300.289
300.288
300.288
300.302
300.3
300.299
300.298
300.297
300.297
300.297
300.297
300.297
300.298
300.298
300.298
300.297
300.297
300.298
300.298
300.299
300.3
300.301
300.304
300.309
300.305
300.303
300.302
300.301
300.3
300.299
300.298
300.298
300.298
300.298
300.299
300.299
300.3
300.301
300.302
300.303
300.304
300.306
300.309
300.308
300.306
300.303
300.302
300.3
300.299
300.298
300.298
300.297
300.296
300.296
300.297
300.298
300.299
300.3
300.301
300.303
300.304
300.306
300.309
300.304
300.303
300.302
300.3
300.299
300.298
300.297
300.297
300.296
300.295
300.295
300.296
300.297
300.298
300.299
300.3
300.301
300.303
300.305
300.306
300.3
300.301
300.3
300.299
300.299
300.3
300.301
300.301
300.302
300.302
300.302
300.302
300.302
300.301
300.301
300.3
300.3
300.301
300.302
300.302
300.295
300.298
300.302
300.306
300.31
300.315
300.319
300.324
300.329
300.331
300.332
300.33
300.326
300.321
300.316
300.311
300.307
300.303
300.3
300.297
300.225
300.225
300.224
300.225
300.225
300.226
300.226
300.227
300.228
300.23
300.229
300.225
300.223
300.221
300.221
300.22
300.22
300.221
300.221
300.221
300.262
300.262
300.262
300.262
300.263
300.263
300.264
300.264
300.265
300.265
300.264
300.263
300.262
300.261
300.26
300.26
300.26
300.26
300.26
300.26
300.28
300.28
300.28
300.281
300.282
300.283
300.283
300.284
300.284
300.283
300.283
300.283
300.283
300.282
300.281
300.281
300.28
300.28
300.28
300.28
300.289
300.29
300.291
300.292
300.292
300.293
300.293
300.294
300.294
300.294
300.294
300.294
300.294
300.293
300.293
300.292
300.292
300.291
300.29
300.29
300.3
300.299
300.298
300.297
300.297
300.297
300.297
300.297
300.297
300.298
300.298
300.298
300.297
300.297
300.297
300.298
300.298
300.298
300.3
300.301
300.308
300.304
300.302
300.3
300.3
300.299
300.298
300.298
300.298
300.298
300.299
300.298
300.299
300.299
300.3
300.3
300.301
300.303
300.305
300.309
300.308
300.305
300.302
300.301
300.299
300.298
300.298
300.297
300.296
300.296
300.296
300.296
300.297
300.298
300.299
300.3
300.301
300.303
300.306
300.309
300.305
300.303
300.301
300.299
300.298
300.297
300.297
300.296
300.295
300.295
300.295
300.296
300.297
300.297
300.298
300.299
300.3
300.302
300.305
300.306
300.301
300.302
300.3
300.299
300.299
300.3
300.301
300.303
300.305
300.312
300.312
300.306
300.303
300.302
300.301
300.3
300.3
300.302
300.303
300.302
300.296
300.3
300.303
300.308
300.313
300.318
300.324
300.331
300.338
300.345
300.346
300.339
300.332
300.326
300.319
300.314
300.309
300.305
300.301
300.298
300.224
300.223
300.223
300.224
300.224
300.226
300.227
300.228
300.23
300.234
300.232
300.226
300.224
300.222
300.221
300.22
300.22
300.221
300.221
300.22
300.262
300.261
300.262
300.262
300.263
300.263
300.264
300.265
300.265
300.273
300.272
300.263
300.262
300.261
300.261
300.26
300.26
300.26
300.26
300.261
300.28
300.28
300.281
300.282
300.282
300.283
300.283
300.284
300.283
300.289
300.288
300.283
300.283
300.282
300.282
300.281
300.281
300.281
300.28
300.28
300.29
300.292
300.292
300.293
300.293
300.294
300.294
300.294
300.294
300.3
300.3
300.294
300.294
300.294
300.294
300.293
300.293
300.293
300.292
300.291
300.299
300.297
300.297
300.297
300.297
300.297
300.297
300.297
300.298
300.307
300.306
300.298
300.298
300.298
300.298
300.298
300.298
300.297
300.297
300.3
300.308
300.304
300.301
300.3
300.299
300.298
300.298
300.298
300.299
300.309
300.309
300.299
300.298
300.299
300.299
300.3
300.3
300.302
300.305
300.309
300.308
300.305
300.302
300.3
300.299
300.298
300.297
300.296
300.297
300.309
300.309
300.297
300.296
300.297
300.298
300.299
300.301
300.303
300.306
300.309
300.305
300.303
300.301
300.299
300.297
300.297
300.296
300.295
300.297
300.313
300.312
300.297
300.296
300.297
300.297
300.298
300.299
300.302
300.304
300.306
300.301
300.302
300.3
300.299
300.299
300.3
300.302
300.305
300.314
300.336
300.336
300.315
300.306
300.302
300.301
300.3
300.3
300.301
300.303
300.303
300.296
300.3
300.304
300.309
300.314
300.321
300.329
300.338
300.35
300.365
300.366
300.351
300.339
300.33
300.322
300.316
300.31
300.306
300.302
300.298
300.223
300.222
300.222
300.223
300.224
300.225
300.227
300.23
300.234
300.691
300.679
300.23
300.226
300.223
300.222
300.221
300.22
300.22
300.22
300.22
300.261
300.261
300.261
300.262
300.263
300.263
300.264
300.265
300.273
300.574
300.565
300.271
300.263
300.261
300.261
300.26
300.26
300.26
300.261
300.261
300.28
300.281
300.281
300.282
300.282
300.283
300.283
300.283
300.289
300.519
300.512
300.287
300.282
300.283
300.282
300.282
300.281
300.281
300.281
300.281
300.291
300.292
300.293
300.293
300.294
300.294
300.294
300.294
300.3
300.485
300.48
300.299
300.294
300.295
300.294
300.294
300.294
300.293
300.292
300.291
300.299
300.297
300.297
300.298
300.298
300.298
300.298
300.298
300.307
300.461
300.458
300.306
300.298
300.298
300.298
300.298
300.298
300.298
300.297
300.299
300.308
300.304
300.301
300.299
300.299
300.298
300.298
300.298
300.309
300.441
300.44
300.309
300.299
300.298
300.299
300.299
300.3
300.301
300.304
300.309
300.308
300.305
300.302
300.3
300.298
300.297
300.296
300.296
300.309
300.426
300.426
300.309
300.296
300.297
300.298
300.299
300.301
300.303
300.306
300.309
300.305
300.303
300.3
300.298
300.297
300.296
300.295
300.295
300.313
300.416
300.416
300.314
300.296
300.295
300.296
300.297
300.299
300.301
300.304
300.306
300.301
300.302
300.299
300.298
300.298
300.299
300.302
300.312
300.336
300.408
300.408
300.337
300.313
300.303
300.3
300.299
300.299
300.3
300.303
300.302
300.296
300.3
300.304
300.309
300.315
300.322
300.331
300.345
300.365
300.4
300.401
300.366
300.346
300.332
300.323
300.316
300.31
300.306
300.302
300.298
300.222
300.221
300.222
300.222
300.223
300.225
300.226
300.229
300.232
300.679
300.663
300.228
300.225
300.222
300.221
300.22
300.22
300.22
300.22
300.22
300.261
300.261
300.261
300.262
300.262
300.263
300.263
300.264
300.272
300.565
300.552
300.269
300.262
300.261
300.261
300.26
300.26
300.26
300.261
300.261
300.28
300.281
300.281
300.282
300.282
300.283
300.283
300.283
300.288
300.512
300.502
300.287
300.282
300.282
300.282
300.282
300.282
300.281
300.281
300.281
300.291
300.292
300.293
300.293
300.294
300.294
300.294
300.294
300.3
300.48
300.472
300.299
300.294
300.295
300.294
300.294
300.294
300.293
300.292
300.291
300.298
300.297
300.297
300.298
300.298
300.298
300.298
300.298
300.306
300.458
300.452
300.306
300.298
300.298
300.298
300.298
300.298
300.298
300.297
300.299
300.308
300.304
300.301
300.3
300.299
300.299
300.298
300.299
300.309
300.44
300.435
300.308
300.299
300.299
300.299
300.3
300.3
300.301
300.304
300.308
300.308
300.305
300.302
300.3
300.299
300.297
300.296
300.296
300.309
300.426
300.422
300.308
300.296
300.297
300.298
300.299
300.301
300.303
300.306
300.309
300.305
300.303
300.301
300.298
300.297
300.296
300.295
300.295
300.312
300.416
300.413
300.313
300.296
300.295
300.296
300.297
300.299
300.301
300.304
300.306
300.301
300.302
300.299
300.298
300.298
300.299
300.302
300.312
300.336
300.408
300.406
300.336
300.312
300.303
300.3
300.299
300.299
300.301
300.303
300.303
300.297
300.301
300.305
300.309
300.315
300.323
300.332
300.346
300.366
300.401
300.4
300.366
300.346
300.333
300.323
300.316
300.311
300.306
300.302
300.298
300.222
300.222
300.222
300.222
300.223
300.224
300.224
300.225
300.226
300.23
300.228
300.224
300.222
300.221
300.22
300.22
300.219
300.22
300.22
300.219
300.261
300.261
300.261
300.261
300.262
300.262
300.262
300.263
300.263
300.271
300.269
300.262
300.261
300.26
300.26
300.26
300.26
300.26
300.261
300.261
300.28
300.28
300.281
300.281
300.282
300.282
300.283
300.283
300.283
300.287
300.287
300.282
300.283
300.282
300.282
300.281
300.281
300.281
300.281
300.281
300.29
300.291
300.292
300.292
300.293
300.293
300.294
300.294
300.294
300.299
300.299
300.294
300.294
300.294
300.294
300.293
300.293
300.292
300.292
300.291
300.299
300.297
300.297
300.297
300.298
300.298
300.298
300.298
300.298
300.306
300.306
300.298
300.298
300.298
300.298
300.298
300.298
300.298
300.298
300.299
300.308
300.304
300.301
300.3
300.3
300.299
300.299
300.298
300.299
300.309
300.308
300.299
300.299
300.299
300.3
300.3
300.301
300.302
300.305
300.309
300.308
300.305
300.302
300.3
300.299
300.298
300.297
300.296
300.297
300.309
300.308
300.297
300.297
300.298
300.299
300.3
300.301
300.303
300.306
300.309
300.306
300.304
300.301
300.299
300.298
300.297
300.296
300.296
300.297
300.314
300.313
300.298
300.296
300.297
300.297
300.298
300.3
300.302
300.305
300.307
300.302
300.302
300.3
300.299
300.299
300.3
300.302
300.306
300.315
300.337
300.336
300.315
300.306
300.303
300.301
300.3
300.3
300.301
300.304
300.303
300.297
300.301
300.305
300.31
300.315
300.322
300.33
300.339
300.351
300.366
300.366
300.351
300.34
300.33
300.323
300.317
300.311
300.307
300.303
300.299
300.222
300.222
300.222
300.222
300.222
300.222
300.223
300.223
300.224
300.226
300.225
300.222
300.22
300.219
300.219
300.218
300.219
300.219
300.219
300.219
300.261
300.261
300.261
300.261
300.261
300.261
300.262
300.262
300.262
300.263
300.262
300.261
300.26
300.26
300.259
300.259
300.259
300.26
300.26
300.26
300.28
300.28
300.28
300.28
300.281
300.282
300.282
300.283
300.283
300.282
300.282
300.283
300.282
300.282
300.281
300.281
300.28
300.28
300.28
300.28
300.288
300.289
300.29
300.291
300.292
300.292
300.293
300.294
300.294
300.294
300.294
300.294
300.294
300.293
300.293
300.292
300.291
300.291
300.29
300.289
300.3
300.299
300.298
300.298
300.297
300.297
300.297
300.297
300.298
300.298
300.298
300.298
300.298
300.298
300.298
300.298
300.298
300.299
300.3
300.301
300.308
300.304
300.302
300.301
300.3
300.3
300.299
300.299
300.298
300.299
300.299
300.299
300.299
300.3
300.3
300.301
300.302
300.303
300.305
300.309
300.308
300.305
300.303
300.301
300.3
300.299
300.298
300.297
300.296
300.296
300.296
300.297
300.298
300.299
300.3
300.301
300.302
300.304
300.306
300.309
300.306
300.304
300.301
300.299
300.298
300.298
300.297
300.297
300.296
300.296
300.296
300.296
300.297
300.298
300.298
300.299
300.3
300.302
300.305
300.307
300.302
300.302
300.301
300.3
300.3
300.301
300.302
300.303
300.306
300.313
300.312
300.306
300.304
300.303
300.302
300.301
300.301
300.302
300.304
300.303
300.297
300.301
300.305
300.309
300.314
300.319
300.326
300.332
300.339
300.346
300.346
300.34
300.333
300.326
300.321
300.315
300.31
300.306
300.303
300.299
300.222
300.222
300.221
300.221
300.221
300.221
300.221
300.221
300.222
300.223
300.222
300.221
300.219
300.218
300.218
300.218
300.218
300.218
300.219
300.219
300.26
300.26
300.26
300.261
300.261
300.261
300.261
300.261
300.261
300.261
300.261
300.26
300.26
300.259
300.258
300.258
300.259
300.259
300.259
300.259
300.28
300.279
300.279
300.28
300.28
300.281
300.281
300.282
300.282
300.283
300.282
300.282
300.282
300.281
300.28
300.28
300.28
300.279
300.279
300.28
300.288
300.289
300.289
300.289
300.29
300.291
300.292
300.293
300.294
300.295
300.295
300.294
300.293
300.292
300.291
300.29
300.289
300.289
300.288
300.288
300.302
300.3
300.299
300.299
300.298
300.298
300.297
300.297
300.298
300.298
300.298
300.298
300.298
300.298
300.298
300.299
300.299
300.3
300.302
300.303
300.309
300.305
300.303
300.302
300.301
300.301
300.3
300.299
300.299
300.298
300.299
300.299
300.3
300.301
300.301
300.302
300.303
300.304
300.306
300.31
300.308
300.306
300.304
300.302
300.301
300.3
300.299
300.298
300.297
300.297
300.297
300.298
300.299
300.3
300.301
300.302
300.303
300.305
300.307
300.309
300.305
300.304
300.302
300.3
300.299
300.299
300.298
300.297
300.297
300.295
300.295
300.297
300.298
300.298
300.299
300.3
300.301
300.303
300.305
300.307
300.301
300.302
300.301
300.3
300.3
300.301
300.301
300.302
300.302
300.303
300.303
300.303
300.303
300.302
300.301
300.301
300.301
300.302
300.303
300.303
300.296
300.299
300.303
300.307
300.311
300.316
300.321
300.326
300.33
300.332
300.333
300.33
300.326
300.322
300.317
300.313
300.308
300.305
300.301
300.298
300.223
300.222
300.221
300.221
300.22
300.22
300.22
300.221
300.221
300.222
300.221
300.22
300.219
300.218
300.218
300.218
300.218
300.219
300.22
300.22
300.259
300.259
300.259
300.26
300.26
300.26
300.26
300.26
300.261
300.261
300.261
300.26
300.259
300.258
300.258
300.258
300.258
300.258
300.258
300.258
300.277
300.277
300.277
300.278
300.28
300.28
300.281
300.281
300.282
300.282
300.282
300.282
300.281
300.28
300.28
300.279
300.278
300.277
300.277
300.277
300.291
300.291
300.29
300.289
300.289
300.29
300.291
300.293
300.294
300.294
300.294
300.294
300.293
300.291
300.29
300.289
300.289
300.291
300.292
300.292
300.303
300.301
300.3
300.299
300.299
300.298
300.298
300.297
300.298
300.298
300.298
300.298
300.298
300.298
300.299
300.3
300.3
300.301
300.303
300.304
300.309
300.307
300.305
300.304
300.303
300.302
300.301
300.3
300.299
300.299
300.299
300.3
300.3
300.301
300.302
300.304
300.305
300.306
300.308
300.31
300.308
300.306
300.305
300.304
300.302
300.301
300.3
300.299
300.298
300.298
300.298
300.299
300.3
300.301
300.302
300.303
300.304
300.306
300.307
300.309
300.305
300.304
300.303
300.301
300.3
300.299
300.299
300.298
300.297
300.296
300.296
300.297
300.298
300.299
300.3
300.301
300.302
300.304
300.305
300.306
300.3
300.301
300.301
300.3
300.3
300.3
300.301
300.301
300.301
300.3
300.3
300.301
300.302
300.301
300.301
300.301
300.301
300.302
300.303
300.302
300.295
300.298
300.301
300.304
300.308
300.312
300.316
300.319
300.322
300.323
300.323
300.323
300.321
300.317
300.313
300.309
300.306
300.303
300.299
300.296
300.223
300.223
300.223
300.222
300.221
300.22
300.22
300.22
300.22
300.221
300.22
300.22
300.218
300.218
300.218
300.218
300.219
300.221
300.221
300.222
300.259
300.259
300.259
300.259
300.259
300.26
300.26
300.26
300.26
300.26
300.26
300.26
300.259
300.258
300.258
300.257
300.258
300.258
300.258
300.258
300.275
300.274
300.275
300.276
300.278
300.28
300.28
300.281
300.281
300.282
300.282
300.281
300.281
300.28
300.279
300.278
300.275
300.274
300.274
300.274
300.294
300.294
300.292
300.291
300.29
300.289
300.29
300.292
300.293
300.294
300.294
300.293
300.292
300.29
300.289
300.29
300.292
300.294
300.295
300.296
300.306
300.305
300.303
300.301
300.3
300.299
300.298
300.298
300.298
300.298
300.298
300.298
300.298
300.299
300.3
300.301
300.302
300.304
300.306
300.308
300.31
300.308
300.307
300.306
300.304
300.303
300.302
300.3
300.3
300.299
300.3
300.3
300.301
300.302
300.304
300.305
300.307
300.308
300.309
300.311
300.308
300.307
300.306
300.305
300.304
300.303
300.301
300.3
300.299
300.299
300.299
300.3
300.301
300.302
300.303
300.304
300.306
300.307
300.308
300.309
300.304
300.304
300.303
300.302
300.301
300.3
300.3
300.299
300.298
300.297
300.297
300.298
300.299
300.3
300.301
300.302
300.303
300.304
300.305
300.305
300.299
300.3
300.3
300.3
300.3
300.3
300.3
300.3
300.3
300.299
300.299
300.3
300.301
300.301
300.301
300.301
300.301
300.302
300.302
300.301
300.293
300.296
300.298
300.302
300.305
300.308
300.311
300.314
300.316
300.316
300.316
300.317
300.315
300.313
300.309
300.306
300.303
300.3
300.297
300.295
300.224
300.224
300.224
300.223
300.222
300.22
300.22
300.22
300.22
300.22
300.22
300.219
300.219
300.218
300.218
300.219
300.221
300.222
300.223
300.223
300.258
300.258
300.259
300.259
300.259
300.259
300.26
300.26
300.26
300.26
300.26
300.26
300.259
300.259
300.258
300.258
300.258
300.258
300.258
300.258
300.273
300.273
300.273
300.274
300.276
300.279
300.28
300.28
300.281
300.281
300.282
300.281
300.28
300.28
300.278
300.275
300.273
300.272
300.272
300.272
300.299
300.297
300.295
300.293
300.291
300.289
300.29
300.292
300.293
300.294
300.294
300.293
300.291
300.289
300.289
300.292
300.294
300.297
300.3
300.301
300.31
300.309
300.307
300.304
300.301
300.3
300.299
300.298
300.298
300.298
300.298
300.298
300.298
300.299
300.3
300.302
300.305
300.308
300.31
300.312
300.31
300.309
300.309
300.307
300.306
300.304
300.303
300.301
300.3
300.3
300.3
300.301
300.302
300.303
300.305
300.307
300.308
300.309
300.31
300.311
300.307
300.307
300.306
300.306
300.305
300.304
300.303
300.301
300.301
300.301
300.301
300.301
300.302
300.303
300.304
300.306
300.306
300.307
300.308
300.308
300.303
300.303
300.303
300.303
300.302
300.301
300.301
300.3
300.299
300.299
300.299
300.3
300.3
300.301
300.302
300.303
300.303
300.304
300.304
300.304
300.298
300.299
300.3
300.3
300.3
300.3
300.3
300.3
300.3
300.299
300.299
300.3
300.301
300.301
300.301
300.301
300.301
300.301
300.301
300.299
300.291
300.293
300.296
300.299
300.302
300.304
300.307
300.309
300.31
300.31
300.311
300.311
300.31
300.308
300.306
300.303
300.3
300.298
300.295
300.293
300.223
300.223
300.224
300.224
300.222
300.221
300.221
300.221
300.221
300.22
300.22
300.22
300.219
300.218
300.219
300.221
300.222
300.223
300.224
300.225
300.256
300.256
300.257
300.259
300.259
300.259
300.26
300.26
300.26
300.26
300.26
300.26
300.26
300.259
300.258
300.258
300.258
300.257
300.255
300.254
300.276
300.275
300.274
300.273
300.275
300.278
300.279
300.28
300.281
300.281
300.281
300.281
300.28
300.279
300.277
300.274
300.272
300.272
300.275
300.276
300.305
300.302
300.298
300.295
300.293
300.29
300.289
300.291
300.293
300.293
300.293
300.292
300.291
300.289
300.291
300.294
300.297
300.3
300.304
300.307
300.312
300.311
300.31
300.307
300.303
300.301
300.3
300.298
300.297
300.298
300.298
300.298
300.299
300.3
300.301
300.304
300.308
300.311
300.312
300.313
300.31
300.309
300.309
300.309
300.307
300.306
300.304
300.303
300.302
300.301
300.301
300.302
300.303
300.304
300.306
300.308
300.309
300.31
300.31
300.31
300.306
300.306
300.306
300.306
300.306
300.305
300.304
300.303
300.303
300.303
300.303
300.303
300.304
300.305
300.306
300.307
300.307
300.307
300.307
300.307
300.301
300.302
300.303
300.303
300.303
300.303
300.303
300.302
300.302
300.301
300.301
300.302
300.302
300.303
300.304
300.304
300.304
300.304
300.303
300.303
300.296
300.298
300.299
300.3
300.301
300.301
300.301
300.302
300.301
300.3
300.301
300.301
300.302
300.302
300.302
300.302
300.301
300.3
300.299
300.297
300.289
300.291
300.294
300.296
300.299
300.301
300.303
300.305
300.306
300.306
300.306
300.307
300.306
300.305
300.303
300.3
300.298
300.295
300.293
300.29
300.224
300.223
300.224
300.224
300.223
300.222
300.221
300.221
300.221
300.22
300.22
300.22
300.219
300.219
300.22
300.221
300.223
300.224
300.225
300.225
300.253
300.254
300.256
300.258
300.258
300.259
300.26
300.26
300.26
300.261
300.261
300.261
300.26
300.259
300.258
300.258
300.258
300.255
300.252
300.25
300.282
300.278
300.275
300.274
300.275
300.278
300.279
300.28
300.28
300.281
300.281
300.281
300.28
300.279
300.277
300.274
300.272
300.275
300.279
300.283
300.311
300.308
300.302
300.298
300.294
300.291
300.288
300.29
300.292
300.292
300.292
300.292
300.29
300.288
300.292
300.295
300.3
300.304
300.309
300.312
300.312
300.311
300.311
300.309
300.305
300.302
300.301
300.3
300.297
300.297
300.297
300.298
300.3
300.302
300.303
300.306
300.31
300.312
300.312
300.312
300.308
300.309
300.309
300.309
300.309
300.307
300.306
300.305
300.305
300.304
300.304
300.305
300.305
300.306
300.308
300.309
300.31
300.31
300.31
300.309
300.304
300.305
300.306
300.307
300.307
300.307
300.306
300.306
300.306
300.306
300.306
300.306
300.306
300.307
300.307
300.308
300.308
300.307
300.306
300.305
300.3
300.301
300.302
300.303
300.304
300.304
300.305
300.305
300.304
300.304
300.304
300.305
300.305
300.305
300.305
300.305
300.304
300.303
300.302
300.301
300.294
300.296
300.298
300.299
300.301
300.302
300.302
300.303
300.303
300.303
300.303
300.304
300.304
300.303
300.303
300.302
300.301
300.299
300.297
300.295
300.287
300.289
300.291
300.294
300.296
300.298
300.3
300.301
300.302
300.302
300.302
300.303
300.303
300.301
300.299
300.297
300.295
300.293
300.29
300.288
300.224
300.224
300.224
300.224
300.223
300.222
300.221
300.221
300.22
300.22
300.22
300.219
300.219
300.219
300.22
300.222
300.223
300.225
300.225
300.224
300.251
300.254
300.256
300.258
300.258
300.259
300.26
300.26
300.261
300.261
300.261
300.261
300.26
300.259
300.258
300.258
300.258
300.254
300.25
300.247
300.292
300.281
300.276
300.274
300.276
300.279
300.28
300.28
300.28
300.281
300.281
300.281
300.28
300.28
300.277
300.274
300.272
300.276
300.283
300.294
300.313
300.311
300.306
300.3
300.295
300.29
300.288
300.29
300.291
300.291
300.291
300.291
300.289
300.288
300.292
300.296
300.301
300.307
300.312
300.313
300.311
300.312
300.312
300.31
300.307
300.304
300.304
300.301
300.3
300.299
300.299
300.299
300.301
300.303
300.304
300.308
300.312
300.313
300.312
300.311
300.307
300.308
300.31
300.31
300.31
300.31
300.309
300.309
300.309
300.309
300.308
300.309
300.309
300.31
300.31
300.311
300.311
300.31
300.309
300.308
300.302
300.304
300.306
300.307
300.308
300.308
300.309
300.309
300.309
300.309
300.309
300.309
300.309
300.309
300.309
300.309
300.308
300.307
300.305
300.303
300.297
300.3
300.302
300.303
300.304
300.305
300.306
300.306
300.306
300.306
300.306
300.307
300.307
300.307
300.306
300.305
300.304
300.303
300.301
300.298
300.292
300.294
300.296
300.298
300.299
300.301
300.302
300.302
300.303
300.302
300.303
300.303
300.303
300.303
300.302
300.301
300.299
300.297
300.295
300.293
300.285
300.287
300.289
300.291
300.293
300.295
300.297
300.298
300.298
300.298
300.298
300.299
300.299
300.298
300.296
300.295
300.293
300.29
300.288
300.286
)
;

boundaryField
{
    floor
    {
        type            fixedValue;
        value           nonuniform List<scalar> 
400
(
300
300
300
300
300
300
300
300
300
300
300
300
300
300
300
300
300
300
300
300
300
300
300
300
300
300
300
300
300
300
300
300
300
300
300
300
300
300
300
300
300
300
300
300
300
300
300
300
300
300
300
300
300
300
300
300
300
300
300
300
300
300
300
300
300
300
300
300
300
300
300
300
300
300
300
300
300
300
300
300
300
300
300
300
300
300
300
300
300
300
300
300
300
300
300
300
300
300
300
300
300
300
300
300
300
300
300
300
300
300
300
300
300
300
300
300
300
300
300
300
300
300
300
300
300
300
300
300
300
300
300
300
300
300
300
300
300
300
300
300
300
300
300
300
300
300
300
300
300
300
300
300
300
300
300
300
300
300
300
300
300
300
300
300
300
300
300
300
300
300
300
300
300
300
300
300
300
300
300
300
300
300
300
300
300
300
300
300
300
600
600
300
300
300
300
300
300
300
300
300
300
300
300
300
300
300
300
300
300
600
600
300
300
300
300
300
300
300
300
300
300
300
300
300
300
300
300
300
300
300
300
300
300
300
300
300
300
300
300
300
300
300
300
300
300
300
300
300
300
300
300
300
300
300
300
300
300
300
300
300
300
300
300
300
300
300
300
300
300
300
300
300
300
300
300
300
300
300
300
300
300
300
300
300
300
300
300
300
300
300
300
300
300
300
300
300
300
300
300
300
300
300
300
300
300
300
300
300
300
300
300
300
300
300
300
300
300
300
300
300
300
300
300
300
300
300
300
300
300
300
300
300
300
300
300
300
300
300
300
300
300
300
300
300
300
300
300
300
300
300
300
300
300
300
300
300
300
300
300
300
300
300
300
300
300
300
300
300
300
300
300
300
300
300
300
300
300
300
300
300
300
300
300
300
300
300
300
300
300
300
300
300
300
300
300
300
300
300
300
300
)
;
    }
    ceiling
    {
        type            fixedValue;
        value           uniform 300;
    }
    fixedWalls
    {
        type            zeroGradient;
    }
}


// ************************************************************************* //
