/*--------------------------------*- C++ -*----------------------------------*\
| =========                 |                                                 |
| \\      /  F ield         | OpenFOAM: The Open Source CFD Toolbox           |
|  \\    /   O peration     | Version:  1.7.1                                 |
|   \\  /    A nd           | Web:      www.OpenFOAM.com                      |
|    \\/     M anipulation  |                                                 |
\*---------------------------------------------------------------------------*/
FoamFile
{
    version     2.0;
    format      ascii;
    class       volScalarField;
    location    "1000";
    object      epsilon;
}
// * * * * * * * * * * * * * * * * * * * * * * * * * * * * * * * * * * * * * //

dimensions      [0 2 -3 0 0 0 0];

internalField   nonuniform List<scalar> 
4000
(
2.17355e-08
2.38542e-08
2.46671e-08
2.53486e-08
2.61133e-08
2.66064e-08
2.65933e-08
2.63463e-08
2.60839e-08
2.52129e-08
2.33634e-08
2.21754e-08
2.22944e-08
2.23346e-08
2.24197e-08
2.2449e-08
2.20768e-08
2.13481e-08
2.02088e-08
1.77943e-08
3.08952e-08
3.68796e-08
3.9527e-08
4.23179e-08
4.4529e-08
4.53781e-08
4.50963e-08
4.42704e-08
4.25773e-08
4.07221e-08
3.88438e-08
3.65676e-08
3.49542e-08
3.47672e-08
3.55363e-08
3.70201e-08
3.75997e-08
3.64e-08
3.30397e-08
2.43432e-08
4.92143e-08
5.2187e-08
5.39012e-08
5.66113e-08
5.76664e-08
5.76812e-08
5.96894e-08
6.03912e-08
6.093e-08
6.0891e-08
5.91799e-08
5.66717e-08
5.37468e-08
5.09618e-08
5.00583e-08
5.15334e-08
5.30013e-08
5.13585e-08
4.49849e-08
3.34669e-08
1.67488e-07
1.42613e-07
1.15848e-07
9.44512e-08
8.00772e-08
7.00457e-08
6.92946e-08
6.75392e-08
6.92916e-08
7.20958e-08
7.09004e-08
6.70949e-08
6.19542e-08
5.59953e-08
4.86234e-08
5.17634e-08
6.46791e-08
8.78264e-08
1.20949e-07
1.48732e-07
2.84069e-07
2.7522e-07
2.58336e-07
2.36366e-07
2.12507e-07
1.85126e-07
1.48834e-07
1.04132e-07
7.32737e-08
7.27509e-08
7.56995e-08
7.26872e-08
7.04992e-08
8.23044e-08
1.14822e-07
1.59604e-07
2.03469e-07
2.40307e-07
2.65829e-07
2.78405e-07
3.40672e-07
3.5641e-07
3.69099e-07
3.7889e-07
3.8462e-07
3.77959e-07
3.48045e-07
2.95668e-07
2.33046e-07
1.77746e-07
1.45456e-07
1.49894e-07
1.8543e-07
2.34773e-07
2.80133e-07
3.12195e-07
3.32662e-07
3.44759e-07
3.48015e-07
3.39562e-07
3.83823e-07
4.37059e-07
4.9985e-07
5.61384e-07
6.12909e-07
6.43597e-07
6.46393e-07
6.20418e-07
5.71356e-07
5.13237e-07
4.73686e-07
4.91578e-07
5.26108e-07
5.41429e-07
5.39364e-07
5.22635e-07
4.95921e-07
4.62282e-07
4.24088e-07
3.84361e-07
4.30453e-07
5.33291e-07
6.56903e-07
7.77985e-07
8.82835e-07
9.60062e-07
1.00156e-06
1.00192e-06
9.61437e-07
8.95397e-07
8.54517e-07
8.9576e-07
9.11964e-07
8.89076e-07
8.39308e-07
7.70767e-07
6.89326e-07
6.00518e-07
5.09698e-07
4.29397e-07
4.91356e-07
6.57446e-07
8.53943e-07
1.04744e-06
1.22267e-06
1.36496e-06
1.4602e-06
1.49452e-06
1.45983e-06
1.37001e-06
1.31397e-06
1.38703e-06
1.37909e-06
1.31017e-06
1.20268e-06
1.07072e-06
9.24209e-07
7.71497e-07
6.18951e-07
4.8629e-07
5.79207e-07
8.3878e-07
1.13455e-06
1.42193e-06
1.68649e-06
1.91291e-06
2.0858e-06
2.18761e-06
2.19874e-06
2.1025e-06
2.00731e-06
2.08235e-06
2.01204e-06
1.87243e-06
1.68937e-06
1.47829e-06
1.25031e-06
1.01509e-06
7.77777e-07
5.66832e-07
2.38542e-08
3.37053e-08
3.86146e-08
4.2546e-08
4.60829e-08
4.80697e-08
4.73425e-08
4.42698e-08
4.1848e-08
3.89971e-08
3.5072e-08
3.19187e-08
3.18808e-08
3.35008e-08
3.47159e-08
3.5359e-08
3.44007e-08
3.18827e-08
2.75465e-08
1.9416e-08
3.68796e-08
4.13493e-08
4.55286e-08
4.98467e-08
5.35187e-08
5.51866e-08
5.45724e-08
5.11672e-08
4.73044e-08
4.49681e-08
4.35331e-08
4.16646e-08
3.9078e-08
3.81725e-08
3.96121e-08
4.07657e-08
4.03028e-08
3.80358e-08
3.38436e-08
2.90845e-08
5.2187e-08
6.17444e-08
6.34617e-08
6.34112e-08
6.28807e-08
6.17712e-08
6.12203e-08
5.82008e-08
5.49831e-08
5.28029e-08
5.07409e-08
4.81158e-08
4.51911e-08
4.42029e-08
4.71751e-08
4.9609e-08
5.18044e-08
5.36081e-08
5.14725e-08
4.01321e-08
1.42612e-07
1.37605e-07
1.20165e-07
1.06921e-07
9.88133e-08
9.07454e-08
8.35301e-08
7.28956e-08
6.5986e-08
6.14528e-08
5.83607e-08
5.54296e-08
5.49276e-08
6.01777e-08
6.96282e-08
7.65376e-08
8.08797e-08
9.07198e-08
1.10055e-07
1.1722e-07
2.7522e-07
2.69192e-07
2.46298e-07
2.18009e-07
1.89124e-07
1.59829e-07
1.2882e-07
9.89079e-08
8.08715e-08
7.24891e-08
6.91947e-08
6.96827e-08
7.90707e-08
9.53016e-08
1.18626e-07
1.53301e-07
1.97461e-07
2.39996e-07
2.70301e-07
2.60535e-07
3.5641e-07
3.18829e-07
3.20093e-07
3.22523e-07
3.18952e-07
3.00637e-07
2.60745e-07
2.03203e-07
1.53029e-07
1.21805e-07
1.08496e-07
1.1242e-07
1.3261e-07
1.68147e-07
2.1638e-07
2.62814e-07
2.91068e-07
3.05647e-07
3.13638e-07
3.42694e-07
4.3706e-07
3.9256e-07
4.2806e-07
4.70038e-07
5.03815e-07
5.12206e-07
4.87184e-07
4.35804e-07
3.60358e-07
2.9166e-07
2.65329e-07
2.78201e-07
3.25523e-07
3.8583e-07
4.25619e-07
4.305e-07
4.16572e-07
3.94636e-07
3.76222e-07
4.23512e-07
5.33292e-07
5.25877e-07
6.16202e-07
7.07952e-07
7.81954e-07
8.24745e-07
8.32305e-07
8.0355e-07
7.42088e-07
6.66159e-07
6.29399e-07
6.84463e-07
7.43579e-07
7.54018e-07
7.2487e-07
6.74871e-07
6.12418e-07
5.48136e-07
4.90064e-07
5.18148e-07
6.57447e-07
7.8586e-07
9.90825e-07
1.18993e-06
1.3738e-06
1.52217e-06
1.61102e-06
1.61503e-06
1.52086e-06
1.35791e-06
1.31077e-06
1.45197e-06
1.50323e-06
1.45056e-06
1.33586e-06
1.18879e-06
1.03025e-06
8.71938e-07
7.16848e-07
6.35239e-07
8.38782e-07
1.21274e-06
1.64056e-06
2.06831e-06
2.47702e-06
2.84207e-06
3.1357e-06
3.32596e-06
3.37983e-06
3.27045e-06
3.12881e-06
3.18529e-06
3.05418e-06
2.81453e-06
2.51019e-06
2.16956e-06
1.81283e-06
1.45617e-06
1.10769e-06
8.02512e-07
2.46671e-08
3.86146e-08
4.64256e-08
5.30493e-08
5.93077e-08
6.38159e-08
6.45284e-08
6.08785e-08
5.76257e-08
5.37108e-08
4.78532e-08
4.25505e-08
4.13002e-08
4.29422e-08
4.43126e-08
4.45182e-08
4.24513e-08
3.81844e-08
3.13282e-08
1.99097e-08
3.9527e-08
4.55286e-08
5.06099e-08
5.58802e-08
6.07926e-08
6.40916e-08
6.49933e-08
6.32574e-08
6.06673e-08
5.86647e-08
5.63707e-08
5.28062e-08
4.91773e-08
4.73969e-08
4.84955e-08
4.90465e-08
4.73682e-08
4.3861e-08
3.8677e-08
3.08458e-08
5.39012e-08
6.34617e-08
6.69535e-08
6.91461e-08
7.07502e-08
7.11588e-08
7.09733e-08
6.91613e-08
6.69838e-08
6.52929e-08
6.25411e-08
5.79413e-08
5.32754e-08
5.22596e-08
5.70118e-08
5.95349e-08
5.89546e-08
5.71391e-08
5.36706e-08
4.57479e-08
1.15848e-07
1.20165e-07
1.14769e-07
1.10871e-07
1.07845e-07
1.01969e-07
9.48839e-08
8.65106e-08
8.02131e-08
7.51076e-08
7.07616e-08
6.6024e-08
6.50592e-08
7.28262e-08
8.76212e-08
9.62359e-08
9.67169e-08
9.3978e-08
9.37487e-08
8.54972e-08
2.58336e-07
2.46298e-07
2.23612e-07
1.97656e-07
1.72187e-07
1.48702e-07
1.2759e-07
1.09557e-07
9.62864e-08
8.66549e-08
8.13288e-08
8.28508e-08
9.37963e-08
1.10878e-07
1.29138e-07
1.50662e-07
1.81303e-07
2.12596e-07
2.35892e-07
2.34226e-07
3.69099e-07
3.20092e-07
2.97526e-07
2.813e-07
2.63932e-07
2.4005e-07
2.05856e-07
1.65454e-07
1.33598e-07
1.15118e-07
1.08526e-07
1.10954e-07
1.23288e-07
1.47207e-07
1.80471e-07
2.1833e-07
2.50563e-07
2.75758e-07
3.01063e-07
3.38545e-07
4.99851e-07
4.2806e-07
4.19373e-07
4.24728e-07
4.28522e-07
4.16145e-07
3.76596e-07
3.17348e-07
2.50494e-07
2.04174e-07
1.89849e-07
1.98669e-07
2.26608e-07
2.68274e-07
3.08973e-07
3.47313e-07
3.64555e-07
3.75477e-07
3.96779e-07
4.6577e-07
6.56904e-07
6.16202e-07
6.72546e-07
7.38845e-07
7.89502e-07
8.03181e-07
7.68465e-07
6.82243e-07
5.56084e-07
4.62314e-07
4.39016e-07
4.83628e-07
5.35545e-07
5.92743e-07
6.35198e-07
6.38826e-07
6.18473e-07
5.86143e-07
5.62345e-07
6.21352e-07
8.53945e-07
9.90826e-07
1.2733e-06
1.58478e-06
1.89575e-06
2.15785e-06
2.30504e-06
2.27027e-06
2.01335e-06
1.61717e-06
1.55563e-06
1.86178e-06
2.0768e-06
2.0477e-06
1.87133e-06
1.63024e-06
1.36508e-06
1.11089e-06
8.90665e-07
8.07986e-07
1.13456e-06
1.64056e-06
2.2007e-06
2.76862e-06
3.32621e-06
3.84022e-06
4.2689e-06
4.56515e-06
4.68182e-06
4.57314e-06
4.38789e-06
4.40999e-06
4.19865e-06
3.84326e-06
3.4057e-06
2.92696e-06
2.43515e-06
1.95203e-06
1.48556e-06
1.06582e-06
2.53486e-08
4.2546e-08
5.30493e-08
6.19182e-08
7.04782e-08
7.76122e-08
8.07433e-08
7.79535e-08
7.43385e-08
6.95509e-08
6.13838e-08
5.37176e-08
5.0871e-08
5.1742e-08
5.27503e-08
5.18489e-08
4.83004e-08
4.23039e-08
3.33314e-08
1.99264e-08
4.23179e-08
4.98468e-08
5.58802e-08
6.18366e-08
6.76869e-08
7.25455e-08
7.54997e-08
7.64798e-08
7.62685e-08
7.52147e-08
7.15316e-08
6.50527e-08
5.95861e-08
5.65437e-08
5.64342e-08
5.62206e-08
5.33668e-08
4.85635e-08
4.21734e-08
3.17178e-08
5.66112e-08
6.34111e-08
6.91461e-08
7.33297e-08
7.63354e-08
7.81566e-08
7.95152e-08
8.07705e-08
8.20466e-08
8.26787e-08
7.96279e-08
7.17707e-08
6.38598e-08
6.11779e-08
6.4864e-08
6.79036e-08
6.57849e-08
6.06309e-08
5.36634e-08
4.71229e-08
9.44508e-08
1.0692e-07
1.10871e-07
1.12743e-07
1.11587e-07
1.06832e-07
1.01097e-07
9.62475e-08
9.41459e-08
9.29604e-08
8.93043e-08
8.10355e-08
7.66362e-08
8.18729e-08
9.55486e-08
1.05984e-07
1.06954e-07
1.0007e-07
8.79492e-08
6.53607e-08
2.36366e-07
2.18009e-07
1.97656e-07
1.77744e-07
1.59525e-07
1.43708e-07
1.30203e-07
1.18123e-07
1.08167e-07
1.02421e-07
9.96184e-08
9.75784e-08
1.05328e-07
1.20886e-07
1.36432e-07
1.48334e-07
1.63318e-07
1.80534e-07
1.95658e-07
2.04357e-07
3.7889e-07
3.22523e-07
2.813e-07
2.52255e-07
2.27886e-07
2.04335e-07
1.79286e-07
1.53428e-07
1.33455e-07
1.25194e-07
1.23844e-07
1.20292e-07
1.25603e-07
1.40405e-07
1.6225e-07
1.88053e-07
2.16992e-07
2.4823e-07
2.88279e-07
3.33122e-07
5.61385e-07
4.70038e-07
4.24728e-07
4.00801e-07
3.80303e-07
3.53079e-07
3.27623e-07
2.89397e-07
2.40524e-07
2.02076e-07
1.88005e-07
1.87415e-07
2.02042e-07
2.2798e-07
2.57213e-07
2.88876e-07
3.28362e-07
3.68015e-07
4.25118e-07
5.10163e-07
7.77987e-07
7.07953e-07
7.38845e-07
7.87015e-07
8.24237e-07
8.39936e-07
8.30612e-07
7.75726e-07
6.41594e-07
5.12571e-07
4.90106e-07
5.41005e-07
5.83662e-07
6.06469e-07
6.13832e-07
6.23693e-07
6.35168e-07
6.32696e-07
6.39724e-07
7.24334e-07
1.04744e-06
1.18993e-06
1.58478e-06
2.10729e-06
2.68974e-06
3.19766e-06
3.44163e-06
3.34635e-06
2.94056e-06
2.43898e-06
2.41038e-06
2.78241e-06
2.95103e-06
2.88171e-06
2.68099e-06
2.32006e-06
1.8256e-06
1.38402e-06
1.06533e-06
9.78713e-07
1.42193e-06
2.06831e-06
2.76862e-06
3.48979e-06
4.21686e-06
4.9069e-06
5.50314e-06
5.94503e-06
6.16955e-06
6.11876e-06
5.90125e-06
5.8336e-06
5.49105e-06
4.97686e-06
4.37458e-06
3.73474e-06
3.08881e-06
2.46468e-06
1.86899e-06
1.32235e-06
2.61132e-08
4.60829e-08
5.93076e-08
7.04781e-08
8.13252e-08
9.12938e-08
9.77481e-08
9.74167e-08
9.38259e-08
8.78938e-08
7.60304e-08
6.56752e-08
6.13146e-08
6.11878e-08
6.10358e-08
5.81844e-08
5.26221e-08
4.47451e-08
3.40009e-08
1.96788e-08
4.45291e-08
5.35187e-08
6.07926e-08
6.76869e-08
7.45339e-08
8.095e-08
8.64026e-08
9.11008e-08
9.5015e-08
9.62806e-08
9.0374e-08
7.9289e-08
7.06462e-08
6.54321e-08
6.31348e-08
6.14024e-08
5.73849e-08
5.14279e-08
4.38928e-08
3.18466e-08
5.76664e-08
6.28806e-08
7.07501e-08
7.63353e-08
8.02866e-08
8.34503e-08
8.69945e-08
9.25727e-08
1.00844e-07
1.07136e-07
1.03975e-07
9.04182e-08
7.65926e-08
7.08173e-08
7.10101e-08
7.24453e-08
6.96714e-08
6.33125e-08
5.45387e-08
4.65488e-08
8.00769e-08
9.88131e-08
1.07844e-07
1.11587e-07
1.10893e-07
1.07556e-07
1.04106e-07
1.03069e-07
1.08227e-07
1.17812e-07
1.171e-07
1.02227e-07
9.01609e-08
8.93918e-08
9.69969e-08
1.05352e-07
1.06575e-07
1.00461e-07
8.68594e-08
6.03678e-08
2.12506e-07
1.89124e-07
1.72186e-07
1.59525e-07
1.49062e-07
1.39882e-07
1.31423e-07
1.23439e-07
1.18929e-07
1.23199e-07
1.25092e-07
1.14064e-07
1.12969e-07
1.24869e-07
1.37498e-07
1.43717e-07
1.4746e-07
1.52703e-07
1.60734e-07
1.76256e-07
3.8462e-07
3.18952e-07
2.63932e-07
2.27886e-07
2.0244e-07
1.82846e-07
1.66423e-07
1.52745e-07
1.45367e-07
1.49321e-07
1.50959e-07
1.34515e-07
1.31126e-07
1.38164e-07
1.50797e-07
1.67228e-07
1.88899e-07
2.21647e-07
2.72951e-07
3.29048e-07
6.12911e-07
5.03815e-07
4.28522e-07
3.80303e-07
3.41792e-07
3.23375e-07
3.12055e-07
2.95677e-07
2.71042e-07
2.53586e-07
2.32945e-07
2.09778e-07
2.07829e-07
2.19156e-07
2.3644e-07
2.6005e-07
2.97548e-07
3.62873e-07
4.51447e-07
5.51989e-07
8.82837e-07
7.81955e-07
7.89503e-07
8.24237e-07
8.70051e-07
9.55387e-07
1.01203e-06
9.87863e-07
8.60106e-07
6.95833e-07
6.65134e-07
7.2236e-07
7.56646e-07
7.46064e-07
7.0592e-07
6.61732e-07
6.51753e-07
6.71393e-07
7.07157e-07
8.1646e-07
1.22267e-06
1.37381e-06
1.89575e-06
2.68974e-06
3.59415e-06
4.27683e-06
4.64543e-06
4.64341e-06
4.21513e-06
3.6161e-06
3.61908e-06
4.15754e-06
4.34127e-06
4.09365e-06
3.60552e-06
3.02987e-06
2.35609e-06
1.66852e-06
1.23334e-06
1.13577e-06
1.68649e-06
2.47703e-06
3.32621e-06
4.21686e-06
5.13757e-06
6.04299e-06
6.85551e-06
7.52554e-06
7.99131e-06
8.164e-06
7.87808e-06
7.60004e-06
7.02344e-06
6.26892e-06
5.43682e-06
4.58682e-06
3.76203e-06
2.97936e-06
2.24315e-06
1.56191e-06
2.66064e-08
4.80696e-08
6.38159e-08
7.76122e-08
9.12938e-08
1.0481e-07
1.15834e-07
1.20195e-07
1.18067e-07
1.1077e-07
9.24225e-08
7.90249e-08
7.32802e-08
7.20443e-08
6.94655e-08
6.37999e-08
5.58136e-08
4.59791e-08
3.37922e-08
1.93503e-08
4.53781e-08
5.51865e-08
6.40915e-08
7.25453e-08
8.09499e-08
8.93798e-08
9.80527e-08
1.08039e-07
1.19441e-07
1.26996e-07
1.17433e-07
9.81891e-08
8.36799e-08
7.45425e-08
6.91443e-08
6.48502e-08
5.93713e-08
5.2414e-08
4.39527e-08
3.1747e-08
5.76812e-08
6.17711e-08
7.11587e-08
7.81565e-08
8.34502e-08
8.84285e-08
9.50485e-08
1.0654e-07
1.25817e-07
1.44292e-07
1.41017e-07
1.16264e-07
9.25613e-08
8.07682e-08
7.65071e-08
7.42399e-08
7.0123e-08
6.33107e-08
5.4208e-08
4.67397e-08
7.00455e-08
9.07452e-08
1.01968e-07
1.06832e-07
1.07556e-07
1.06561e-07
1.06374e-07
1.10873e-07
1.2763e-07
1.58202e-07
1.63273e-07
1.3251e-07
1.03909e-07
9.47368e-08
9.61914e-08
9.92896e-08
9.84627e-08
9.2904e-08
8.19514e-08
6.29541e-08
1.85126e-07
1.59828e-07
1.48701e-07
1.43707e-07
1.39882e-07
1.35584e-07
1.3098e-07
1.28231e-07
1.35364e-07
1.64757e-07
1.74194e-07
1.39131e-07
1.19286e-07
1.23661e-07
1.31621e-07
1.34919e-07
1.33492e-07
1.31159e-07
1.33043e-07
1.50062e-07
3.77959e-07
3.00637e-07
2.4005e-07
2.04335e-07
1.82846e-07
1.69122e-07
1.60734e-07
1.58304e-07
1.67779e-07
2.0233e-07
2.07197e-07
1.54932e-07
1.36566e-07
1.36369e-07
1.41842e-07
1.512e-07
1.66536e-07
1.95419e-07
2.50925e-07
3.21958e-07
6.43598e-07
5.12206e-07
4.16146e-07
3.53079e-07
3.23375e-07
3.13936e-07
3.15172e-07
3.18036e-07
3.23191e-07
3.55432e-07
3.27565e-07
2.56943e-07
2.31907e-07
2.28544e-07
2.34277e-07
2.49315e-07
2.82098e-07
3.49095e-07
4.58709e-07
5.81544e-07
9.60065e-07
8.24747e-07
8.03183e-07
8.39937e-07
9.55388e-07
1.1008e-06
1.20351e-06
1.19966e-06
1.07433e-06
9.15686e-07
8.6464e-07
9.22128e-07
9.67287e-07
9.36152e-07
8.49559e-07
7.4496e-07
6.66782e-07
6.84685e-07
7.46947e-07
8.87073e-07
1.36496e-06
1.52217e-06
2.15785e-06
3.19766e-06
4.27683e-06
5.1842e-06
5.76244e-06
5.76999e-06
5.18095e-06
4.49398e-06
4.50091e-06
5.25207e-06
5.65818e-06
5.35256e-06
4.60496e-06
3.66675e-06
2.80817e-06
1.91767e-06
1.37415e-06
1.26611e-06
1.91291e-06
2.84207e-06
3.84023e-06
4.9069e-06
6.04299e-06
7.18514e-06
8.27889e-06
9.28389e-06
1.01415e-05
1.07335e-05
1.03197e-05
9.66373e-06
8.73601e-06
7.66354e-06
6.54839e-06
5.44983e-06
4.41605e-06
3.46451e-06
2.58455e-06
1.77057e-06
2.65933e-08
4.73424e-08
6.45283e-08
8.07433e-08
9.77481e-08
1.15834e-07
1.33208e-07
1.45709e-07
1.48898e-07
1.40856e-07
1.11882e-07
9.54067e-08
8.81113e-08
8.4071e-08
7.73378e-08
6.83054e-08
5.79523e-08
4.64958e-08
3.34291e-08
1.91601e-08
4.50964e-08
5.45723e-08
6.49931e-08
7.54996e-08
8.64024e-08
9.80526e-08
1.11663e-07
1.30355e-07
1.55978e-07
1.81397e-07
1.65818e-07
1.27896e-07
1.01358e-07
8.46625e-08
7.48562e-08
6.72967e-08
5.97823e-08
5.16287e-08
4.24083e-08
3.1547e-08
5.96895e-08
6.12202e-08
7.09732e-08
7.9515e-08
8.69944e-08
9.50484e-08
1.07018e-07
1.30068e-07
1.7347e-07
2.29643e-07
2.22374e-07
1.59188e-07
1.14463e-07
9.12734e-08
8.14268e-08
7.51667e-08
6.88403e-08
6.11219e-08
5.17618e-08
4.68031e-08
6.92944e-08
8.35298e-08
9.48837e-08
1.01097e-07
1.04106e-07
1.06373e-07
1.11693e-07
1.2971e-07
1.85293e-07
3.1051e-07
3.17796e-07
2.03073e-07
1.2571e-07
1.00161e-07
9.47466e-08
9.26528e-08
8.89321e-08
8.21992e-08
7.20394e-08
6.14323e-08
1.48834e-07
1.28819e-07
1.2759e-07
1.30203e-07
1.31423e-07
1.30979e-07
1.31288e-07
1.41271e-07
1.96228e-07
3.86104e-07
4.14581e-07
2.19426e-07
1.32866e-07
1.21017e-07
1.22429e-07
1.22848e-07
1.19868e-07
1.14437e-07
1.11418e-07
1.25671e-07
3.48045e-07
2.60745e-07
2.05855e-07
1.79286e-07
1.66423e-07
1.60734e-07
1.6107e-07
1.73247e-07
2.34244e-07
4.77593e-07
5.0638e-07
2.23927e-07
1.48957e-07
1.36823e-07
1.36039e-07
1.39435e-07
1.48632e-07
1.70596e-07
2.21414e-07
3.06774e-07
6.46394e-07
4.87185e-07
3.76596e-07
3.27624e-07
3.12055e-07
3.15172e-07
3.29278e-07
3.54538e-07
4.31442e-07
7.29663e-07
6.73904e-07
3.58964e-07
2.74168e-07
2.52297e-07
2.45697e-07
2.49228e-07
2.69677e-07
3.21493e-07
4.38325e-07
5.9065e-07
1.00157e-06
8.32307e-07
7.68466e-07
8.30613e-07
1.01204e-06
1.20351e-06
1.3261e-06
1.32413e-06
1.23877e-06
1.31277e-06
1.20047e-06
1.07811e-06
1.12409e-06
1.09899e-06
9.84808e-07
8.28958e-07
6.92464e-07
6.57648e-07
7.5016e-07
9.27218e-07
1.46021e-06
1.61103e-06
2.30504e-06
3.44163e-06
4.64543e-06
5.76244e-06
6.39775e-06
6.29587e-06
5.6965e-06
5.62158e-06
5.48651e-06
5.67436e-06
6.31731e-06
6.15708e-06
5.30539e-06
4.14303e-06
3.039e-06
2.0584e-06
1.4606e-06
1.35552e-06
2.0858e-06
3.1357e-06
4.2689e-06
5.50314e-06
6.85551e-06
8.27889e-06
9.74291e-06
1.12486e-05
1.27907e-05
1.42602e-05
1.36042e-05
1.21285e-05
1.05976e-05
9.07889e-06
7.61862e-06
6.24574e-06
4.99262e-06
3.87618e-06
2.86419e-06
1.93277e-06
2.63463e-08
4.42698e-08
6.08784e-08
7.79535e-08
9.74167e-08
1.20195e-07
1.45709e-07
1.70486e-07
1.84971e-07
1.78265e-07
1.34793e-07
1.17304e-07
1.07306e-07
9.54524e-08
8.29293e-08
7.03979e-08
5.81291e-08
4.57701e-08
3.26529e-08
1.89972e-08
4.42704e-08
5.11672e-08
6.32573e-08
7.64797e-08
9.11007e-08
1.08039e-07
1.30355e-07
1.64604e-07
2.16265e-07
3.02187e-07
2.72207e-07
1.77023e-07
1.28542e-07
9.76264e-08
8.08053e-08
6.92517e-08
5.92531e-08
4.95853e-08
3.9583e-08
3.07012e-08
6.03913e-08
5.82008e-08
6.91612e-08
8.07705e-08
9.25726e-08
1.0654e-07
1.30068e-07
1.83304e-07
3.09614e-07
6.54882e-07
5.98629e-07
2.5924e-07
1.53877e-07
1.06013e-07
8.68948e-08
7.63309e-08
6.75697e-08
5.83595e-08
4.87377e-08
4.58483e-08
6.75392e-08
7.28955e-08
8.65105e-08
9.62473e-08
1.03068e-07
1.10873e-07
1.2971e-07
1.9827e-07
4.65519e-07
1.36585e-06
1.28627e-06
4.52178e-07
1.81051e-07
1.12266e-07
9.51355e-08
8.81022e-08
8.1767e-08
7.34455e-08
6.29436e-08
5.85751e-08
1.04132e-07
9.89075e-08
1.09556e-07
1.18122e-07
1.23439e-07
1.28231e-07
1.41271e-07
2.12009e-07
6.30206e-07
2.38074e-06
2.30905e-06
6.576e-07
1.98452e-07
1.26909e-07
1.15925e-07
1.1183e-07
1.07006e-07
1.00181e-07
9.33423e-08
1.02363e-07
2.95668e-07
2.03203e-07
1.65453e-07
1.53428e-07
1.52745e-07
1.58304e-07
1.73247e-07
2.45848e-07
7.7192e-07
3.34526e-06
3.2689e-06
7.39501e-07
2.16108e-07
1.49752e-07
1.3873e-07
1.34807e-07
1.35519e-07
1.47312e-07
1.85927e-07
2.7927e-07
6.2042e-07
4.35805e-07
3.17348e-07
2.89397e-07
2.95677e-07
3.18036e-07
3.54539e-07
4.58638e-07
1.08036e-06
4.02323e-06
3.69012e-06
9.29652e-07
3.75177e-07
2.89974e-07
2.64694e-07
2.51304e-07
2.52468e-07
2.83486e-07
3.89268e-07
5.73953e-07
1.00193e-06
8.03552e-07
6.82244e-07
7.75726e-07
9.87864e-07
1.19966e-06
1.32413e-06
1.36918e-06
1.74931e-06
4.22848e-06
3.75315e-06
1.51024e-06
1.18532e-06
1.14566e-06
1.03365e-06
8.5021e-07
6.66985e-07
5.80871e-07
7.15583e-07
9.29953e-07
1.49452e-06
1.61503e-06
2.27027e-06
3.34635e-06
4.64341e-06
5.76999e-06
6.29586e-06
6.21859e-06
6.62082e-06
9.39508e-06
8.75495e-06
6.23804e-06
6.03826e-06
6.03292e-06
5.36402e-06
4.21369e-06
2.98156e-06
2.02456e-06
1.46626e-06
1.38958e-06
2.18761e-06
3.32596e-06
4.56515e-06
5.94504e-06
7.52554e-06
9.28389e-06
1.12486e-05
1.35468e-05
1.63657e-05
1.96935e-05
1.86074e-05
1.53551e-05
1.26683e-05
1.04566e-05
8.56024e-06
6.88805e-06
5.41719e-06
4.16168e-06
3.04798e-06
2.03059e-06
2.60838e-08
4.18479e-08
5.76257e-08
7.43385e-08
9.3826e-08
1.18067e-07
1.48898e-07
1.84971e-07
2.15605e-07
2.38366e-07
1.75499e-07
1.4326e-07
1.25935e-07
1.0283e-07
8.41931e-08
6.88354e-08
5.5522e-08
4.3214e-08
3.10301e-08
1.87009e-08
4.25773e-08
4.73044e-08
6.06673e-08
7.62685e-08
9.50151e-08
1.19441e-07
1.55978e-07
2.16265e-07
3.5982e-07
1.40224e-06
1.15782e-06
2.66404e-07
1.70681e-07
1.16024e-07
8.76182e-08
7.06957e-08
5.78336e-08
4.66623e-08
3.61176e-08
2.93623e-08
6.09301e-08
5.49831e-08
6.69838e-08
8.20466e-08
1.00844e-07
1.25817e-07
1.7347e-07
3.09614e-07
9.57266e-07
5.38797e-06
4.4968e-06
7.16692e-07
2.44091e-07
1.3226e-07
9.53591e-08
7.8377e-08
6.62421e-08
5.53566e-08
4.5531e-08
4.45457e-08
6.92917e-08
6.59859e-08
8.0213e-08
9.41458e-08
1.08227e-07
1.2763e-07
1.85293e-07
4.65519e-07
2.11934e-06
1.12814e-05
9.535e-06
1.68349e-06
3.7794e-07
1.48591e-07
1.02409e-07
8.74522e-08
7.73624e-08
6.75086e-08
5.68058e-08
5.63082e-08
7.32734e-08
8.08713e-08
9.62862e-08
1.08167e-07
1.18929e-07
1.35364e-07
1.96228e-07
6.30206e-07
3.78165e-06
1.84701e-05
1.57614e-05
3.16211e-06
5.3361e-07
1.69047e-07
1.20068e-07
1.06849e-07
9.73633e-08
8.79361e-08
7.77875e-08
7.90305e-08
2.33045e-07
1.53028e-07
1.33598e-07
1.33455e-07
1.45367e-07
1.67779e-07
2.34244e-07
7.7192e-07
5.3675e-06
2.49606e-05
2.14208e-05
4.56793e-06
6.5784e-07
2.07023e-07
1.55683e-07
1.3861e-07
1.27056e-07
1.2489e-07
1.47313e-07
2.32699e-07
5.71357e-07
3.60358e-07
2.50494e-07
2.40524e-07
2.71042e-07
3.23191e-07
4.31443e-07
1.08036e-06
6.32635e-06
2.80504e-05
2.41248e-05
5.33339e-06
9.06319e-07
3.76072e-07
2.91676e-07
2.49706e-07
2.25526e-07
2.36255e-07
3.24201e-07
5.31159e-07
9.6144e-07
7.4209e-07
5.56085e-07
6.41593e-07
8.60107e-07
1.07433e-06
1.23877e-06
1.74931e-06
6.32722e-06
2.59655e-05
2.25176e-05
5.35128e-06
1.50614e-06
1.09315e-06
9.54715e-07
7.63463e-07
5.58948e-07
4.71794e-07
6.52449e-07
8.93668e-07
1.45984e-06
1.52086e-06
2.01335e-06
2.94056e-06
4.21513e-06
5.18095e-06
5.6965e-06
6.62082e-06
1.05543e-05
2.07846e-05
1.85937e-05
9.45306e-06
6.1396e-06
5.28974e-06
4.72873e-06
3.78602e-06
2.59634e-06
1.76422e-06
1.37799e-06
1.35986e-06
2.19875e-06
3.37984e-06
4.68183e-06
6.16955e-06
7.99132e-06
1.01415e-05
1.27907e-05
1.63657e-05
2.1424e-05
2.75435e-05
2.59076e-05
1.98282e-05
1.51249e-05
1.17888e-05
9.30352e-06
7.29906e-06
5.61883e-06
4.27132e-06
3.10308e-06
2.04533e-06
2.52129e-08
3.89971e-08
5.37108e-08
6.95509e-08
8.78939e-08
1.1077e-07
1.40857e-07
1.78266e-07
2.38367e-07
2.48605e-07
1.83546e-07
1.68393e-07
1.36264e-07
1.01748e-07
7.86405e-08
6.25325e-08
4.98179e-08
3.89116e-08
2.8504e-08
1.79732e-08
4.07222e-08
4.49682e-08
5.86648e-08
7.52148e-08
9.62808e-08
1.26996e-07
1.81397e-07
3.02189e-07
1.40224e-06
1.8573e-06
1.57813e-06
9.76617e-07
2.28906e-07
1.43707e-07
9.43466e-08
7.06346e-08
5.50526e-08
4.29308e-08
3.25572e-08
2.76949e-08
6.08911e-08
5.2803e-08
6.52929e-08
8.26787e-08
1.07136e-07
1.44292e-07
2.29644e-07
6.54884e-07
5.38796e-06
3.84113e-06
3.57469e-06
4.07748e-06
5.00661e-07
1.80012e-07
1.06875e-07
8.02675e-08
6.37407e-08
5.12578e-08
4.14229e-08
4.27052e-08
7.20959e-08
6.14528e-08
7.51076e-08
9.29604e-08
1.17812e-07
1.58202e-07
3.10511e-07
1.36585e-06
1.12813e-05
6.46185e-06
6.38528e-06
8.72634e-06
1.06284e-06
2.43761e-07
1.20973e-07
9.05666e-08
7.4679e-08
6.23055e-08
5.18295e-08
5.56839e-08
7.2751e-08
7.2489e-08
8.66548e-08
1.02421e-07
1.23199e-07
1.64757e-07
3.86104e-07
2.38074e-06
1.84701e-05
9.74565e-06
1.00067e-05
1.45129e-05
1.88394e-06
3.192e-07
1.43311e-07
1.0972e-07
9.10536e-08
7.70517e-08
6.59076e-08
6.54957e-08
1.77745e-07
1.21804e-07
1.15117e-07
1.25194e-07
1.49321e-07
2.0233e-07
4.77594e-07
3.34526e-06
2.49606e-05
1.34224e-05
1.41145e-05
1.97198e-05
2.6805e-06
4.1509e-07
1.93706e-07
1.47813e-07
1.21346e-07
1.06871e-07
1.14925e-07
1.7737e-07
5.13237e-07
2.91659e-07
2.04173e-07
2.02076e-07
2.53586e-07
3.55432e-07
7.29665e-07
4.02323e-06
2.80503e-05
1.67283e-05
1.78782e-05
2.21697e-05
3.25388e-06
6.53729e-07
3.42873e-07
2.47974e-07
1.96968e-07
1.92665e-07
2.62285e-07
4.7307e-07
8.954e-07
6.6616e-07
4.62314e-07
5.12571e-07
6.95833e-07
9.15686e-07
1.31278e-06
4.22849e-06
2.59654e-05
1.8486e-05
1.98297e-05
2.06272e-05
3.51352e-06
1.16691e-06
8.1414e-07
6.09575e-07
4.38468e-07
3.92853e-07
5.79549e-07
8.30426e-07
1.37002e-06
1.35792e-06
1.61717e-06
2.43898e-06
3.61611e-06
4.49399e-06
5.62159e-06
9.39509e-06
2.07846e-05
1.96827e-05
2.06002e-05
1.73456e-05
8.30948e-06
5.10959e-06
4.03436e-06
3.21616e-06
2.14459e-06
1.41111e-06
1.22695e-06
1.27825e-06
2.10251e-06
3.27046e-06
4.57315e-06
6.11877e-06
8.16401e-06
1.07335e-05
1.42602e-05
1.96935e-05
2.75435e-05
2.91073e-05
2.91299e-05
2.50155e-05
1.79019e-05
1.29953e-05
9.76838e-06
7.42166e-06
5.55972e-06
4.16538e-06
3.00565e-06
1.96024e-06
2.33633e-08
3.5072e-08
4.78532e-08
6.13838e-08
7.60304e-08
9.24227e-08
1.11882e-07
1.34794e-07
1.755e-07
1.83548e-07
1.46948e-07
1.35783e-07
1.1115e-07
8.27848e-08
6.50633e-08
5.30128e-08
4.32564e-08
3.44414e-08
2.57842e-08
1.67867e-08
3.88438e-08
4.35331e-08
5.63707e-08
7.15317e-08
9.03742e-08
1.17433e-07
1.6582e-07
2.7221e-07
1.15783e-06
1.57814e-06
1.33323e-06
8.38366e-07
2.19211e-07
1.3726e-07
8.83807e-08
6.51264e-08
5.02021e-08
3.89119e-08
2.97062e-08
2.59806e-08
5.91799e-08
5.0741e-08
6.25411e-08
7.9628e-08
1.03976e-07
1.41018e-07
2.22376e-07
5.98636e-07
4.49681e-06
3.57471e-06
3.1947e-06
3.57255e-06
4.97629e-07
1.87384e-07
1.06482e-07
7.65118e-08
5.88966e-08
4.66822e-08
3.77066e-08
3.9948e-08
7.09005e-08
5.83607e-08
7.07616e-08
8.93043e-08
1.171e-07
1.63273e-07
3.17799e-07
1.28628e-06
9.53501e-06
6.38531e-06
5.92488e-06
7.7492e-06
1.10813e-06
2.74509e-07
1.27579e-07
8.84123e-08
6.99193e-08
5.67333e-08
4.69608e-08
5.36374e-08
7.56995e-08
6.91947e-08
8.13288e-08
9.96183e-08
1.25092e-07
1.74194e-07
4.14585e-07
2.30907e-06
1.57615e-05
1.00067e-05
9.4915e-06
1.29675e-05
2.02174e-06
3.78256e-07
1.53371e-07
1.08039e-07
8.54061e-08
6.98574e-08
5.81951e-08
5.99853e-08
1.45454e-07
1.08495e-07
1.08526e-07
1.23844e-07
1.50959e-07
2.07198e-07
5.06387e-07
3.26894e-06
2.14208e-05
1.41145e-05
1.35522e-05
1.77692e-05
2.94686e-06
4.9263e-07
2.01124e-07
1.44348e-07
1.15631e-07
9.94936e-08
1.00275e-07
1.36826e-07
4.73685e-07
2.65328e-07
1.89848e-07
1.88004e-07
2.32944e-07
3.27565e-07
6.73909e-07
3.69016e-06
2.41249e-05
1.78783e-05
1.73008e-05
2.01199e-05
3.31521e-06
6.37763e-07
3.05609e-07
2.15158e-07
1.73313e-07
1.72676e-07
2.364e-07
4.29066e-07
8.54519e-07
6.29398e-07
4.39015e-07
4.90105e-07
6.65133e-07
8.64639e-07
1.20047e-06
3.75319e-06
2.25177e-05
1.98297e-05
1.92448e-05
1.89925e-05
3.39417e-06
1.07726e-06
7.53251e-07
5.73712e-07
4.18752e-07
3.75821e-07
5.4583e-07
7.88185e-07
1.31397e-06
1.31077e-06
1.55563e-06
2.41038e-06
3.61909e-06
4.50091e-06
5.48653e-06
8.75499e-06
1.85937e-05
2.06002e-05
1.99393e-05
1.61367e-05
7.99144e-06
5.07228e-06
4.102e-06
3.30607e-06
2.19505e-06
1.3983e-06
1.20184e-06
1.23425e-06
2.00732e-06
3.12882e-06
4.3879e-06
5.90127e-06
7.87811e-06
1.03197e-05
1.36043e-05
1.86075e-05
2.59077e-05
2.913e-05
2.79904e-05
2.3809e-05
1.72287e-05
1.26412e-05
9.59766e-06
7.34451e-06
5.51515e-06
4.11292e-06
2.95019e-06
1.90665e-06
2.21754e-08
3.19187e-08
4.25505e-08
5.37177e-08
6.56753e-08
7.90251e-08
9.5407e-08
1.17305e-07
1.43262e-07
1.68395e-07
1.35783e-07
1.09319e-07
8.87174e-08
7.01426e-08
5.72552e-08
4.74468e-08
3.90987e-08
3.14093e-08
2.37061e-08
1.56761e-08
3.65677e-08
4.16647e-08
5.28063e-08
6.50528e-08
7.92892e-08
9.81897e-08
1.27897e-07
1.77025e-07
2.66407e-07
9.7662e-07
8.38365e-07
2.15841e-07
1.51476e-07
1.00356e-07
7.27711e-08
5.67418e-08
4.53763e-08
3.6194e-08
2.8278e-08
2.45279e-08
5.66718e-08
4.81159e-08
5.79413e-08
7.17708e-08
9.04185e-08
1.16265e-07
1.5919e-07
2.59245e-07
7.167e-07
4.07749e-06
3.57255e-06
5.88726e-07
2.32427e-07
1.3057e-07
8.81289e-08
6.66129e-08
5.29648e-08
4.31848e-08
3.56239e-08
3.74684e-08
6.7095e-08
5.54296e-08
6.60241e-08
8.10357e-08
1.02227e-07
1.32511e-07
2.03076e-07
4.52191e-07
1.68351e-06
8.72634e-06
7.74921e-06
1.46779e-06
4.14985e-07
1.76117e-07
1.03905e-07
7.70773e-08
6.25753e-08
5.17569e-08
4.33495e-08
5.09162e-08
7.26871e-08
6.96826e-08
8.28508e-08
9.75785e-08
1.14065e-07
1.39132e-07
2.1943e-07
6.57621e-07
3.16214e-06
1.45129e-05
1.29676e-05
2.89989e-06
6.62842e-07
2.11839e-07
1.22436e-07
9.69252e-08
8.19706e-08
6.94763e-08
5.78296e-08
5.57549e-08
1.49892e-07
1.12419e-07
1.10954e-07
1.20292e-07
1.34515e-07
1.54932e-07
2.2393e-07
7.39518e-07
4.56799e-06
1.97198e-05
1.77692e-05
4.38923e-06
7.9977e-07
2.2589e-07
1.47624e-07
1.26033e-07
1.12246e-07
1.03192e-07
1.02533e-07
1.318e-07
4.91577e-07
2.78199e-07
1.98668e-07
1.87414e-07
2.09778e-07
2.56942e-07
3.58965e-07
9.29666e-07
5.33346e-06
2.21697e-05
2.012e-05
5.12138e-06
9.17976e-07
3.18506e-07
2.18343e-07
1.76708e-07
1.58922e-07
1.70985e-07
2.40529e-07
4.37673e-07
8.95761e-07
6.84462e-07
4.83627e-07
5.41004e-07
7.22359e-07
9.22127e-07
1.07811e-06
1.51025e-06
5.35135e-06
2.06273e-05
1.89926e-05
5.17263e-06
1.40094e-06
9.36751e-07
7.90647e-07
6.15492e-07
4.57673e-07
4.12364e-07
5.94953e-07
8.23418e-07
1.38703e-06
1.45197e-06
1.86177e-06
2.78242e-06
4.15754e-06
5.25208e-06
5.67436e-06
6.23807e-06
9.45312e-06
1.73456e-05
1.61367e-05
8.9174e-06
5.91649e-06
5.26549e-06
4.87204e-06
3.8803e-06
2.58042e-06
1.6973e-06
1.35162e-06
1.30401e-06
2.08236e-06
3.18531e-06
4.41001e-06
5.83362e-06
7.60006e-06
9.66376e-06
1.21285e-05
1.53551e-05
1.98282e-05
2.50156e-05
2.3809e-05
1.87305e-05
1.44909e-05
1.14308e-05
9.11193e-06
7.17948e-06
5.519e-06
4.18123e-06
3.02835e-06
1.98712e-06
2.22944e-08
3.18808e-08
4.13004e-08
5.08712e-08
6.13148e-08
7.32804e-08
8.81119e-08
1.07307e-07
1.25936e-07
1.36265e-07
1.11151e-07
8.87175e-08
7.46275e-08
6.34823e-08
5.43354e-08
4.62017e-08
3.85451e-08
3.11445e-08
2.35436e-08
1.55983e-08
3.49543e-08
3.90781e-08
4.91774e-08
5.95863e-08
7.06466e-08
8.36804e-08
1.01359e-07
1.28543e-07
1.70682e-07
2.28907e-07
2.19212e-07
1.51476e-07
1.05943e-07
7.72589e-08
6.14667e-08
5.10087e-08
4.27226e-08
3.53786e-08
2.8409e-08
2.39957e-08
5.37469e-08
4.51912e-08
5.32756e-08
6.38601e-08
7.6593e-08
9.25619e-08
1.14464e-07
1.53879e-07
2.44095e-07
5.00667e-07
4.97631e-07
2.32427e-07
1.37075e-07
9.09667e-08
7.03271e-08
5.8301e-08
4.94794e-08
4.18482e-08
3.51684e-08
3.63335e-08
6.19544e-08
5.49277e-08
6.50594e-08
7.66366e-08
9.01613e-08
1.0391e-07
1.25711e-07
1.81054e-07
3.77948e-07
1.06285e-06
1.10814e-06
4.14982e-07
1.79918e-07
1.06134e-07
8.08689e-08
6.89658e-08
6.05437e-08
5.2059e-08
4.31918e-08
4.86247e-08
7.0499e-08
7.90707e-08
9.37966e-08
1.05328e-07
1.1297e-07
1.19287e-07
1.32867e-07
1.98456e-07
5.33622e-07
1.88397e-06
2.02176e-06
6.62838e-07
2.16287e-07
1.22795e-07
1.0408e-07
9.75227e-08
9.17758e-08
8.26988e-08
6.61102e-08
5.08798e-08
1.85429e-07
1.3261e-07
1.23288e-07
1.25603e-07
1.31127e-07
1.36567e-07
1.48958e-07
2.16112e-07
6.57855e-07
2.68054e-06
2.94688e-06
7.99772e-07
2.3447e-07
1.46607e-07
1.32073e-07
1.24132e-07
1.15851e-07
1.09477e-07
1.12469e-07
1.52244e-07
5.26108e-07
3.25522e-07
2.26608e-07
2.02042e-07
2.07828e-07
2.31907e-07
2.74168e-07
3.75179e-07
9.06332e-07
3.25391e-06
3.31523e-06
9.17979e-07
3.26472e-07
2.18933e-07
1.82357e-07
1.64115e-07
1.627e-07
1.87283e-07
2.70848e-07
4.62482e-07
9.11966e-07
7.43579e-07
5.35544e-07
5.83662e-07
7.56645e-07
9.67287e-07
1.12409e-06
1.18532e-06
1.50615e-06
3.51355e-06
3.39419e-06
1.40095e-06
1.02471e-06
9.51967e-07
8.09745e-07
6.26918e-07
4.82661e-07
4.54045e-07
6.60128e-07
8.37234e-07
1.3791e-06
1.50324e-06
2.0768e-06
2.95103e-06
4.34128e-06
5.65819e-06
6.31731e-06
6.03826e-06
6.13962e-06
8.30952e-06
7.99146e-06
5.91649e-06
5.767e-06
5.98662e-06
5.34954e-06
4.07312e-06
2.73341e-06
1.90927e-06
1.3987e-06
1.29677e-06
2.01204e-06
3.05419e-06
4.19866e-06
5.49106e-06
7.02346e-06
8.73604e-06
1.05976e-05
1.26684e-05
1.5125e-05
1.7902e-05
1.72287e-05
1.44909e-05
1.21e-05
1.01042e-05
8.32352e-06
6.68772e-06
5.22632e-06
3.99868e-06
2.91371e-06
1.92585e-06
2.23346e-08
3.35009e-08
4.29424e-08
5.17423e-08
6.11882e-08
7.20448e-08
8.40717e-08
9.54532e-08
1.02831e-07
1.01749e-07
8.27853e-08
7.01427e-08
6.34823e-08
5.79448e-08
5.22269e-08
4.60587e-08
3.93618e-08
3.23116e-08
2.47168e-08
1.63425e-08
3.47673e-08
3.81726e-08
4.73971e-08
5.6544e-08
6.54325e-08
7.4543e-08
8.46632e-08
9.76272e-08
1.16024e-07
1.43707e-07
1.37261e-07
1.00356e-07
7.72589e-08
6.34814e-08
5.49317e-08
4.84091e-08
4.24316e-08
3.6434e-08
2.99817e-08
2.4657e-08
5.0962e-08
4.42031e-08
5.22598e-08
6.11783e-08
7.08177e-08
8.07688e-08
9.12742e-08
1.06014e-07
1.32262e-07
1.80013e-07
1.87385e-07
1.3057e-07
9.09667e-08
7.14238e-08
6.21547e-08
5.56308e-08
4.92498e-08
4.27241e-08
3.63194e-08
3.67851e-08
5.59957e-08
6.0178e-08
7.28266e-08
8.18733e-08
8.93924e-08
9.47376e-08
1.00162e-07
1.12267e-07
1.48593e-07
2.43765e-07
2.74512e-07
1.76117e-07
1.06134e-07
8.13689e-08
7.42593e-08
7.00293e-08
6.45889e-08
5.68178e-08
4.76421e-08
4.86044e-08
8.23039e-08
9.53017e-08
1.10878e-07
1.20886e-07
1.2487e-07
1.23662e-07
1.21018e-07
1.2691e-07
1.6905e-07
3.19205e-07
3.7826e-07
2.11839e-07
1.22795e-07
1.06963e-07
1.08602e-07
1.1055e-07
1.08448e-07
9.86567e-08
8.00513e-08
6.036e-08
2.34771e-07
1.68146e-07
1.47207e-07
1.40406e-07
1.38164e-07
1.3637e-07
1.36824e-07
1.49753e-07
2.07025e-07
4.15096e-07
4.92634e-07
2.25891e-07
1.46607e-07
1.34352e-07
1.30789e-07
1.26292e-07
1.22093e-07
1.21843e-07
1.33335e-07
1.84991e-07
5.41429e-07
3.85829e-07
2.68274e-07
2.27979e-07
2.19156e-07
2.28543e-07
2.52297e-07
2.89974e-07
3.76073e-07
6.53734e-07
6.37768e-07
3.18507e-07
2.18933e-07
1.84825e-07
1.68979e-07
1.65427e-07
1.77473e-07
2.16996e-07
3.22513e-07
4.74299e-07
8.89078e-07
7.54019e-07
5.92742e-07
6.06468e-07
7.46064e-07
9.36152e-07
1.09899e-06
1.14566e-06
1.09315e-06
1.16692e-06
1.07727e-06
9.36754e-07
9.51968e-07
8.90419e-07
7.44157e-07
5.9048e-07
4.85624e-07
4.99085e-07
6.82676e-07
8.18036e-07
1.31018e-06
1.45057e-06
2.0477e-06
2.88171e-06
4.09366e-06
5.35257e-06
6.15709e-06
6.03292e-06
5.28974e-06
5.10961e-06
5.0723e-06
5.26549e-06
5.98662e-06
5.94891e-06
5.02611e-06
3.77849e-06
2.61338e-06
1.8896e-06
1.35235e-06
1.23329e-06
1.87244e-06
2.81454e-06
3.84327e-06
4.97687e-06
6.26894e-06
7.66356e-06
9.07892e-06
1.04566e-05
1.17889e-05
1.29953e-05
1.26412e-05
1.14309e-05
1.01042e-05
8.7323e-06
7.33264e-06
5.97344e-06
4.73247e-06
3.65616e-06
2.68242e-06
1.79208e-06
2.24197e-08
3.4716e-08
4.43128e-08
5.27506e-08
6.10363e-08
6.9466e-08
7.73384e-08
8.293e-08
8.41937e-08
7.86411e-08
6.50637e-08
5.72553e-08
5.43353e-08
5.22268e-08
4.92045e-08
4.50138e-08
3.96773e-08
3.34442e-08
2.62143e-08
1.75178e-08
3.55364e-08
3.96123e-08
4.84957e-08
5.64345e-08
6.31353e-08
6.91448e-08
7.48567e-08
8.08058e-08
8.76186e-08
9.43469e-08
8.83809e-08
7.27712e-08
6.14667e-08
5.49317e-08
5.08846e-08
4.76195e-08
4.39419e-08
3.91004e-08
3.28613e-08
2.58498e-08
5.00585e-08
4.71754e-08
5.70121e-08
6.48644e-08
7.10106e-08
7.65077e-08
8.14274e-08
8.68954e-08
9.53596e-08
1.06876e-07
1.06482e-07
8.8129e-08
7.0327e-08
6.21546e-08
5.83531e-08
5.49475e-08
5.10566e-08
4.58408e-08
3.9359e-08
3.85452e-08
4.86236e-08
6.96288e-08
8.76218e-08
9.55492e-08
9.69975e-08
9.61921e-08
9.47473e-08
9.51361e-08
1.0241e-07
1.20974e-07
1.2758e-07
1.03906e-07
8.08688e-08
7.42592e-08
7.40957e-08
7.42001e-08
7.23879e-08
6.69652e-08
5.74543e-08
4.97005e-08
1.14821e-07
1.18626e-07
1.29138e-07
1.36433e-07
1.37499e-07
1.31622e-07
1.22429e-07
1.15926e-07
1.20069e-07
1.43311e-07
1.53372e-07
1.22436e-07
1.0408e-07
1.08602e-07
1.17334e-07
1.24335e-07
1.23376e-07
1.11877e-07
9.42307e-08
7.86504e-08
2.80132e-07
2.16379e-07
1.80471e-07
1.6225e-07
1.50798e-07
1.41842e-07
1.3604e-07
1.38731e-07
1.55684e-07
1.93706e-07
2.01125e-07
1.47624e-07
1.32072e-07
1.30789e-07
1.30278e-07
1.31174e-07
1.34924e-07
1.44163e-07
1.68324e-07
2.21702e-07
5.39364e-07
4.25619e-07
3.08973e-07
2.57213e-07
2.3644e-07
2.34276e-07
2.45697e-07
2.64694e-07
2.91676e-07
3.42874e-07
3.05611e-07
2.18344e-07
1.82358e-07
1.68979e-07
1.66545e-07
1.74522e-07
1.97926e-07
2.50013e-07
3.6174e-07
4.70974e-07
8.39311e-07
7.24872e-07
6.35198e-07
6.13832e-07
7.0592e-07
8.4956e-07
9.84809e-07
1.03365e-06
9.54716e-07
8.14144e-07
7.53256e-07
7.9065e-07
8.09748e-07
7.44158e-07
6.35396e-07
5.34631e-07
4.80331e-07
5.38161e-07
6.64278e-07
7.72582e-07
1.20269e-06
1.33586e-06
1.87133e-06
2.681e-06
3.60553e-06
4.60498e-06
5.3054e-06
5.36403e-06
4.72874e-06
4.03437e-06
4.10201e-06
4.87205e-06
5.34955e-06
5.02611e-06
4.20878e-06
3.238e-06
2.36984e-06
1.70956e-06
1.2425e-06
1.13143e-06
1.68938e-06
2.5102e-06
3.40571e-06
4.37459e-06
5.43684e-06
6.54841e-06
7.61864e-06
8.56027e-06
9.30355e-06
9.76842e-06
9.59769e-06
9.11195e-06
8.32353e-06
7.33265e-06
6.24141e-06
5.14875e-06
4.13293e-06
3.2207e-06
2.3813e-06
1.61327e-06
2.2449e-08
3.53592e-08
4.45185e-08
5.18493e-08
5.81848e-08
6.38005e-08
6.8306e-08
7.03985e-08
6.8836e-08
6.25331e-08
5.30131e-08
4.74469e-08
4.62017e-08
4.60587e-08
4.50137e-08
4.27083e-08
3.91953e-08
3.44044e-08
2.79116e-08
1.88394e-08
3.70202e-08
4.07659e-08
4.90468e-08
5.6221e-08
6.14029e-08
6.48507e-08
6.72972e-08
6.92521e-08
7.0696e-08
7.06348e-08
6.51266e-08
5.67419e-08
5.10087e-08
4.8409e-08
4.76194e-08
4.71745e-08
4.52499e-08
4.12367e-08
3.52785e-08
2.75689e-08
5.15337e-08
4.96093e-08
5.95354e-08
6.79041e-08
7.24458e-08
7.42404e-08
7.51672e-08
7.63314e-08
7.83773e-08
8.02676e-08
7.65118e-08
6.66129e-08
5.83009e-08
5.56307e-08
5.49475e-08
5.4735e-08
5.31824e-08
4.88826e-08
4.20104e-08
4.0084e-08
5.17632e-08
7.6538e-08
9.62367e-08
1.05985e-07
1.05353e-07
9.92902e-08
9.26534e-08
8.81027e-08
8.74526e-08
9.05668e-08
8.84124e-08
7.70773e-08
6.89657e-08
7.00292e-08
7.42e-08
7.89684e-08
8.07912e-08
7.76281e-08
6.71963e-08
4.71444e-08
1.59603e-07
1.53301e-07
1.50662e-07
1.48335e-07
1.43718e-07
1.3492e-07
1.22849e-07
1.11831e-07
1.0685e-07
1.0972e-07
1.08039e-07
9.69252e-08
9.75224e-08
1.1055e-07
1.24335e-07
1.3173e-07
1.27803e-07
1.19132e-07
1.11002e-07
1.05801e-07
3.12194e-07
2.62814e-07
2.1833e-07
1.88053e-07
1.67228e-07
1.51201e-07
1.39436e-07
1.34808e-07
1.3861e-07
1.47813e-07
1.44348e-07
1.26033e-07
1.24132e-07
1.26292e-07
1.31174e-07
1.40249e-07
1.53648e-07
1.74509e-07
2.09847e-07
2.53412e-07
5.22636e-07
4.30501e-07
3.47313e-07
2.88876e-07
2.6005e-07
2.49315e-07
2.49228e-07
2.51304e-07
2.49707e-07
2.47975e-07
2.15159e-07
1.76709e-07
1.64115e-07
1.65427e-07
1.74522e-07
1.91968e-07
2.24151e-07
2.8501e-07
3.74258e-07
4.56274e-07
7.7077e-07
6.74873e-07
6.38827e-07
6.23694e-07
6.61733e-07
7.44961e-07
8.2896e-07
8.50213e-07
7.63466e-07
6.09579e-07
5.73716e-07
6.15496e-07
6.26921e-07
5.90481e-07
5.34632e-07
4.87343e-07
4.81508e-07
5.5138e-07
6.18795e-07
7.08407e-07
1.07072e-06
1.18879e-06
1.63025e-06
2.32007e-06
3.02988e-06
3.66676e-06
4.14305e-06
4.21371e-06
3.78604e-06
3.21617e-06
3.30609e-06
3.88032e-06
4.07314e-06
3.7785e-06
3.23801e-06
2.63474e-06
2.0815e-06
1.47905e-06
1.09989e-06
1.00528e-06
1.4783e-06
2.16957e-06
2.92697e-06
3.73475e-06
4.58684e-06
5.44985e-06
6.24576e-06
6.88808e-06
7.29908e-06
7.4217e-06
7.34454e-06
7.1795e-06
6.68774e-06
5.97345e-06
5.14875e-06
4.30385e-06
3.49824e-06
2.74469e-06
2.04386e-06
1.40661e-06
2.20768e-08
3.44009e-08
4.24516e-08
4.83008e-08
5.26226e-08
5.58142e-08
5.79528e-08
5.81297e-08
5.55225e-08
4.98184e-08
4.32566e-08
3.90988e-08
3.8545e-08
3.93617e-08
3.96772e-08
3.91952e-08
3.78139e-08
3.49624e-08
2.97169e-08
2.03082e-08
3.75999e-08
4.03031e-08
4.73686e-08
5.33672e-08
5.73854e-08
5.93718e-08
5.97828e-08
5.92535e-08
5.78339e-08
5.50528e-08
5.02022e-08
4.53763e-08
4.27226e-08
4.24315e-08
4.39418e-08
4.52498e-08
4.43121e-08
4.11189e-08
3.60282e-08
2.97538e-08
5.30016e-08
5.18046e-08
5.8955e-08
6.57854e-08
6.96718e-08
7.01234e-08
6.88407e-08
6.75701e-08
6.62424e-08
6.37408e-08
5.88966e-08
5.29648e-08
4.94794e-08
4.92496e-08
5.10565e-08
5.31824e-08
5.29053e-08
4.95697e-08
4.36693e-08
4.23395e-08
6.46787e-08
8.08798e-08
9.67175e-08
1.06955e-07
1.06575e-07
9.84632e-08
8.89325e-08
8.17674e-08
7.73627e-08
7.46791e-08
6.99194e-08
6.25753e-08
6.05435e-08
6.45887e-08
7.23877e-08
8.07911e-08
8.54274e-08
8.34433e-08
7.17343e-08
4.7302e-08
2.03469e-07
1.97461e-07
1.81303e-07
1.63318e-07
1.4746e-07
1.33493e-07
1.19869e-07
1.07007e-07
9.73636e-08
9.10538e-08
8.54062e-08
8.19705e-08
9.17754e-08
1.08447e-07
1.23375e-07
1.27803e-07
1.28048e-07
1.32674e-07
1.40461e-07
1.41666e-07
3.32662e-07
2.91068e-07
2.50564e-07
2.16992e-07
1.88899e-07
1.66536e-07
1.48633e-07
1.35519e-07
1.27056e-07
1.21346e-07
1.15631e-07
1.12246e-07
1.15851e-07
1.22093e-07
1.34924e-07
1.53648e-07
1.78671e-07
2.09705e-07
2.46054e-07
2.77649e-07
4.95923e-07
4.16574e-07
3.64556e-07
3.28363e-07
2.97549e-07
2.82099e-07
2.69677e-07
2.52469e-07
2.25527e-07
1.96969e-07
1.73313e-07
1.58922e-07
1.627e-07
1.77473e-07
1.97926e-07
2.24151e-07
2.62082e-07
3.09653e-07
3.67667e-07
4.35425e-07
6.89329e-07
6.12421e-07
6.18475e-07
6.3517e-07
6.51754e-07
6.66784e-07
6.92466e-07
6.66987e-07
5.58951e-07
4.3847e-07
4.18754e-07
4.57676e-07
4.82663e-07
4.85626e-07
4.80332e-07
4.81508e-07
5.17559e-07
5.39167e-07
5.59505e-07
6.32902e-07
9.24214e-07
1.03025e-06
1.36508e-06
1.82561e-06
2.3561e-06
2.80818e-06
3.03901e-06
2.98158e-06
2.59635e-06
2.1446e-06
2.19507e-06
2.58044e-06
2.73343e-06
2.6134e-06
2.36984e-06
2.0815e-06
1.62974e-06
1.23029e-06
9.46833e-07
8.65722e-07
1.25032e-06
1.81284e-06
2.43516e-06
3.08882e-06
3.76205e-06
4.41607e-06
4.99264e-06
5.41721e-06
5.61886e-06
5.55975e-06
5.51518e-06
5.51902e-06
5.22634e-06
4.73248e-06
4.13293e-06
3.49824e-06
2.86477e-06
2.26066e-06
1.69351e-06
1.1848e-06
2.13482e-08
3.1883e-08
3.81847e-08
4.23044e-08
4.47455e-08
4.59796e-08
4.64963e-08
4.57705e-08
4.32144e-08
3.89119e-08
3.44416e-08
3.14093e-08
3.11444e-08
3.23114e-08
3.34441e-08
3.44043e-08
3.49624e-08
3.41504e-08
3.06824e-08
2.17899e-08
3.64002e-08
3.8036e-08
4.38613e-08
4.85639e-08
5.14283e-08
5.24145e-08
5.16291e-08
4.95857e-08
4.66626e-08
4.2931e-08
3.89121e-08
3.6194e-08
3.53785e-08
3.64339e-08
3.91003e-08
4.12366e-08
4.11189e-08
3.90008e-08
3.52929e-08
3.16469e-08
5.1359e-08
5.36083e-08
5.71394e-08
6.06313e-08
6.33128e-08
6.3311e-08
6.11222e-08
5.83598e-08
5.53569e-08
5.1258e-08
4.66822e-08
4.31848e-08
4.1848e-08
4.27239e-08
4.58406e-08
4.88825e-08
4.95696e-08
4.82656e-08
4.5116e-08
4.47618e-08
8.78257e-08
9.07194e-08
9.39781e-08
1.0007e-07
1.00462e-07
9.29043e-08
8.21995e-08
7.34457e-08
6.75087e-08
6.23056e-08
5.67334e-08
5.17569e-08
5.20588e-08
5.68175e-08
6.69649e-08
7.7628e-08
8.34432e-08
8.05174e-08
6.87036e-08
5.41565e-08
2.40307e-07
2.39996e-07
2.12596e-07
1.80534e-07
1.52704e-07
1.3116e-07
1.14437e-07
1.00181e-07
8.79364e-08
7.70519e-08
6.98575e-08
6.94761e-08
8.26984e-08
9.86563e-08
1.11877e-07
1.19131e-07
1.32674e-07
1.55755e-07
1.80058e-07
1.80947e-07
3.4476e-07
3.05648e-07
2.75759e-07
2.48231e-07
2.21648e-07
1.95419e-07
1.70597e-07
1.47313e-07
1.2489e-07
1.06871e-07
9.94936e-08
1.03192e-07
1.09477e-07
1.21843e-07
1.44163e-07
1.74508e-07
2.09705e-07
2.43168e-07
2.73224e-07
2.96078e-07
4.62284e-07
3.94638e-07
3.75479e-07
3.68016e-07
3.62874e-07
3.49096e-07
3.21493e-07
2.83487e-07
2.36256e-07
1.92666e-07
1.72677e-07
1.70986e-07
1.87284e-07
2.16996e-07
2.50013e-07
2.8501e-07
3.09653e-07
3.28645e-07
3.5422e-07
4.11842e-07
6.00521e-07
5.48139e-07
5.86146e-07
6.32698e-07
6.71396e-07
6.84688e-07
6.5765e-07
5.80874e-07
4.71797e-07
3.92856e-07
3.75824e-07
4.12367e-07
4.54047e-07
4.99088e-07
5.38163e-07
5.51381e-07
5.39168e-07
5.16042e-07
4.98389e-07
5.526e-07
7.71501e-07
8.71942e-07
1.1109e-06
1.38403e-06
1.66853e-06
1.91768e-06
2.05841e-06
2.02457e-06
1.76423e-06
1.41112e-06
1.39831e-06
1.69732e-06
1.90928e-06
1.88961e-06
1.70957e-06
1.47905e-06
1.23029e-06
9.96803e-07
7.97442e-07
7.21625e-07
1.0151e-06
1.45617e-06
1.95204e-06
2.4647e-06
2.97937e-06
3.46453e-06
3.8762e-06
4.1617e-06
4.27134e-06
4.1654e-06
4.11294e-06
4.18125e-06
3.9987e-06
3.65617e-06
3.22071e-06
2.7447e-06
2.26066e-06
1.79191e-06
1.34816e-06
9.58323e-07
2.02089e-08
2.75467e-08
3.13285e-08
3.33317e-08
3.40012e-08
3.37926e-08
3.34295e-08
3.26533e-08
3.10304e-08
2.85042e-08
2.57843e-08
2.37061e-08
2.35435e-08
2.47166e-08
2.62141e-08
2.79115e-08
2.97168e-08
3.06824e-08
2.94239e-08
2.27272e-08
3.30399e-08
3.38439e-08
3.86773e-08
4.21738e-08
4.38931e-08
4.39531e-08
4.24087e-08
3.95833e-08
3.61178e-08
3.25574e-08
2.97062e-08
2.8278e-08
2.84089e-08
2.99816e-08
3.28611e-08
3.52784e-08
3.60281e-08
3.52929e-08
3.39049e-08
3.2696e-08
4.49854e-08
5.14729e-08
5.36709e-08
5.36637e-08
5.4539e-08
5.42082e-08
5.17621e-08
4.87379e-08
4.55312e-08
4.14231e-08
3.77067e-08
3.56238e-08
3.51683e-08
3.63192e-08
3.93588e-08
4.20103e-08
4.36692e-08
4.51159e-08
4.67896e-08
4.52591e-08
1.20949e-07
1.10055e-07
9.37485e-08
8.79494e-08
8.68598e-08
8.19517e-08
7.20396e-08
6.29438e-08
5.68059e-08
5.18296e-08
4.6961e-08
4.33495e-08
4.31917e-08
4.76419e-08
5.7454e-08
6.71961e-08
7.17342e-08
6.87036e-08
6.66224e-08
7.02957e-08
2.65829e-07
2.70301e-07
2.35892e-07
1.95659e-07
1.60735e-07
1.33043e-07
1.11418e-07
9.33426e-08
7.77878e-08
6.59078e-08
5.81952e-08
5.78295e-08
6.61099e-08
8.00509e-08
9.42303e-08
1.11001e-07
1.4046e-07
1.80057e-07
2.17911e-07
2.14365e-07
3.48016e-07
3.1364e-07
3.01064e-07
2.88281e-07
2.72952e-07
2.50926e-07
2.21415e-07
1.85928e-07
1.47314e-07
1.14925e-07
1.00276e-07
1.02533e-07
1.12469e-07
1.33335e-07
1.68323e-07
2.09847e-07
2.46054e-07
2.73224e-07
2.90833e-07
3.07324e-07
4.2409e-07
3.76224e-07
3.96781e-07
4.2512e-07
4.51449e-07
4.58711e-07
4.38327e-07
3.89269e-07
3.24203e-07
2.62287e-07
2.36402e-07
2.4053e-07
2.70849e-07
3.22514e-07
3.61741e-07
3.74259e-07
3.67668e-07
3.5422e-07
3.43832e-07
3.86173e-07
5.09701e-07
4.90067e-07
5.62348e-07
6.39727e-07
7.0716e-07
7.46951e-07
7.50164e-07
7.15587e-07
6.52452e-07
5.79552e-07
5.45834e-07
5.94958e-07
6.60132e-07
6.8268e-07
6.64281e-07
6.18798e-07
5.59506e-07
4.9839e-07
4.45992e-07
4.72737e-07
6.18955e-07
7.16852e-07
8.9067e-07
1.06534e-06
1.23335e-06
1.37416e-06
1.46061e-06
1.46627e-06
1.37799e-06
1.22696e-06
1.20185e-06
1.35163e-06
1.39871e-06
1.35235e-06
1.24251e-06
1.0999e-06
9.46835e-07
7.97443e-07
6.53305e-07
5.79329e-07
7.77783e-07
1.1077e-06
1.48557e-06
1.869e-06
2.24316e-06
2.58457e-06
2.8642e-06
3.048e-06
3.1031e-06
3.00566e-06
2.9502e-06
3.02836e-06
2.91373e-06
2.68243e-06
2.3813e-06
2.04387e-06
1.69351e-06
1.34816e-06
1.01705e-06
7.32424e-07
1.77944e-08
1.94161e-08
1.99099e-08
1.99266e-08
1.96789e-08
1.93505e-08
1.91602e-08
1.89973e-08
1.8701e-08
1.79733e-08
1.67868e-08
1.56761e-08
1.55983e-08
1.63424e-08
1.75177e-08
1.88393e-08
2.03081e-08
2.17898e-08
2.27272e-08
2.17283e-08
2.43433e-08
2.90848e-08
3.0846e-08
3.1718e-08
3.18468e-08
3.17472e-08
3.15472e-08
3.07014e-08
2.93625e-08
2.76951e-08
2.59806e-08
2.45279e-08
2.39956e-08
2.46569e-08
2.58497e-08
2.75688e-08
2.97537e-08
3.16468e-08
3.2696e-08
2.82671e-08
3.3467e-08
4.01326e-08
4.57483e-08
4.71233e-08
4.65492e-08
4.67401e-08
4.68034e-08
4.58486e-08
4.45459e-08
4.27053e-08
3.9948e-08
3.74684e-08
3.63334e-08
3.6785e-08
3.8545e-08
4.00839e-08
4.23393e-08
4.47617e-08
4.5259e-08
3.65222e-08
1.48732e-07
1.1722e-07
8.54968e-08
6.53606e-08
6.0368e-08
6.29544e-08
6.14326e-08
5.85754e-08
5.63085e-08
5.56841e-08
5.36375e-08
5.09162e-08
4.86246e-08
4.86042e-08
4.97003e-08
4.71443e-08
4.73019e-08
5.41564e-08
7.02955e-08
9.39025e-08
2.78406e-07
2.60536e-07
2.34226e-07
2.04358e-07
1.76256e-07
1.50062e-07
1.25672e-07
1.02363e-07
7.9031e-08
6.54961e-08
5.99854e-08
5.5755e-08
5.08798e-08
6.03597e-08
7.865e-08
1.05801e-07
1.41665e-07
1.80946e-07
2.14365e-07
2.36349e-07
3.39563e-07
3.42696e-07
3.38547e-07
3.33123e-07
3.29049e-07
3.21959e-07
3.06775e-07
2.79271e-07
2.327e-07
1.77372e-07
1.36827e-07
1.31801e-07
1.52244e-07
1.84991e-07
2.21701e-07
2.53412e-07
2.77649e-07
2.96078e-07
3.07324e-07
3.09021e-07
3.84363e-07
4.23514e-07
4.65772e-07
5.10166e-07
5.51992e-07
5.81547e-07
5.90653e-07
5.73956e-07
5.31162e-07
4.73072e-07
4.29069e-07
4.37677e-07
4.62485e-07
4.74301e-07
4.70976e-07
4.56276e-07
4.35426e-07
4.11842e-07
3.86173e-07
3.57726e-07
4.294e-07
5.18151e-07
6.21355e-07
7.24338e-07
8.16464e-07
8.87078e-07
9.27223e-07
9.29958e-07
8.93672e-07
8.3043e-07
7.8819e-07
8.23424e-07
8.3724e-07
8.18041e-07
7.72586e-07
7.0841e-07
6.32905e-07
5.52602e-07
4.72738e-07
4.02282e-07
4.86293e-07
6.35242e-07
8.07991e-07
9.78718e-07
1.13577e-06
1.26612e-06
1.35553e-06
1.38959e-06
1.35987e-06
1.27826e-06
1.23426e-06
1.30402e-06
1.29677e-06
1.2333e-06
1.13144e-06
1.00529e-06
8.65725e-07
7.21628e-07
5.7933e-07
4.56625e-07
5.66836e-07
8.02517e-07
1.06583e-06
1.32236e-06
1.56192e-06
1.77058e-06
1.93278e-06
2.0306e-06
2.04534e-06
1.96025e-06
1.90666e-06
1.98713e-06
1.92586e-06
1.79208e-06
1.61328e-06
1.40661e-06
1.18481e-06
9.58326e-07
7.32426e-07
5.32263e-07
)
;

boundaryField
{
    floor
    {
        type            compressible::epsilonWallFunction;
        Cmu             0.09;
        kappa           0.41;
        E               9.8;
        value           nonuniform List<scalar> 
400
(
2.17355e-08
2.38542e-08
2.46671e-08
2.53486e-08
2.61132e-08
2.66064e-08
2.65933e-08
2.63463e-08
2.60838e-08
2.52129e-08
2.33633e-08
2.21754e-08
2.22944e-08
2.23346e-08
2.24197e-08
2.2449e-08
2.20768e-08
2.13482e-08
2.02089e-08
1.77944e-08
2.38542e-08
3.37053e-08
3.86146e-08
4.2546e-08
4.60829e-08
4.80696e-08
4.73424e-08
4.42698e-08
4.18479e-08
3.89971e-08
3.5072e-08
3.19187e-08
3.18808e-08
3.35009e-08
3.4716e-08
3.53592e-08
3.44009e-08
3.1883e-08
2.75467e-08
1.94161e-08
2.46671e-08
3.86146e-08
4.64256e-08
5.30493e-08
5.93076e-08
6.38159e-08
6.45283e-08
6.08784e-08
5.76257e-08
5.37108e-08
4.78532e-08
4.25505e-08
4.13004e-08
4.29424e-08
4.43128e-08
4.45185e-08
4.24516e-08
3.81847e-08
3.13285e-08
1.99099e-08
2.53486e-08
4.2546e-08
5.30493e-08
6.19182e-08
7.04781e-08
7.76122e-08
8.07433e-08
7.79535e-08
7.43385e-08
6.95509e-08
6.13838e-08
5.37177e-08
5.08712e-08
5.17423e-08
5.27506e-08
5.18493e-08
4.83008e-08
4.23044e-08
3.33317e-08
1.99266e-08
2.61133e-08
4.60829e-08
5.93077e-08
7.04782e-08
8.13252e-08
9.12938e-08
9.77481e-08
9.74167e-08
9.3826e-08
8.78939e-08
7.60304e-08
6.56753e-08
6.13148e-08
6.11882e-08
6.10363e-08
5.81848e-08
5.26226e-08
4.47455e-08
3.40012e-08
1.96789e-08
2.66064e-08
4.80697e-08
6.38159e-08
7.76122e-08
9.12938e-08
1.0481e-07
1.15834e-07
1.20195e-07
1.18067e-07
1.1077e-07
9.24227e-08
7.90251e-08
7.32804e-08
7.20448e-08
6.9466e-08
6.38005e-08
5.58142e-08
4.59796e-08
3.37926e-08
1.93505e-08
2.65933e-08
4.73425e-08
6.45284e-08
8.07433e-08
9.77481e-08
1.15834e-07
1.33208e-07
1.45709e-07
1.48898e-07
1.40857e-07
1.11882e-07
9.5407e-08
8.81119e-08
8.40717e-08
7.73384e-08
6.8306e-08
5.79528e-08
4.64963e-08
3.34295e-08
1.91602e-08
2.63463e-08
4.42698e-08
6.08785e-08
7.79535e-08
9.74167e-08
1.20195e-07
1.45709e-07
1.70486e-07
1.84971e-07
1.78266e-07
1.34794e-07
1.17305e-07
1.07307e-07
9.54532e-08
8.293e-08
7.03985e-08
5.81297e-08
4.57705e-08
3.26533e-08
1.89973e-08
2.60839e-08
4.1848e-08
5.76257e-08
7.43385e-08
9.38259e-08
1.18067e-07
1.48898e-07
1.84971e-07
2.15605e-07
2.38367e-07
1.755e-07
1.43262e-07
1.25936e-07
1.02831e-07
8.41937e-08
6.8836e-08
5.55225e-08
4.32144e-08
3.10304e-08
1.8701e-08
2.52129e-08
3.89971e-08
5.37108e-08
6.95509e-08
8.78938e-08
1.1077e-07
1.40856e-07
1.78265e-07
2.38366e-07
2.48605e-07
1.83548e-07
1.68395e-07
1.36265e-07
1.01749e-07
7.86411e-08
6.25331e-08
4.98184e-08
3.89119e-08
2.85042e-08
1.79733e-08
2.33634e-08
3.5072e-08
4.78532e-08
6.13838e-08
7.60304e-08
9.24225e-08
1.11882e-07
1.34793e-07
1.75499e-07
1.83546e-07
1.46948e-07
1.35783e-07
1.11151e-07
8.27853e-08
6.50637e-08
5.30131e-08
4.32566e-08
3.44416e-08
2.57843e-08
1.67868e-08
2.21754e-08
3.19187e-08
4.25505e-08
5.37176e-08
6.56752e-08
7.90249e-08
9.54067e-08
1.17304e-07
1.4326e-07
1.68393e-07
1.35783e-07
1.09319e-07
8.87175e-08
7.01427e-08
5.72553e-08
4.74469e-08
3.90988e-08
3.14093e-08
2.37061e-08
1.56761e-08
2.22944e-08
3.18808e-08
4.13002e-08
5.0871e-08
6.13146e-08
7.32802e-08
8.81113e-08
1.07306e-07
1.25935e-07
1.36264e-07
1.1115e-07
8.87174e-08
7.46275e-08
6.34823e-08
5.43353e-08
4.62017e-08
3.8545e-08
3.11444e-08
2.35435e-08
1.55983e-08
2.23346e-08
3.35008e-08
4.29422e-08
5.1742e-08
6.11878e-08
7.20443e-08
8.4071e-08
9.54524e-08
1.0283e-07
1.01748e-07
8.27848e-08
7.01426e-08
6.34823e-08
5.79448e-08
5.22268e-08
4.60587e-08
3.93617e-08
3.23114e-08
2.47166e-08
1.63424e-08
2.24197e-08
3.47159e-08
4.43126e-08
5.27503e-08
6.10358e-08
6.94655e-08
7.73378e-08
8.29293e-08
8.41931e-08
7.86405e-08
6.50633e-08
5.72552e-08
5.43354e-08
5.22269e-08
4.92045e-08
4.50137e-08
3.96772e-08
3.34441e-08
2.62141e-08
1.75177e-08
2.2449e-08
3.5359e-08
4.45182e-08
5.18489e-08
5.81844e-08
6.37999e-08
6.83054e-08
7.03979e-08
6.88354e-08
6.25325e-08
5.30128e-08
4.74468e-08
4.62017e-08
4.60587e-08
4.50138e-08
4.27083e-08
3.91952e-08
3.44043e-08
2.79115e-08
1.88393e-08
2.20768e-08
3.44007e-08
4.24513e-08
4.83004e-08
5.26221e-08
5.58136e-08
5.79523e-08
5.81291e-08
5.5522e-08
4.98179e-08
4.32564e-08
3.90987e-08
3.85451e-08
3.93618e-08
3.96773e-08
3.91953e-08
3.78139e-08
3.49624e-08
2.97168e-08
2.03081e-08
2.13481e-08
3.18827e-08
3.81844e-08
4.23039e-08
4.47451e-08
4.59791e-08
4.64958e-08
4.57701e-08
4.3214e-08
3.89116e-08
3.44414e-08
3.14093e-08
3.11445e-08
3.23116e-08
3.34442e-08
3.44044e-08
3.49624e-08
3.41504e-08
3.06824e-08
2.17898e-08
2.02088e-08
2.75465e-08
3.13282e-08
3.33314e-08
3.40009e-08
3.37922e-08
3.34291e-08
3.26529e-08
3.10301e-08
2.8504e-08
2.57842e-08
2.37061e-08
2.35436e-08
2.47168e-08
2.62143e-08
2.79116e-08
2.97169e-08
3.06824e-08
2.94239e-08
2.27272e-08
1.77943e-08
1.9416e-08
1.99097e-08
1.99264e-08
1.96788e-08
1.93503e-08
1.91601e-08
1.89972e-08
1.87009e-08
1.79732e-08
1.67867e-08
1.56761e-08
1.55983e-08
1.63425e-08
1.75178e-08
1.88394e-08
2.03082e-08
2.17899e-08
2.27272e-08
2.17283e-08
)
;
    }
    ceiling
    {
        type            compressible::epsilonWallFunction;
        Cmu             0.09;
        kappa           0.41;
        E               9.8;
        value           nonuniform List<scalar> 
400
(
5.79207e-07
8.38782e-07
1.13456e-06
1.42193e-06
1.68649e-06
1.91291e-06
2.0858e-06
2.18761e-06
2.19875e-06
2.10251e-06
2.00732e-06
2.08236e-06
2.01204e-06
1.87244e-06
1.68938e-06
1.4783e-06
1.25032e-06
1.0151e-06
7.77783e-07
5.66836e-07
8.3878e-07
1.21274e-06
1.64056e-06
2.06831e-06
2.47703e-06
2.84207e-06
3.1357e-06
3.32596e-06
3.37984e-06
3.27046e-06
3.12882e-06
3.18531e-06
3.05419e-06
2.81454e-06
2.5102e-06
2.16957e-06
1.81284e-06
1.45617e-06
1.1077e-06
8.02517e-07
1.13455e-06
1.64056e-06
2.2007e-06
2.76862e-06
3.32621e-06
3.84023e-06
4.2689e-06
4.56515e-06
4.68183e-06
4.57315e-06
4.3879e-06
4.41001e-06
4.19866e-06
3.84327e-06
3.40571e-06
2.92697e-06
2.43516e-06
1.95204e-06
1.48557e-06
1.06583e-06
1.42193e-06
2.06831e-06
2.76862e-06
3.48979e-06
4.21686e-06
4.9069e-06
5.50314e-06
5.94504e-06
6.16955e-06
6.11877e-06
5.90127e-06
5.83362e-06
5.49106e-06
4.97687e-06
4.37459e-06
3.73475e-06
3.08882e-06
2.4647e-06
1.869e-06
1.32236e-06
1.68649e-06
2.47702e-06
3.32621e-06
4.21686e-06
5.13757e-06
6.04299e-06
6.85551e-06
7.52554e-06
7.99132e-06
8.16401e-06
7.87811e-06
7.60006e-06
7.02346e-06
6.26894e-06
5.43684e-06
4.58684e-06
3.76205e-06
2.97937e-06
2.24316e-06
1.56192e-06
1.91291e-06
2.84207e-06
3.84022e-06
4.9069e-06
6.04299e-06
7.18514e-06
8.27889e-06
9.28389e-06
1.01415e-05
1.07335e-05
1.03197e-05
9.66376e-06
8.73604e-06
7.66356e-06
6.54841e-06
5.44985e-06
4.41607e-06
3.46453e-06
2.58457e-06
1.77058e-06
2.0858e-06
3.1357e-06
4.2689e-06
5.50314e-06
6.85551e-06
8.27889e-06
9.74291e-06
1.12486e-05
1.27907e-05
1.42602e-05
1.36043e-05
1.21285e-05
1.05976e-05
9.07892e-06
7.61864e-06
6.24576e-06
4.99264e-06
3.8762e-06
2.8642e-06
1.93278e-06
2.18761e-06
3.32596e-06
4.56515e-06
5.94503e-06
7.52554e-06
9.28389e-06
1.12486e-05
1.35468e-05
1.63657e-05
1.96935e-05
1.86075e-05
1.53551e-05
1.26684e-05
1.04566e-05
8.56027e-06
6.88808e-06
5.41721e-06
4.1617e-06
3.048e-06
2.0306e-06
2.19874e-06
3.37983e-06
4.68182e-06
6.16955e-06
7.99131e-06
1.01415e-05
1.27907e-05
1.63657e-05
2.1424e-05
2.75435e-05
2.59077e-05
1.98282e-05
1.5125e-05
1.17889e-05
9.30355e-06
7.29908e-06
5.61886e-06
4.27134e-06
3.1031e-06
2.04534e-06
2.1025e-06
3.27045e-06
4.57314e-06
6.11876e-06
8.164e-06
1.07335e-05
1.42602e-05
1.96935e-05
2.75435e-05
2.91073e-05
2.913e-05
2.50156e-05
1.7902e-05
1.29953e-05
9.76842e-06
7.4217e-06
5.55975e-06
4.1654e-06
3.00566e-06
1.96025e-06
2.00731e-06
3.12881e-06
4.38789e-06
5.90125e-06
7.87808e-06
1.03197e-05
1.36042e-05
1.86074e-05
2.59076e-05
2.91299e-05
2.79904e-05
2.3809e-05
1.72287e-05
1.26412e-05
9.59769e-06
7.34454e-06
5.51518e-06
4.11294e-06
2.9502e-06
1.90666e-06
2.08235e-06
3.18529e-06
4.40999e-06
5.8336e-06
7.60004e-06
9.66373e-06
1.21285e-05
1.53551e-05
1.98282e-05
2.50155e-05
2.3809e-05
1.87305e-05
1.44909e-05
1.14309e-05
9.11195e-06
7.1795e-06
5.51902e-06
4.18125e-06
3.02836e-06
1.98713e-06
2.01204e-06
3.05418e-06
4.19865e-06
5.49105e-06
7.02344e-06
8.73601e-06
1.05976e-05
1.26683e-05
1.51249e-05
1.79019e-05
1.72287e-05
1.44909e-05
1.21e-05
1.01042e-05
8.32353e-06
6.68774e-06
5.22634e-06
3.9987e-06
2.91373e-06
1.92586e-06
1.87243e-06
2.81453e-06
3.84326e-06
4.97686e-06
6.26892e-06
7.66354e-06
9.07889e-06
1.04566e-05
1.17888e-05
1.29953e-05
1.26412e-05
1.14308e-05
1.01042e-05
8.7323e-06
7.33265e-06
5.97345e-06
4.73248e-06
3.65617e-06
2.68243e-06
1.79208e-06
1.68937e-06
2.51019e-06
3.4057e-06
4.37458e-06
5.43682e-06
6.54839e-06
7.61862e-06
8.56024e-06
9.30352e-06
9.76838e-06
9.59766e-06
9.11193e-06
8.32352e-06
7.33264e-06
6.24141e-06
5.14875e-06
4.13293e-06
3.22071e-06
2.3813e-06
1.61328e-06
1.47829e-06
2.16956e-06
2.92696e-06
3.73474e-06
4.58682e-06
5.44983e-06
6.24574e-06
6.88805e-06
7.29906e-06
7.42166e-06
7.34451e-06
7.17948e-06
6.68772e-06
5.97344e-06
5.14875e-06
4.30385e-06
3.49824e-06
2.7447e-06
2.04387e-06
1.40661e-06
1.25031e-06
1.81283e-06
2.43515e-06
3.08881e-06
3.76203e-06
4.41605e-06
4.99262e-06
5.41719e-06
5.61883e-06
5.55972e-06
5.51515e-06
5.519e-06
5.22632e-06
4.73247e-06
4.13293e-06
3.49824e-06
2.86477e-06
2.26066e-06
1.69351e-06
1.18481e-06
1.01509e-06
1.45617e-06
1.95203e-06
2.46468e-06
2.97936e-06
3.46451e-06
3.87618e-06
4.16168e-06
4.27132e-06
4.16538e-06
4.11292e-06
4.18123e-06
3.99868e-06
3.65616e-06
3.2207e-06
2.74469e-06
2.26066e-06
1.79191e-06
1.34816e-06
9.58326e-07
7.77777e-07
1.10769e-06
1.48556e-06
1.86899e-06
2.24315e-06
2.58455e-06
2.86419e-06
3.04798e-06
3.10308e-06
3.00565e-06
2.95019e-06
3.02835e-06
2.91371e-06
2.68242e-06
2.3813e-06
2.04386e-06
1.69351e-06
1.34816e-06
1.01705e-06
7.32426e-07
5.66832e-07
8.02512e-07
1.06582e-06
1.32235e-06
1.56191e-06
1.77057e-06
1.93277e-06
2.03059e-06
2.04533e-06
1.96024e-06
1.90665e-06
1.98712e-06
1.92585e-06
1.79208e-06
1.61327e-06
1.40661e-06
1.1848e-06
9.58323e-07
7.32424e-07
5.32263e-07
)
;
    }
    fixedWalls
    {
        type            compressible::epsilonWallFunction;
        Cmu             0.09;
        kappa           0.41;
        E               9.8;
        value           nonuniform List<scalar> 
800
(
2.17355e-08
3.08952e-08
4.92143e-08
1.67488e-07
2.84069e-07
3.40672e-07
3.83823e-07
4.30453e-07
4.91356e-07
5.79207e-07
2.38542e-08
3.68796e-08
5.2187e-08
1.42612e-07
2.7522e-07
3.5641e-07
4.3706e-07
5.33292e-07
6.57447e-07
8.38782e-07
2.46671e-08
3.9527e-08
5.39012e-08
1.15848e-07
2.58336e-07
3.69099e-07
4.99851e-07
6.56904e-07
8.53945e-07
1.13456e-06
2.53486e-08
4.23179e-08
5.66112e-08
9.44508e-08
2.36366e-07
3.7889e-07
5.61385e-07
7.77987e-07
1.04744e-06
1.42193e-06
2.61132e-08
4.45291e-08
5.76664e-08
8.00769e-08
2.12506e-07
3.8462e-07
6.12911e-07
8.82837e-07
1.22267e-06
1.68649e-06
2.66064e-08
4.53781e-08
5.76812e-08
7.00455e-08
1.85126e-07
3.77959e-07
6.43598e-07
9.60065e-07
1.36496e-06
1.91291e-06
2.65933e-08
4.50964e-08
5.96895e-08
6.92944e-08
1.48834e-07
3.48045e-07
6.46394e-07
1.00157e-06
1.46021e-06
2.0858e-06
2.63463e-08
4.42704e-08
6.03913e-08
6.75392e-08
1.04132e-07
2.95668e-07
6.2042e-07
1.00193e-06
1.49452e-06
2.18761e-06
2.60838e-08
4.25773e-08
6.09301e-08
6.92917e-08
7.32734e-08
2.33045e-07
5.71357e-07
9.6144e-07
1.45984e-06
2.19875e-06
2.52129e-08
4.07222e-08
6.08911e-08
7.20959e-08
7.2751e-08
1.77745e-07
5.13237e-07
8.954e-07
1.37002e-06
2.10251e-06
2.33633e-08
3.88438e-08
5.91799e-08
7.09005e-08
7.56995e-08
1.45454e-07
4.73685e-07
8.54519e-07
1.31397e-06
2.00732e-06
2.21754e-08
3.65677e-08
5.66718e-08
6.7095e-08
7.26871e-08
1.49892e-07
4.91577e-07
8.95761e-07
1.38703e-06
2.08236e-06
2.22944e-08
3.49543e-08
5.37469e-08
6.19544e-08
7.0499e-08
1.85429e-07
5.26108e-07
9.11966e-07
1.3791e-06
2.01204e-06
2.23346e-08
3.47673e-08
5.0962e-08
5.59957e-08
8.23039e-08
2.34771e-07
5.41429e-07
8.89078e-07
1.31018e-06
1.87244e-06
2.24197e-08
3.55364e-08
5.00585e-08
4.86236e-08
1.14821e-07
2.80132e-07
5.39364e-07
8.39311e-07
1.20269e-06
1.68938e-06
2.2449e-08
3.70202e-08
5.15337e-08
5.17632e-08
1.59603e-07
3.12194e-07
5.22636e-07
7.7077e-07
1.07072e-06
1.4783e-06
2.20768e-08
3.75999e-08
5.30016e-08
6.46787e-08
2.03469e-07
3.32662e-07
4.95923e-07
6.89329e-07
9.24214e-07
1.25032e-06
2.13482e-08
3.64002e-08
5.1359e-08
8.78257e-08
2.40307e-07
3.4476e-07
4.62284e-07
6.00521e-07
7.71501e-07
1.0151e-06
2.02089e-08
3.30399e-08
4.49854e-08
1.20949e-07
2.65829e-07
3.48016e-07
4.2409e-07
5.09701e-07
6.18955e-07
7.77783e-07
1.77944e-08
2.43433e-08
3.3467e-08
1.48732e-07
2.78406e-07
3.39563e-07
3.84363e-07
4.294e-07
4.86293e-07
5.66836e-07
1.77943e-08
2.43432e-08
3.34669e-08
1.48732e-07
2.78405e-07
3.39562e-07
3.84361e-07
4.29397e-07
4.8629e-07
5.66832e-07
1.9416e-08
2.90845e-08
4.01321e-08
1.1722e-07
2.60535e-07
3.42694e-07
4.23512e-07
5.18148e-07
6.35239e-07
8.02512e-07
1.99097e-08
3.08458e-08
4.57479e-08
8.54972e-08
2.34226e-07
3.38545e-07
4.6577e-07
6.21352e-07
8.07986e-07
1.06582e-06
1.99264e-08
3.17178e-08
4.71229e-08
6.53607e-08
2.04357e-07
3.33122e-07
5.10163e-07
7.24334e-07
9.78713e-07
1.32235e-06
1.96788e-08
3.18466e-08
4.65488e-08
6.03678e-08
1.76256e-07
3.29048e-07
5.51989e-07
8.1646e-07
1.13577e-06
1.56191e-06
1.93503e-08
3.1747e-08
4.67397e-08
6.29541e-08
1.50062e-07
3.21958e-07
5.81544e-07
8.87073e-07
1.26611e-06
1.77057e-06
1.91601e-08
3.1547e-08
4.68031e-08
6.14323e-08
1.25671e-07
3.06774e-07
5.9065e-07
9.27218e-07
1.35552e-06
1.93277e-06
1.89972e-08
3.07012e-08
4.58483e-08
5.85751e-08
1.02363e-07
2.7927e-07
5.73953e-07
9.29953e-07
1.38958e-06
2.03059e-06
1.87009e-08
2.93623e-08
4.45457e-08
5.63082e-08
7.90305e-08
2.32699e-07
5.31159e-07
8.93668e-07
1.35986e-06
2.04533e-06
1.79732e-08
2.76949e-08
4.27052e-08
5.56839e-08
6.54957e-08
1.7737e-07
4.7307e-07
8.30426e-07
1.27825e-06
1.96024e-06
1.67867e-08
2.59806e-08
3.9948e-08
5.36374e-08
5.99853e-08
1.36826e-07
4.29066e-07
7.88185e-07
1.23425e-06
1.90665e-06
1.56761e-08
2.45279e-08
3.74684e-08
5.09162e-08
5.57549e-08
1.318e-07
4.37673e-07
8.23418e-07
1.30401e-06
1.98712e-06
1.55983e-08
2.39957e-08
3.63335e-08
4.86247e-08
5.08798e-08
1.52244e-07
4.62482e-07
8.37234e-07
1.29677e-06
1.92585e-06
1.63425e-08
2.4657e-08
3.67851e-08
4.86044e-08
6.036e-08
1.84991e-07
4.74299e-07
8.18036e-07
1.23329e-06
1.79208e-06
1.75178e-08
2.58498e-08
3.85452e-08
4.97005e-08
7.86504e-08
2.21702e-07
4.70974e-07
7.72582e-07
1.13143e-06
1.61327e-06
1.88394e-08
2.75689e-08
4.0084e-08
4.71444e-08
1.05801e-07
2.53412e-07
4.56274e-07
7.08407e-07
1.00528e-06
1.40661e-06
2.03082e-08
2.97538e-08
4.23395e-08
4.7302e-08
1.41666e-07
2.77649e-07
4.35425e-07
6.32902e-07
8.65722e-07
1.1848e-06
2.17899e-08
3.16469e-08
4.47618e-08
5.41565e-08
1.80947e-07
2.96078e-07
4.11842e-07
5.526e-07
7.21625e-07
9.58323e-07
2.27272e-08
3.2696e-08
4.52591e-08
7.02957e-08
2.14365e-07
3.07324e-07
3.86173e-07
4.72737e-07
5.79329e-07
7.32424e-07
2.17283e-08
2.82671e-08
3.65222e-08
9.39025e-08
2.36349e-07
3.09021e-07
3.57726e-07
4.02282e-07
4.56625e-07
5.32263e-07
2.17355e-08
3.08952e-08
4.92143e-08
1.67488e-07
2.84069e-07
3.40672e-07
3.83823e-07
4.30453e-07
4.91356e-07
5.79207e-07
2.38542e-08
3.68796e-08
5.2187e-08
1.42613e-07
2.7522e-07
3.5641e-07
4.37059e-07
5.33291e-07
6.57446e-07
8.3878e-07
2.46671e-08
3.9527e-08
5.39012e-08
1.15848e-07
2.58336e-07
3.69099e-07
4.9985e-07
6.56903e-07
8.53943e-07
1.13455e-06
2.53486e-08
4.23179e-08
5.66113e-08
9.44512e-08
2.36366e-07
3.7889e-07
5.61384e-07
7.77985e-07
1.04744e-06
1.42193e-06
2.61133e-08
4.4529e-08
5.76664e-08
8.00772e-08
2.12507e-07
3.8462e-07
6.12909e-07
8.82835e-07
1.22267e-06
1.68649e-06
2.66064e-08
4.53781e-08
5.76812e-08
7.00457e-08
1.85126e-07
3.77959e-07
6.43597e-07
9.60062e-07
1.36496e-06
1.91291e-06
2.65933e-08
4.50963e-08
5.96894e-08
6.92946e-08
1.48834e-07
3.48045e-07
6.46393e-07
1.00156e-06
1.4602e-06
2.0858e-06
2.63463e-08
4.42704e-08
6.03912e-08
6.75392e-08
1.04132e-07
2.95668e-07
6.20418e-07
1.00192e-06
1.49452e-06
2.18761e-06
2.60839e-08
4.25773e-08
6.093e-08
6.92916e-08
7.32737e-08
2.33046e-07
5.71356e-07
9.61437e-07
1.45983e-06
2.19874e-06
2.52129e-08
4.07221e-08
6.0891e-08
7.20958e-08
7.27509e-08
1.77746e-07
5.13237e-07
8.95397e-07
1.37001e-06
2.1025e-06
2.33634e-08
3.88438e-08
5.91799e-08
7.09004e-08
7.56995e-08
1.45456e-07
4.73686e-07
8.54517e-07
1.31397e-06
2.00731e-06
2.21754e-08
3.65676e-08
5.66717e-08
6.70949e-08
7.26872e-08
1.49894e-07
4.91578e-07
8.9576e-07
1.38703e-06
2.08235e-06
2.22944e-08
3.49542e-08
5.37468e-08
6.19542e-08
7.04992e-08
1.8543e-07
5.26108e-07
9.11964e-07
1.37909e-06
2.01204e-06
2.23346e-08
3.47672e-08
5.09618e-08
5.59953e-08
8.23044e-08
2.34773e-07
5.41429e-07
8.89076e-07
1.31017e-06
1.87243e-06
2.24197e-08
3.55363e-08
5.00583e-08
4.86234e-08
1.14822e-07
2.80133e-07
5.39364e-07
8.39308e-07
1.20268e-06
1.68937e-06
2.2449e-08
3.70201e-08
5.15334e-08
5.17634e-08
1.59604e-07
3.12195e-07
5.22635e-07
7.70767e-07
1.07072e-06
1.47829e-06
2.20768e-08
3.75997e-08
5.30013e-08
6.46791e-08
2.03469e-07
3.32662e-07
4.95921e-07
6.89326e-07
9.24209e-07
1.25031e-06
2.13481e-08
3.64e-08
5.13585e-08
8.78264e-08
2.40307e-07
3.44759e-07
4.62282e-07
6.00518e-07
7.71497e-07
1.01509e-06
2.02088e-08
3.30397e-08
4.49849e-08
1.20949e-07
2.65829e-07
3.48015e-07
4.24088e-07
5.09698e-07
6.18951e-07
7.77777e-07
1.77943e-08
2.43432e-08
3.34669e-08
1.48732e-07
2.78405e-07
3.39562e-07
3.84361e-07
4.29397e-07
4.8629e-07
5.66832e-07
1.77944e-08
2.43433e-08
3.3467e-08
1.48732e-07
2.78406e-07
3.39563e-07
3.84363e-07
4.294e-07
4.86293e-07
5.66836e-07
1.94161e-08
2.90848e-08
4.01326e-08
1.1722e-07
2.60536e-07
3.42696e-07
4.23514e-07
5.18151e-07
6.35242e-07
8.02517e-07
1.99099e-08
3.0846e-08
4.57483e-08
8.54968e-08
2.34226e-07
3.38547e-07
4.65772e-07
6.21355e-07
8.07991e-07
1.06583e-06
1.99266e-08
3.1718e-08
4.71233e-08
6.53606e-08
2.04358e-07
3.33123e-07
5.10166e-07
7.24338e-07
9.78718e-07
1.32236e-06
1.96789e-08
3.18468e-08
4.65492e-08
6.0368e-08
1.76256e-07
3.29049e-07
5.51992e-07
8.16464e-07
1.13577e-06
1.56192e-06
1.93505e-08
3.17472e-08
4.67401e-08
6.29544e-08
1.50062e-07
3.21959e-07
5.81547e-07
8.87078e-07
1.26612e-06
1.77058e-06
1.91602e-08
3.15472e-08
4.68034e-08
6.14326e-08
1.25672e-07
3.06775e-07
5.90653e-07
9.27223e-07
1.35553e-06
1.93278e-06
1.89973e-08
3.07014e-08
4.58486e-08
5.85754e-08
1.02363e-07
2.79271e-07
5.73956e-07
9.29958e-07
1.38959e-06
2.0306e-06
1.8701e-08
2.93625e-08
4.45459e-08
5.63085e-08
7.9031e-08
2.327e-07
5.31162e-07
8.93672e-07
1.35987e-06
2.04534e-06
1.79733e-08
2.76951e-08
4.27053e-08
5.56841e-08
6.54961e-08
1.77372e-07
4.73072e-07
8.3043e-07
1.27826e-06
1.96025e-06
1.67868e-08
2.59806e-08
3.9948e-08
5.36375e-08
5.99854e-08
1.36827e-07
4.29069e-07
7.8819e-07
1.23426e-06
1.90666e-06
1.56761e-08
2.45279e-08
3.74684e-08
5.09162e-08
5.5755e-08
1.31801e-07
4.37677e-07
8.23424e-07
1.30402e-06
1.98713e-06
1.55983e-08
2.39956e-08
3.63334e-08
4.86246e-08
5.08798e-08
1.52244e-07
4.62485e-07
8.3724e-07
1.29677e-06
1.92586e-06
1.63424e-08
2.46569e-08
3.6785e-08
4.86042e-08
6.03597e-08
1.84991e-07
4.74301e-07
8.18041e-07
1.2333e-06
1.79208e-06
1.75177e-08
2.58497e-08
3.8545e-08
4.97003e-08
7.865e-08
2.21701e-07
4.70976e-07
7.72586e-07
1.13144e-06
1.61328e-06
1.88393e-08
2.75688e-08
4.00839e-08
4.71443e-08
1.05801e-07
2.53412e-07
4.56276e-07
7.0841e-07
1.00529e-06
1.40661e-06
2.03081e-08
2.97537e-08
4.23393e-08
4.73019e-08
1.41665e-07
2.77649e-07
4.35426e-07
6.32905e-07
8.65725e-07
1.18481e-06
2.17898e-08
3.16468e-08
4.47617e-08
5.41564e-08
1.80946e-07
2.96078e-07
4.11842e-07
5.52602e-07
7.21628e-07
9.58326e-07
2.27272e-08
3.2696e-08
4.5259e-08
7.02955e-08
2.14365e-07
3.07324e-07
3.86173e-07
4.72738e-07
5.7933e-07
7.32426e-07
2.17283e-08
2.82671e-08
3.65222e-08
9.39025e-08
2.36349e-07
3.09021e-07
3.57726e-07
4.02282e-07
4.56625e-07
5.32263e-07
)
;
    }
}


// ************************************************************************* //
