/*--------------------------------*- C++ -*----------------------------------*\
| =========                 |                                                 |
| \\      /  F ield         | OpenFOAM: The Open Source CFD Toolbox           |
|  \\    /   O peration     | Version:  1.7.1                                 |
|   \\  /    A nd           | Web:      www.OpenFOAM.com                      |
|    \\/     M anipulation  |                                                 |
\*---------------------------------------------------------------------------*/
FoamFile
{
    version     2.0;
    format      ascii;
    class       volScalarField;
    location    "1000";
    object      k;
}
// * * * * * * * * * * * * * * * * * * * * * * * * * * * * * * * * * * * * * //

dimensions      [0 2 -2 0 0 0 0];

internalField   nonuniform List<scalar> 
4000
(
5.69721e-06
6.05989e-06
6.19803e-06
6.31127e-06
6.43319e-06
6.5069e-06
6.496e-06
6.44343e-06
6.39158e-06
6.24245e-06
5.92933e-06
5.73542e-06
5.76327e-06
5.77546e-06
5.79624e-06
5.8084e-06
5.74941e-06
5.62395e-06
5.41885e-06
4.97104e-06
7.21813e-06
8.09507e-06
8.46553e-06
8.8493e-06
9.1438e-06
9.25e-06
9.20523e-06
9.08492e-06
8.84245e-06
8.57832e-06
8.31201e-06
7.99311e-06
7.77069e-06
7.75014e-06
7.86889e-06
8.09094e-06
8.18132e-06
8.00873e-06
7.50466e-06
6.12368e-06
9.98257e-06
1.03217e-05
1.04906e-05
1.07808e-05
1.08733e-05
1.08519e-05
1.1092e-05
1.11738e-05
1.12291e-05
1.12153e-05
1.10053e-05
1.06982e-05
1.03373e-05
9.98894e-06
9.87413e-06
1.00726e-05
1.02816e-05
1.00898e-05
9.24243e-06
7.57789e-06
2.23819e-05
2.0165e-05
1.75887e-05
1.53306e-05
1.36783e-05
1.2439e-05
1.22739e-05
1.20535e-05
1.22554e-05
1.25742e-05
1.24294e-05
1.19859e-05
1.13785e-05
1.06568e-05
9.71522e-06
1.01019e-05
1.17632e-05
1.45072e-05
1.79648e-05
2.06048e-05
3.15617e-05
3.0949e-05
2.97181e-05
2.80473e-05
2.61416e-05
2.38301e-05
2.05737e-05
1.61975e-05
1.27548e-05
1.26226e-05
1.29601e-05
1.26224e-05
1.23972e-05
1.38061e-05
1.72887e-05
2.15281e-05
2.52782e-05
2.82077e-05
3.01545e-05
3.10891e-05
3.56126e-05
3.67665e-05
3.76936e-05
3.83883e-05
3.87732e-05
3.83001e-05
3.62319e-05
3.2502e-05
2.77776e-05
2.32391e-05
2.03635e-05
2.07999e-05
2.39521e-05
2.79257e-05
3.13119e-05
3.36167e-05
3.50509e-05
3.58779e-05
3.60837e-05
3.54835e-05
3.85875e-05
4.21619e-05
4.61666e-05
4.98876e-05
5.28681e-05
5.45862e-05
5.47231e-05
5.32406e-05
5.04002e-05
4.69312e-05
4.45168e-05
4.56437e-05
4.77234e-05
4.86052e-05
4.84397e-05
4.74066e-05
4.57585e-05
4.36439e-05
4.1183e-05
3.85553e-05
4.17015e-05
4.81924e-05
5.54149e-05
6.20153e-05
6.74305e-05
7.12678e-05
7.32764e-05
7.32745e-05
7.12757e-05
6.79612e-05
6.58852e-05
6.7998e-05
6.88015e-05
6.76242e-05
6.50536e-05
6.14423e-05
5.70169e-05
5.19892e-05
4.65827e-05
4.15396e-05
4.56054e-05
5.54641e-05
6.60419e-05
7.5638e-05
8.37978e-05
9.01221e-05
9.42173e-05
9.56482e-05
9.41332e-05
9.01974e-05
8.77196e-05
9.09606e-05
9.06247e-05
8.75789e-05
8.27132e-05
7.65362e-05
6.93727e-05
6.14868e-05
5.30671e-05
4.51672e-05
5.09529e-05
6.52973e-05
7.9839e-05
9.27295e-05
0.000103806
0.000112809
0.000119432
0.000123233
0.000123622
0.00011995
0.000116316
0.000119219
0.000116546
0.000111105
0.000103753
9.49301e-05
8.49058e-05
7.38873e-05
6.1851e-05
5.00654e-05
6.05989e-06
7.63583e-06
8.36815e-06
8.92638e-06
9.40294e-06
9.65321e-06
9.53572e-06
9.09884e-06
8.7499e-06
8.33848e-06
7.76313e-06
7.3085e-06
7.32602e-06
7.57866e-06
7.76971e-06
7.87517e-06
7.73908e-06
7.35761e-06
6.66693e-06
5.26512e-06
8.09507e-06
1.25539e-05
1.4515e-05
1.62462e-05
1.76805e-05
1.85285e-05
1.87013e-05
1.79454e-05
1.64925e-05
1.52932e-05
1.4599e-05
1.4397e-05
1.42565e-05
1.43048e-05
1.47606e-05
1.49924e-05
1.46594e-05
1.3694e-05
1.17467e-05
6.88982e-06
1.03217e-05
1.49756e-05
1.6656e-05
1.76914e-05
1.84581e-05
1.91126e-05
1.98919e-05
1.99303e-05
1.94515e-05
1.86971e-05
1.78732e-05
1.71148e-05
1.64938e-05
1.62802e-05
1.66222e-05
1.6837e-05
1.70176e-05
1.69157e-05
1.53489e-05
8.56045e-06
2.01649e-05
2.13969e-05
2.06122e-05
2.02102e-05
2.04138e-05
2.06071e-05
2.11224e-05
2.04676e-05
2.00453e-05
1.96315e-05
1.8879e-05
1.79197e-05
1.73647e-05
1.79846e-05
1.91079e-05
1.90389e-05
1.82503e-05
1.79649e-05
1.87254e-05
1.76112e-05
3.0949e-05
3.42548e-05
3.32696e-05
3.09277e-05
2.82234e-05
2.54065e-05
2.2548e-05
2.00642e-05
1.89937e-05
1.87899e-05
1.85436e-05
1.79729e-05
1.80127e-05
1.92359e-05
2.14047e-05
2.47194e-05
2.88688e-05
3.25158e-05
3.41872e-05
2.97741e-05
3.67665e-05
3.883e-05
4.00509e-05
4.04663e-05
4.01148e-05
3.83747e-05
3.461e-05
2.91272e-05
2.44172e-05
2.17311e-05
2.06487e-05
2.06883e-05
2.23476e-05
2.57979e-05
3.05644e-05
3.51353e-05
3.78127e-05
3.88692e-05
3.83687e-05
3.57516e-05
4.2162e-05
4.46575e-05
4.85738e-05
5.23027e-05
5.53259e-05
5.62562e-05
5.42087e-05
4.96057e-05
4.26941e-05
3.64741e-05
3.43078e-05
3.55839e-05
3.99142e-05
4.55987e-05
4.94195e-05
4.99316e-05
4.85889e-05
4.6333e-05
4.3516e-05
4.12056e-05
4.81924e-05
5.3693e-05
6.11696e-05
6.83432e-05
7.43762e-05
7.82253e-05
7.9381e-05
7.75304e-05
7.29004e-05
6.72412e-05
6.49789e-05
6.98651e-05
7.46063e-05
7.50832e-05
7.24569e-05
6.80574e-05
6.26205e-05
5.70956e-05
5.14571e-05
4.71728e-05
5.54642e-05
6.81885e-05
8.12992e-05
9.34976e-05
0.000104811
0.000114043
0.000119562
0.000119599
0.000113281
0.000102704
0.000100636
0.000110654
0.000114852
0.000111875
0.000104805
9.55332e-05
8.53964e-05
7.51213e-05
6.43289e-05
5.407e-05
6.52974e-05
8.3505e-05
0.000102046
0.000118953
0.000134003
0.000146731
0.000156561
0.000162759
0.000164482
0.000160899
0.000156304
0.000158197
0.00015386
0.000145729
0.000135056
0.000122579
0.000108781
9.40296e-05
7.83743e-05
6.32216e-05
6.19803e-06
8.36815e-06
9.46471e-06
1.03381e-05
1.11184e-05
1.16502e-05
1.17105e-05
1.12447e-05
1.08245e-05
1.03155e-05
9.54126e-06
8.83951e-06
8.70322e-06
8.9451e-06
9.14011e-06
9.17778e-06
8.89829e-06
8.29302e-06
7.2617e-06
5.3529e-06
8.46554e-06
1.4515e-05
1.69236e-05
1.89602e-05
2.07955e-05
2.21779e-05
2.2868e-05
2.26121e-05
2.12361e-05
1.96734e-05
1.84907e-05
1.8172e-05
1.81889e-05
1.81833e-05
1.84408e-05
1.83519e-05
1.75746e-05
1.6126e-05
1.35586e-05
7.1659e-06
1.04906e-05
1.6656e-05
1.88661e-05
2.0437e-05
2.18041e-05
2.29937e-05
2.40758e-05
2.45802e-05
2.44711e-05
2.37226e-05
2.25813e-05
2.14041e-05
2.04587e-05
2.01706e-05
2.07011e-05
2.06328e-05
1.99026e-05
1.87817e-05
1.6621e-05
9.33098e-06
1.75886e-05
2.06122e-05
2.18764e-05
2.31423e-05
2.43574e-05
2.49879e-05
2.53792e-05
2.52172e-05
2.51436e-05
2.47991e-05
2.37847e-05
2.24019e-05
2.16507e-05
2.26742e-05
2.47575e-05
2.49408e-05
2.3291e-05
2.08037e-05
1.8374e-05
1.42772e-05
2.97181e-05
3.32696e-05
3.29069e-05
3.11191e-05
2.89562e-05
2.69299e-05
2.53691e-05
2.44755e-05
2.4234e-05
2.38216e-05
2.32285e-05
2.27259e-05
2.28183e-05
2.39822e-05
2.5327e-05
2.68743e-05
2.93587e-05
3.1637e-05
3.21773e-05
2.77691e-05
3.76936e-05
4.00509e-05
4.03376e-05
3.97277e-05
3.83741e-05
3.60717e-05
3.25692e-05
2.84057e-05
2.53929e-05
2.42419e-05
2.40506e-05
2.3494e-05
2.39858e-05
2.62384e-05
2.97114e-05
3.36712e-05
3.67303e-05
3.83182e-05
3.83838e-05
3.55066e-05
4.61666e-05
4.85738e-05
5.05758e-05
5.24948e-05
5.38977e-05
5.36028e-05
5.03677e-05
4.45184e-05
3.75336e-05
3.29078e-05
3.16624e-05
3.23323e-05
3.49392e-05
3.92326e-05
4.34929e-05
4.70612e-05
4.78686e-05
4.73443e-05
4.6233e-05
4.39552e-05
5.5415e-05
6.11697e-05
6.81672e-05
7.54401e-05
8.18569e-05
8.57464e-05
8.55419e-05
7.99041e-05
6.95336e-05
6.10062e-05
5.88963e-05
6.31162e-05
6.7627e-05
7.18034e-05
7.40216e-05
7.20641e-05
6.79499e-05
6.28959e-05
5.77597e-05
5.32875e-05
6.6042e-05
8.12992e-05
0.000101446
0.000123468
0.000146055
0.000165919
0.000178382
0.00017917
0.00016721
0.000147144
0.000143097
0.000159752
0.000169012
0.000164611
0.000151109
0.000132811
0.000112625
9.32696e-05
7.58708e-05
6.35065e-05
7.98391e-05
0.000102046
0.000123985
0.000144321
0.000162927
0.000179146
0.000192107
0.000200805
0.000204185
0.00020102
0.000195716
0.000196399
0.000190109
0.000179254
0.000165418
0.00014958
0.000132373
0.000114283
9.53048e-05
7.63995e-05
6.31127e-06
8.92639e-06
1.03381e-05
1.14501e-05
1.24616e-05
1.32592e-05
1.35812e-05
1.32464e-05
1.28221e-05
1.2251e-05
1.12578e-05
1.03203e-05
9.99006e-06
1.01237e-05
1.02572e-05
1.01484e-05
9.68614e-06
8.86773e-06
7.55927e-06
5.35369e-06
8.84931e-06
1.62462e-05
1.89602e-05
2.11018e-05
2.3134e-05
2.4914e-05
2.61444e-05
2.65724e-05
2.56238e-05
2.38979e-05
2.21566e-05
2.15136e-05
2.14667e-05
2.12788e-05
2.11603e-05
2.07454e-05
1.95629e-05
1.76961e-05
1.47038e-05
7.29358e-06
1.07808e-05
1.76914e-05
2.04369e-05
2.23765e-05
2.40721e-05
2.56281e-05
2.71186e-05
2.84242e-05
2.91968e-05
2.88864e-05
2.75733e-05
2.58245e-05
2.42757e-05
2.34688e-05
2.36293e-05
2.34584e-05
2.21148e-05
2.00054e-05
1.68777e-05
9.49881e-06
1.53306e-05
2.02102e-05
2.31422e-05
2.53497e-05
2.68124e-05
2.75263e-05
2.80091e-05
2.85625e-05
2.94388e-05
2.99636e-05
2.91356e-05
2.71088e-05
2.55348e-05
2.57506e-05
2.75655e-05
2.82665e-05
2.67843e-05
2.36059e-05
1.90819e-05
1.19004e-05
2.80472e-05
3.09277e-05
3.11191e-05
3.03202e-05
2.92936e-05
2.8458e-05
2.80134e-05
2.78831e-05
2.80162e-05
2.83901e-05
2.84048e-05
2.73769e-05
2.68765e-05
2.76881e-05
2.85262e-05
2.86062e-05
2.89114e-05
2.93114e-05
2.87449e-05
2.53895e-05
3.83883e-05
4.04663e-05
3.97277e-05
3.83916e-05
3.66328e-05
3.44968e-05
3.20232e-05
2.9546e-05
2.81108e-05
2.8512e-05
2.90849e-05
2.72629e-05
2.64542e-05
2.74488e-05
2.9546e-05
3.20667e-05
3.45928e-05
3.6436e-05
3.74236e-05
3.51545e-05
4.98876e-05
5.23028e-05
5.24948e-05
5.27512e-05
5.25438e-05
5.11704e-05
4.93941e-05
4.57856e-05
4.07749e-05
3.72064e-05
3.57831e-05
3.47765e-05
3.56145e-05
3.81496e-05
4.11191e-05
4.39124e-05
4.64978e-05
4.78792e-05
4.88263e-05
4.67218e-05
6.20154e-05
6.83432e-05
7.54402e-05
8.32114e-05
9.04028e-05
9.60166e-05
9.82405e-05
9.45739e-05
8.28068e-05
7.09328e-05
6.85402e-05
7.27864e-05
7.65033e-05
7.83399e-05
7.80021e-05
7.62323e-05
7.30886e-05
6.86181e-05
6.39949e-05
5.90226e-05
7.56381e-05
9.34977e-05
0.000123468
0.000162076
0.000204391
0.000240655
0.000258023
0.000251955
0.00022769
0.000198355
0.000196503
0.000218052
0.00022911
0.000226859
0.000213579
0.000185987
0.000148229
0.000113372
8.68882e-05
7.21498e-05
9.27296e-05
0.000118953
0.000144321
0.000168221
0.000190651
0.000210734
0.000227324
0.000239231
0.000245192
0.000243886
0.000238278
0.000236505
0.000227196
0.000212819
0.000195329
0.000175849
0.000155008
0.000133421
0.000111007
8.81766e-05
6.43319e-06
9.40294e-06
1.11184e-05
1.24616e-05
1.36873e-05
1.47516e-05
1.54014e-05
1.53457e-05
1.49649e-05
1.4315e-05
1.29796e-05
1.17988e-05
1.13026e-05
1.13079e-05
1.12905e-05
1.09433e-05
1.02398e-05
9.19033e-06
7.64777e-06
5.30593e-06
9.14381e-06
1.76805e-05
2.07955e-05
2.3134e-05
2.53535e-05
2.74466e-05
2.92e-05
3.04196e-05
3.02841e-05
2.87123e-05
2.63565e-05
2.51898e-05
2.47258e-05
2.40268e-05
2.3303e-05
2.24531e-05
2.09165e-05
1.86971e-05
1.53639e-05
7.30595e-06
1.08733e-05
1.8458e-05
2.1804e-05
2.40721e-05
2.59669e-05
2.77759e-05
2.96971e-05
3.19275e-05
3.4141e-05
3.48143e-05
3.34456e-05
3.08682e-05
2.82632e-05
2.65747e-05
2.58238e-05
2.5238e-05
2.36356e-05
2.10688e-05
1.73154e-05
9.41599e-06
1.36783e-05
2.04138e-05
2.43573e-05
2.68124e-05
2.82178e-05
2.90388e-05
2.98191e-05
3.10595e-05
3.33181e-05
3.57039e-05
3.55169e-05
3.25334e-05
2.94972e-05
2.82596e-05
2.86845e-05
2.91311e-05
2.79108e-05
2.49803e-05
2.00707e-05
1.1245e-05
2.61415e-05
2.82234e-05
2.89562e-05
2.92936e-05
2.95132e-05
2.97506e-05
3.00524e-05
3.04287e-05
3.13218e-05
3.32668e-05
3.40555e-05
3.18552e-05
3.0193e-05
3.03517e-05
3.06688e-05
2.98351e-05
2.84406e-05
2.7075e-05
2.5488e-05
2.30155e-05
3.87733e-05
4.01148e-05
3.83741e-05
3.66328e-05
3.50227e-05
3.35597e-05
3.23133e-05
3.15591e-05
3.20652e-05
3.44835e-05
3.54974e-05
3.15273e-05
2.90847e-05
2.87749e-05
2.95309e-05
3.07256e-05
3.21791e-05
3.39719e-05
3.59444e-05
3.48719e-05
5.28682e-05
5.5326e-05
5.38977e-05
5.25438e-05
5.09552e-05
5.05637e-05
5.03895e-05
4.93722e-05
4.75473e-05
4.70755e-05
4.47355e-05
4.02956e-05
3.87116e-05
3.93515e-05
4.07735e-05
4.24446e-05
4.46308e-05
4.80721e-05
5.11432e-05
4.92265e-05
6.74306e-05
7.43763e-05
8.1857e-05
9.04029e-05
9.95422e-05
0.000109649
0.000115715
0.000114094
0.000103442
8.95966e-05
8.62037e-05
8.99366e-05
9.26804e-05
9.21488e-05
8.85597e-05
8.31187e-05
7.81259e-05
7.38323e-05
6.95784e-05
6.39012e-05
8.37979e-05
0.000104811
0.000146055
0.000204391
0.000265505
0.00030388
0.000320504
0.000316452
0.000290971
0.000257881
0.000257988
0.000286884
0.000299473
0.000290918
0.000268252
0.000236441
0.000187824
0.000134499
9.74668e-05
7.9639e-05
0.000103807
0.000134003
0.000162927
0.000190651
0.00021727
0.000241901
0.000262965
0.00027975
0.000291156
0.000295377
0.000288676
0.000281907
0.000267519
0.000248049
0.000225637
0.000201528
0.000176655
0.000151292
0.000125279
9.8468e-05
6.5069e-06
9.6532e-06
1.16502e-05
1.32592e-05
1.47515e-05
1.61398e-05
1.72118e-05
1.76214e-05
1.74222e-05
1.66892e-05
1.47835e-05
1.33505e-05
1.27201e-05
1.25874e-05
1.22886e-05
1.16176e-05
1.06303e-05
9.34031e-06
7.60261e-06
5.24351e-06
9.25e-06
1.85285e-05
2.21778e-05
2.4914e-05
2.74466e-05
2.98821e-05
3.21818e-05
3.4306e-05
3.5474e-05
3.47194e-05
3.17765e-05
2.97463e-05
2.82899e-05
2.66069e-05
2.50891e-05
2.36069e-05
2.17173e-05
1.9242e-05
1.56562e-05
7.28872e-06
1.08519e-05
1.91126e-05
2.29936e-05
2.5628e-05
2.77759e-05
2.98605e-05
3.22573e-05
3.53972e-05
3.91926e-05
4.13697e-05
4.00654e-05
3.63649e-05
3.23448e-05
2.94219e-05
2.76338e-05
2.62064e-05
2.43244e-05
2.16634e-05
1.77603e-05
9.43932e-06
1.24389e-05
2.06071e-05
2.49879e-05
2.75262e-05
2.90387e-05
3.01426e-05
3.13842e-05
3.34296e-05
3.71519e-05
4.17739e-05
4.24713e-05
3.80084e-05
3.28437e-05
3.01445e-05
2.92411e-05
2.86462e-05
2.72071e-05
2.4588e-05
2.0248e-05
1.15263e-05
2.38301e-05
2.54064e-05
2.69299e-05
2.8458e-05
2.97506e-05
3.07516e-05
3.15752e-05
3.26225e-05
3.50224e-05
3.97566e-05
4.14072e-05
3.66218e-05
3.26217e-05
3.17093e-05
3.13544e-05
3.0143e-05
2.79785e-05
2.54089e-05
2.28598e-05
2.06653e-05
3.83001e-05
3.83747e-05
3.60717e-05
3.44968e-05
3.35597e-05
3.30675e-05
3.30939e-05
3.40597e-05
3.70326e-05
4.30518e-05
4.43842e-05
3.63829e-05
3.16596e-05
3.00388e-05
2.95804e-05
2.96112e-05
3.00464e-05
3.12752e-05
3.37645e-05
3.43584e-05
5.45863e-05
5.62562e-05
5.36028e-05
5.11704e-05
5.05637e-05
5.11957e-05
5.24582e-05
5.38038e-05
5.58913e-05
6.11779e-05
5.81295e-05
4.80891e-05
4.32989e-05
4.19536e-05
4.18348e-05
4.2285e-05
4.37077e-05
4.71562e-05
5.18217e-05
5.09397e-05
7.12679e-05
7.82254e-05
8.57465e-05
9.60167e-05
0.000109649
0.000122871
0.000131127
0.000130667
0.000121075
0.000108874
0.00010376
0.000106439
0.000109513
0.000107773
0.000101378
9.20687e-05
8.23971e-05
7.70413e-05
7.3102e-05
6.75007e-05
9.01223e-05
0.000114044
0.000165919
0.000240655
0.00030388
0.000346887
0.00036915
0.000363347
0.00032993
0.000291782
0.000292385
0.000332284
0.000356296
0.000348133
0.000317174
0.000272069
0.00022054
0.000153375
0.000106349
8.55773e-05
0.000112809
0.000146731
0.000179146
0.000210734
0.000241901
0.000271293
0.00029803
0.000321608
0.000341084
0.000354244
0.000345356
0.000330633
0.00030919
0.000283397
0.000255251
0.000225909
0.00019643
0.000167179
0.000137591
0.000106986
6.49599e-06
9.53571e-06
1.17104e-05
1.35812e-05
1.54013e-05
1.72118e-05
1.8851e-05
1.99975e-05
2.03e-05
1.95642e-05
1.67952e-05
1.51386e-05
1.43702e-05
1.39262e-05
1.31788e-05
1.21375e-05
1.08794e-05
9.3914e-06
7.53472e-06
5.20519e-06
9.20523e-06
1.87013e-05
2.2868e-05
2.61444e-05
2.92e-05
3.21818e-05
3.52156e-05
3.8503e-05
4.1611e-05
4.29576e-05
3.96264e-05
3.5757e-05
3.23263e-05
2.90911e-05
2.66215e-05
2.43933e-05
2.20354e-05
1.92801e-05
1.54928e-05
7.25777e-06
1.1092e-05
1.98919e-05
2.40758e-05
2.71185e-05
2.96971e-05
3.22573e-05
3.53374e-05
3.97078e-05
4.55759e-05
5.03584e-05
4.8875e-05
4.25881e-05
3.64267e-05
3.18909e-05
2.90971e-05
2.6825e-05
2.44636e-05
2.16059e-05
1.75829e-05
9.446e-06
1.22738e-05
2.11224e-05
2.53791e-05
2.80091e-05
2.98191e-05
3.13842e-05
3.33662e-05
3.6943e-05
4.39415e-05
5.4712e-05
5.56884e-05
4.56452e-05
3.63321e-05
3.16423e-05
2.95346e-05
2.79255e-05
2.59354e-05
2.3155e-05
1.90672e-05
1.1323e-05
2.05737e-05
2.2548e-05
2.5369e-05
2.80134e-05
3.00523e-05
3.15752e-05
3.30229e-05
3.55958e-05
4.24473e-05
5.82382e-05
6.1422e-05
4.52656e-05
3.52078e-05
3.23381e-05
3.10788e-05
2.95263e-05
2.72032e-05
2.41414e-05
2.08075e-05
1.83385e-05
3.62319e-05
3.461e-05
3.25692e-05
3.20232e-05
3.23133e-05
3.30939e-05
3.45136e-05
3.75508e-05
4.55968e-05
6.5679e-05
6.88674e-05
4.50409e-05
3.48871e-05
3.15467e-05
2.99834e-05
2.89614e-05
2.83753e-05
2.8687e-05
3.08704e-05
3.32489e-05
5.47231e-05
5.42087e-05
5.03677e-05
4.93941e-05
5.03895e-05
5.24582e-05
5.52445e-05
5.93169e-05
6.83095e-05
9.09033e-05
8.66645e-05
6.03269e-05
4.96381e-05
4.58899e-05
4.41423e-05
4.30606e-05
4.28873e-05
4.46519e-05
5.00703e-05
5.14403e-05
7.32765e-05
7.93811e-05
8.5542e-05
9.82406e-05
0.000115715
0.000131127
0.00013995
0.000139566
0.000133402
0.000135521
0.000127212
0.000118683
0.000121241
0.000120075
0.000112337
9.98946e-05
8.62042e-05
7.66401e-05
7.37477e-05
6.94894e-05
9.42175e-05
0.000119562
0.000178382
0.000258023
0.000320504
0.00036915
0.000390842
0.000378163
0.000342229
0.000324747
0.000320242
0.000341235
0.000377334
0.000378549
0.000346736
0.000294665
0.000236157
0.000164977
0.000111712
8.95163e-05
0.000119432
0.000156562
0.000192107
0.000227324
0.000262965
0.00029803
0.000332075
0.000365373
0.000397972
0.000427866
0.000414969
0.000384466
0.000351471
0.000317103
0.000282181
0.000247244
0.000213037
0.000180056
0.000147253
0.000113361
6.44342e-06
9.09883e-06
1.12447e-05
1.32464e-05
1.53457e-05
1.76214e-05
1.99975e-05
2.21719e-05
2.34108e-05
2.28562e-05
1.90219e-05
1.73615e-05
1.63502e-05
1.513e-05
1.37856e-05
1.2365e-05
1.08845e-05
9.2802e-06
7.4101e-06
5.17321e-06
9.08492e-06
1.79454e-05
2.26121e-05
2.65724e-05
3.04196e-05
3.4306e-05
3.85031e-05
4.34551e-05
4.88099e-05
5.38446e-05
5.02288e-05
4.28709e-05
3.68448e-05
3.16168e-05
2.79804e-05
2.496e-05
2.20424e-05
1.89071e-05
1.49005e-05
7.12778e-06
1.11738e-05
1.99303e-05
2.45802e-05
2.84242e-05
3.19275e-05
3.53972e-05
3.97078e-05
4.64415e-05
5.72862e-05
7.67325e-05
7.25769e-05
5.11202e-05
4.11307e-05
3.43499e-05
3.04054e-05
2.74111e-05
2.45443e-05
2.1309e-05
1.71822e-05
9.31783e-06
1.20535e-05
2.04677e-05
2.52172e-05
2.85625e-05
3.10595e-05
3.34296e-05
3.6943e-05
4.49101e-05
6.57728e-05
0.000114464
0.00011173
6.3731e-05
4.20376e-05
3.35288e-05
2.99897e-05
2.75745e-05
2.50972e-05
2.20013e-05
1.78475e-05
1.09709e-05
1.61974e-05
2.00642e-05
2.44755e-05
2.7883e-05
3.04287e-05
3.26225e-05
3.55957e-05
4.37399e-05
7.44214e-05
0.000162856
0.000163818
7.62218e-05
4.19541e-05
3.36001e-05
3.084e-05
2.87007e-05
2.62048e-05
2.30207e-05
1.91403e-05
1.59655e-05
3.2502e-05
2.91272e-05
2.84056e-05
2.95459e-05
3.15591e-05
3.40597e-05
3.75508e-05
4.62423e-05
8.31487e-05
0.00020601
0.000208718
8.15665e-05
4.27839e-05
3.45549e-05
3.15607e-05
2.93334e-05
2.74087e-05
2.63578e-05
2.74047e-05
3.12023e-05
5.32407e-05
4.96057e-05
4.45184e-05
4.57856e-05
4.93722e-05
5.38038e-05
5.93169e-05
7.04281e-05
0.000110947
0.000242167
0.000232017
9.98412e-05
6.1075e-05
5.14993e-05
4.73515e-05
4.40482e-05
4.14322e-05
4.08445e-05
4.56171e-05
5.04417e-05
7.32746e-05
7.75305e-05
7.99042e-05
9.45739e-05
0.000114094
0.000130667
0.000139566
0.000142607
0.000162234
0.00026612
0.000247482
0.000145103
0.000126244
0.000123735
0.000116139
0.00010178
8.45077e-05
7.10443e-05
7.1214e-05
6.95999e-05
9.56484e-05
0.000119599
0.00017917
0.000251955
0.000316452
0.000363347
0.000378163
0.000364541
0.00036693
0.000449506
0.000431373
0.000352255
0.000355561
0.00036512
0.000343679
0.000294323
0.000231349
0.000165165
0.000111734
9.09717e-05
0.000123234
0.000162759
0.000200805
0.000239231
0.00027975
0.000321609
0.000365373
0.000413455
0.00046886
0.000530345
0.000511085
0.000449728
0.000395696
0.000348263
0.000304837
0.000263791
0.000224834
0.0001887
0.000153417
0.000117104
6.39157e-06
8.74989e-06
1.08245e-05
1.28221e-05
1.49649e-05
1.74222e-05
2.03e-05
2.34108e-05
2.59252e-05
2.77349e-05
2.26818e-05
1.97903e-05
1.81564e-05
1.58863e-05
1.39191e-05
1.21765e-05
1.05521e-05
8.92744e-06
7.16244e-06
5.11951e-06
8.84246e-06
1.64925e-05
2.12361e-05
2.56239e-05
3.02841e-05
3.54741e-05
4.16111e-05
4.88099e-05
5.89702e-05
0.000116062
0.000102786
4.87331e-05
4.13305e-05
3.42275e-05
2.91618e-05
2.52651e-05
2.17546e-05
1.82342e-05
1.4045e-05
6.92027e-06
1.12291e-05
1.94515e-05
2.44711e-05
2.91968e-05
3.4141e-05
3.91926e-05
4.55759e-05
5.72862e-05
9.56737e-05
0.000269209
0.00023936
7.74384e-05
4.76816e-05
3.71633e-05
3.18186e-05
2.80543e-05
2.45754e-05
2.09595e-05
1.67623e-05
9.1415e-06
1.22554e-05
2.00454e-05
2.51437e-05
2.94388e-05
3.33181e-05
3.71519e-05
4.39415e-05
6.57728e-05
0.00015296
0.000455735
0.000411123
0.000129728
5.62793e-05
3.72031e-05
3.12524e-05
2.79008e-05
2.48229e-05
2.15383e-05
1.74679e-05
1.06914e-05
1.27547e-05
1.89937e-05
2.4234e-05
2.80162e-05
3.13218e-05
3.50224e-05
4.24473e-05
7.44214e-05
0.000224957
0.000660013
0.00060193
0.000199891
6.61378e-05
3.81547e-05
3.19399e-05
2.86698e-05
2.55605e-05
2.21775e-05
1.80607e-05
1.34037e-05
2.77775e-05
2.44172e-05
2.53928e-05
2.81107e-05
3.20652e-05
3.70326e-05
4.55968e-05
8.31487e-05
0.00028812
0.000834989
0.00076578
0.000259907
7.44657e-05
4.19448e-05
3.5177e-05
3.10671e-05
2.7276e-05
2.43321e-05
2.36825e-05
2.76078e-05
5.04002e-05
4.2694e-05
3.75335e-05
4.07748e-05
4.75473e-05
5.58913e-05
6.83096e-05
0.000110947
0.00033224
0.000927058
0.000850469
0.000296422
9.79198e-05
6.18021e-05
5.18847e-05
4.47986e-05
3.87834e-05
3.57893e-05
3.94547e-05
4.78879e-05
7.12758e-05
7.29005e-05
6.95336e-05
8.28068e-05
0.000103442
0.000121075
0.000133402
0.000162234
0.000351792
0.00090444
0.000832765
0.000313935
0.000144567
0.000120308
0.00011006
9.41778e-05
7.44817e-05
6.13927e-05
6.61659e-05
6.77601e-05
9.41334e-05
0.000113282
0.00016721
0.00022769
0.000290971
0.00032993
0.000342229
0.00036693
0.000498352
0.000788328
0.000737769
0.000462515
0.000346717
0.000322641
0.000307433
0.000268151
0.000207095
0.000151934
0.000105535
8.96393e-05
0.000123622
0.000164482
0.000204185
0.000245192
0.000291156
0.000341084
0.000397972
0.00046886
0.000560855
0.000662815
0.000637004
0.000533054
0.000445142
0.000377115
0.000322134
0.000274099
0.000230309
0.000191939
0.000155212
0.000117634
6.24244e-06
8.33848e-06
1.03155e-05
1.2251e-05
1.4315e-05
1.66893e-05
1.95642e-05
2.28563e-05
2.7735e-05
2.85401e-05
2.33838e-05
2.20618e-05
1.91119e-05
1.57544e-05
1.32927e-05
1.14164e-05
9.81333e-06
8.33012e-06
6.77526e-06
4.98714e-06
8.57832e-06
1.52932e-05
1.96734e-05
2.38979e-05
2.87124e-05
3.47195e-05
4.29578e-05
5.38449e-05
0.000116062
0.000105823
9.42608e-05
9.07752e-05
4.38388e-05
3.70696e-05
2.98518e-05
2.50218e-05
2.10014e-05
1.72207e-05
1.30272e-05
6.65886e-06
1.12153e-05
1.86971e-05
2.37226e-05
2.88864e-05
3.48144e-05
4.13698e-05
5.03585e-05
7.67328e-05
0.000269209
0.00018574
0.000175275
0.000216194
6.10759e-05
4.05733e-05
3.30432e-05
2.83747e-05
2.41644e-05
2.02094e-05
1.59987e-05
8.88839e-06
1.25742e-05
1.96316e-05
2.47992e-05
2.99636e-05
3.57039e-05
4.17739e-05
5.47121e-05
0.000114464
0.000455735
0.000279987
0.000275887
0.000375292
9.38523e-05
4.45385e-05
3.35685e-05
2.87143e-05
2.47814e-05
2.11114e-05
1.71748e-05
1.06158e-05
1.26227e-05
1.87899e-05
2.38216e-05
2.83901e-05
3.32669e-05
3.97566e-05
5.82383e-05
0.000162856
0.000660012
0.000390141
0.000396132
0.000554883
0.000137245
5.03297e-05
3.5257e-05
2.98404e-05
2.53155e-05
2.13089e-05
1.74865e-05
1.18255e-05
2.3239e-05
2.17311e-05
2.42419e-05
2.8512e-05
3.44835e-05
4.30518e-05
6.56791e-05
0.00020601
0.000834988
0.000509698
0.000527553
0.000708612
0.00017648
5.95484e-05
4.11775e-05
3.37974e-05
2.78218e-05
2.31003e-05
2.06719e-05
2.30244e-05
4.69312e-05
3.6474e-05
3.29078e-05
3.72064e-05
4.70755e-05
6.11779e-05
9.09035e-05
0.000242167
0.000927057
0.000619623
0.00064896
0.000788714
0.000209544
8.39144e-05
5.89199e-05
4.57552e-05
3.59365e-05
3.10799e-05
3.35715e-05
4.43258e-05
6.79613e-05
6.72412e-05
6.10061e-05
7.09328e-05
8.95965e-05
0.000108874
0.000135521
0.00026612
0.00090444
0.000690115
0.000724087
0.000774012
0.000234532
0.000122943
9.83762e-05
8.01273e-05
6.24359e-05
5.34523e-05
6.04347e-05
6.4515e-05
9.01977e-05
0.000102704
0.000147144
0.000198355
0.000257881
0.000291782
0.000324747
0.000449507
0.000788328
0.000739361
0.000761984
0.000697238
0.000412919
0.000301395
0.000267377
0.000234828
0.00017893
0.000132009
9.53943e-05
8.59875e-05
0.00011995
0.000160899
0.000201021
0.000243886
0.000295377
0.000354244
0.000427867
0.000530346
0.000662816
0.000685974
0.000688473
0.000621997
0.000497829
0.000402271
0.000332682
0.000277103
0.000228655
0.000188698
0.000151899
0.000114302
5.92933e-06
7.76313e-06
9.54126e-06
1.12578e-05
1.29796e-05
1.47835e-05
1.67952e-05
1.9022e-05
2.26819e-05
2.33839e-05
2.01772e-05
1.91252e-05
1.67091e-05
1.37449e-05
1.17314e-05
1.02472e-05
8.95847e-06
7.70105e-06
6.34927e-06
4.7672e-06
8.31201e-06
1.45991e-05
1.84907e-05
2.21566e-05
2.63566e-05
3.17767e-05
3.96267e-05
5.02292e-05
0.000102786
9.42613e-05
8.34464e-05
8.09952e-05
4.16136e-05
3.52001e-05
2.82321e-05
2.35081e-05
1.95855e-05
1.59761e-05
1.20835e-05
6.38399e-06
1.10053e-05
1.78733e-05
2.25814e-05
2.75734e-05
3.34457e-05
4.00655e-05
4.88753e-05
7.25774e-05
0.000239361
0.000175276
0.000160432
0.000197123
5.99286e-05
4.02554e-05
3.23233e-05
2.73366e-05
2.29639e-05
1.9076e-05
1.50693e-05
8.50034e-06
1.24294e-05
1.8879e-05
2.37847e-05
2.91357e-05
3.55169e-05
4.24715e-05
5.56887e-05
0.00011173
0.000411124
0.000275888
0.000259907
0.000350052
9.79356e-05
4.68675e-05
3.41447e-05
2.83145e-05
2.39945e-05
2.01974e-05
1.64125e-05
1.0356e-05
1.29601e-05
1.85436e-05
2.32285e-05
2.84048e-05
3.40556e-05
4.14073e-05
6.14224e-05
0.000163819
0.000601931
0.000396134
0.000380625
0.000523766
0.000149048
5.55172e-05
3.66734e-05
2.9997e-05
2.4882e-05
2.06719e-05
1.69424e-05
1.11596e-05
2.03633e-05
2.06487e-05
2.40506e-05
2.90849e-05
3.54975e-05
4.43843e-05
6.88679e-05
0.00020872
0.000765782
0.000527555
0.000513152
0.000675667
0.000196185
6.62062e-05
4.26672e-05
3.42445e-05
2.79011e-05
2.27059e-05
1.93309e-05
1.93801e-05
4.45168e-05
3.43077e-05
3.16623e-05
3.5783e-05
4.47354e-05
5.81295e-05
8.66648e-05
0.000232019
0.000850471
0.000648962
0.0006359
0.000755801
0.00021732
8.17003e-05
5.42964e-05
4.14681e-05
3.29621e-05
2.90135e-05
3.13148e-05
4.15549e-05
6.58853e-05
6.49788e-05
5.88961e-05
6.854e-05
8.62035e-05
0.000103759
0.000127212
0.000247484
0.000832769
0.000724089
0.000711764
0.000746619
0.000231358
0.000115099
9.15405e-05
7.54821e-05
5.97567e-05
5.16357e-05
5.80669e-05
6.23464e-05
8.77198e-05
0.000100636
0.000143097
0.000196503
0.000257988
0.000292385
0.000320243
0.000431375
0.000737772
0.000761986
0.000747635
0.000672122
0.000406027
0.00029989
0.000269438
0.000238322
0.000180989
0.000130744
9.40355e-05
8.40558e-05
0.000116316
0.000156304
0.000195717
0.000238279
0.000288676
0.000345357
0.000414969
0.000511087
0.000637005
0.000688474
0.000670178
0.000601653
0.00048512
0.000394815
0.000328726
0.000275185
0.000227507
0.000187229
0.00015013
0.000112285
5.73542e-06
7.30851e-06
8.83952e-06
1.03203e-05
1.17988e-05
1.33506e-05
1.51387e-05
1.73616e-05
1.97905e-05
2.2062e-05
1.91252e-05
1.65386e-05
1.44075e-05
1.2346e-05
1.08068e-05
9.55071e-06
8.4044e-06
7.26603e-06
6.02034e-06
4.56193e-06
7.99311e-06
1.4397e-05
1.81721e-05
2.15137e-05
2.51899e-05
2.97465e-05
3.57573e-05
4.28712e-05
4.87333e-05
9.07754e-05
8.09952e-05
4.04041e-05
3.6226e-05
2.99104e-05
2.51133e-05
2.14173e-05
1.81898e-05
1.50724e-05
1.15475e-05
6.14886e-06
1.06982e-05
1.71149e-05
2.14042e-05
2.58246e-05
3.08683e-05
3.63651e-05
4.25884e-05
5.11207e-05
7.74391e-05
0.000216194
0.000197123
6.49995e-05
4.33116e-05
3.45478e-05
2.91804e-05
2.50053e-05
2.13421e-05
1.80218e-05
1.43956e-05
8.14635e-06
1.19859e-05
1.79197e-05
2.2402e-05
2.71089e-05
3.25335e-05
3.80086e-05
4.56456e-05
6.3732e-05
0.000129729
0.000375293
0.000350053
0.000117258
5.72424e-05
3.83924e-05
3.07135e-05
2.60182e-05
2.235e-05
1.9009e-05
1.5514e-05
1.00028e-05
1.26223e-05
1.79729e-05
2.2726e-05
2.7377e-05
3.18554e-05
3.66219e-05
4.5266e-05
7.62234e-05
0.000199893
0.000554884
0.000523766
0.000192057
7.55473e-05
4.19654e-05
3.27267e-05
2.82102e-05
2.44041e-05
2.08258e-05
1.68121e-05
1.06296e-05
2.07997e-05
2.06883e-05
2.3494e-05
2.72629e-05
3.15274e-05
3.6383e-05
4.50411e-05
8.15678e-05
0.00025991
0.000708613
0.000675668
0.000261328
8.61123e-05
4.45212e-05
3.55216e-05
3.07572e-05
2.64147e-05
2.24723e-05
1.94063e-05
1.89623e-05
4.56436e-05
3.55838e-05
3.23322e-05
3.47764e-05
4.02955e-05
4.8089e-05
6.03269e-05
9.98421e-05
0.000296425
0.000788716
0.000755802
0.000295942
9.74148e-05
5.44344e-05
4.23869e-05
3.5261e-05
3.04896e-05
2.86622e-05
3.18354e-05
4.21508e-05
6.79981e-05
6.98649e-05
6.3116e-05
7.27862e-05
8.99363e-05
0.000106439
0.000118682
0.000145104
0.000313939
0.000774015
0.00074662
0.000311285
0.000134949
0.00010432
9.24015e-05
7.77593e-05
6.28341e-05
5.50143e-05
6.22805e-05
6.42365e-05
9.09608e-05
0.000110654
0.000159752
0.000218052
0.000286884
0.000332283
0.000341235
0.000352256
0.000462517
0.00069724
0.000672123
0.000448361
0.000338127
0.00031996
0.00031104
0.000269626
0.000203752
0.000147918
0.000104227
8.72417e-05
0.000119219
0.000158198
0.000196399
0.000236506
0.000281907
0.000330634
0.000384467
0.000449729
0.000533056
0.000621999
0.000601654
0.00051287
0.000432371
0.000369264
0.000317616
0.000271138
0.000227705
0.000189372
0.000152826
0.000115469
5.76328e-06
7.32604e-06
8.70324e-06
9.99008e-06
1.13026e-05
1.27201e-05
1.43703e-05
1.63503e-05
1.81565e-05
1.9112e-05
1.67092e-05
1.44075e-05
1.28581e-05
1.15666e-05
1.0447e-05
9.39219e-06
8.33404e-06
7.23427e-06
6.00248e-06
4.55267e-06
7.7707e-06
1.42566e-05
1.81889e-05
2.14668e-05
2.47259e-05
2.829e-05
3.23265e-05
3.68451e-05
4.13307e-05
4.38389e-05
4.16136e-05
3.6226e-05
3.07602e-05
2.60508e-05
2.26953e-05
1.99603e-05
1.74074e-05
1.47471e-05
1.15164e-05
6.0653e-06
1.03374e-05
1.64938e-05
2.04588e-05
2.42758e-05
2.82633e-05
3.2345e-05
3.6427e-05
4.1131e-05
4.76819e-05
6.10763e-05
5.99288e-05
4.33116e-05
3.5286e-05
2.94737e-05
2.58041e-05
2.2876e-05
2.0181e-05
1.74067e-05
1.40855e-05
7.98311e-06
1.13786e-05
1.73648e-05
2.16508e-05
2.55349e-05
2.94974e-05
3.28439e-05
3.63324e-05
4.20381e-05
5.628e-05
9.38533e-05
9.79362e-05
5.72423e-05
3.8952e-05
3.07522e-05
2.68137e-05
2.4042e-05
2.14733e-05
1.86244e-05
1.51372e-05
9.69989e-06
1.23972e-05
1.80127e-05
2.28184e-05
2.68767e-05
3.01933e-05
3.26219e-05
3.52081e-05
4.19545e-05
6.61388e-05
0.000137246
0.000149049
7.55472e-05
4.24005e-05
3.28193e-05
2.9928e-05
2.79696e-05
2.56863e-05
2.2424e-05
1.72963e-05
9.99587e-06
2.39519e-05
2.23475e-05
2.39858e-05
2.64542e-05
2.90848e-05
3.16598e-05
3.48873e-05
4.27843e-05
7.44668e-05
0.000176482
0.000196186
8.61125e-05
4.46685e-05
3.52076e-05
3.1923e-05
2.89604e-05
2.57249e-05
2.25644e-05
2.02209e-05
2.09484e-05
4.77233e-05
3.9914e-05
3.49391e-05
3.56144e-05
3.87116e-05
4.32988e-05
4.9638e-05
6.10751e-05
9.79206e-05
0.000209546
0.000217321
9.7415e-05
5.44561e-05
4.21349e-05
3.63803e-05
3.25523e-05
3.02382e-05
3.01515e-05
3.46947e-05
4.37622e-05
6.88016e-05
7.46062e-05
6.76268e-05
7.65031e-05
9.26803e-05
0.000109512
0.000121241
0.000126244
0.000144568
0.000234534
0.00023136
0.00013495
0.000110277
0.000103845
9.30651e-05
7.84119e-05
6.49026e-05
5.85297e-05
6.74068e-05
6.49717e-05
9.06249e-05
0.000114852
0.000169012
0.00022911
0.000299473
0.000356296
0.000377334
0.00035556
0.000346718
0.000412921
0.000406028
0.000338127
0.000341298
0.000359323
0.000338615
0.000282767
0.00021402
0.000157074
0.000107811
8.69554e-05
0.000116546
0.00015386
0.000190109
0.000227197
0.00026752
0.000309191
0.000351472
0.000395697
0.000445143
0.00049783
0.00048512
0.000432372
0.000383503
0.000340208
0.00029915
0.00025875
0.000219707
0.000183927
0.000149032
0.000113144
5.77546e-06
7.57868e-06
8.94513e-06
1.01237e-05
1.1308e-05
1.25875e-05
1.39263e-05
1.51301e-05
1.58864e-05
1.57545e-05
1.3745e-05
1.2346e-05
1.15666e-05
1.0897e-05
1.01813e-05
9.37463e-06
8.45097e-06
7.41271e-06
6.20041e-06
4.69772e-06
7.75016e-06
1.43048e-05
1.81833e-05
2.12789e-05
2.4027e-05
2.6607e-05
2.90913e-05
3.16169e-05
3.42276e-05
3.70696e-05
3.52001e-05
2.99104e-05
2.60508e-05
2.32264e-05
2.10951e-05
1.91945e-05
1.72116e-05
1.49181e-05
1.18654e-05
6.17973e-06
9.98897e-06
1.62803e-05
2.01707e-05
2.34689e-05
2.65749e-05
2.94221e-05
3.18911e-05
3.43501e-05
3.71635e-05
4.05735e-05
4.02554e-05
3.45478e-05
2.94737e-05
2.60419e-05
2.38217e-05
2.1875e-05
1.97726e-05
1.73596e-05
1.41982e-05
8.05521e-06
1.06569e-05
1.79848e-05
2.26744e-05
2.57508e-05
2.82598e-05
3.01448e-05
3.16425e-05
3.35291e-05
3.72034e-05
4.45388e-05
4.68677e-05
3.83924e-05
3.07522e-05
2.69111e-05
2.51486e-05
2.36026e-05
2.16986e-05
1.91991e-05
1.57442e-05
9.70541e-06
1.3806e-05
1.9236e-05
2.39824e-05
2.76883e-05
3.03519e-05
3.17095e-05
3.23383e-05
3.36003e-05
3.8155e-05
5.03301e-05
5.55176e-05
4.19655e-05
3.28193e-05
3.04836e-05
2.99653e-05
2.90852e-05
2.72127e-05
2.37521e-05
1.83369e-05
1.12212e-05
2.79256e-05
2.57978e-05
2.62384e-05
2.74489e-05
2.8775e-05
3.00389e-05
3.15469e-05
3.4555e-05
4.19451e-05
5.95488e-05
6.62066e-05
4.45213e-05
3.52076e-05
3.23029e-05
3.02882e-05
2.80113e-05
2.5623e-05
2.35069e-05
2.22801e-05
2.3857e-05
4.86052e-05
4.55986e-05
3.92326e-05
3.81495e-05
3.93514e-05
4.19536e-05
4.58898e-05
5.14993e-05
6.18021e-05
8.39147e-05
8.17007e-05
5.44345e-05
4.2135e-05
3.67298e-05
3.37175e-05
3.1962e-05
3.14935e-05
3.31537e-05
3.95417e-05
4.45132e-05
6.76244e-05
7.50833e-05
7.18033e-05
7.83398e-05
9.21488e-05
0.000107773
0.000120075
0.000123735
0.000120308
0.000122944
0.0001151
0.000104321
0.000103845
9.90251e-05
8.80768e-05
7.54539e-05
6.49788e-05
6.18312e-05
6.88782e-05
6.39857e-05
8.75791e-05
0.000111875
0.000164612
0.00022686
0.000290919
0.000348133
0.000378549
0.00036512
0.000322641
0.000301396
0.000299891
0.00031996
0.000359323
0.000365259
0.000329091
0.000271155
0.000208774
0.000153172
0.000105241
8.41213e-05
0.000111105
0.000145729
0.000179254
0.000212819
0.000248049
0.000283397
0.000317104
0.000348263
0.000377116
0.000402272
0.000394816
0.000369265
0.000340209
0.000308834
0.000275092
0.000240145
0.000205771
0.00017337
0.000141115
0.000107891
5.79625e-06
7.76973e-06
9.14015e-06
1.02573e-05
1.12906e-05
1.22887e-05
1.31789e-05
1.37856e-05
1.39192e-05
1.32927e-05
1.17314e-05
1.08068e-05
1.0447e-05
1.01813e-05
9.79254e-06
9.23605e-06
8.49721e-06
7.58552e-06
6.44888e-06
4.91996e-06
7.86891e-06
1.47607e-05
1.84409e-05
2.11604e-05
2.33031e-05
2.50892e-05
2.66216e-05
2.79805e-05
2.91619e-05
2.98518e-05
2.82321e-05
2.51133e-05
2.26953e-05
2.10951e-05
1.9902e-05
1.8771e-05
1.73767e-05
1.54189e-05
1.24824e-05
6.3794e-06
9.87416e-06
1.66223e-05
2.07013e-05
2.36295e-05
2.5824e-05
2.76339e-05
2.90972e-05
3.04056e-05
3.18187e-05
3.30433e-05
3.23233e-05
2.91804e-05
2.58041e-05
2.38216e-05
2.25589e-05
2.1319e-05
1.98419e-05
1.7776e-05
1.46746e-05
8.31395e-06
9.71525e-06
1.91081e-05
2.47577e-05
2.75657e-05
2.86847e-05
2.92413e-05
2.95348e-05
2.99899e-05
3.12526e-05
3.35686e-05
3.41447e-05
3.07135e-05
2.68137e-05
2.51486e-05
2.44677e-05
2.38422e-05
2.28276e-05
2.08565e-05
1.73401e-05
9.86308e-06
1.72886e-05
2.14047e-05
2.53271e-05
2.85264e-05
3.0669e-05
3.13546e-05
3.1079e-05
3.08401e-05
3.194e-05
3.52571e-05
3.66735e-05
3.27267e-05
2.99279e-05
2.99653e-05
3.0279e-05
3.00496e-05
2.83099e-05
2.46105e-05
1.9476e-05
1.34461e-05
3.13119e-05
3.05643e-05
2.97114e-05
2.9546e-05
2.95309e-05
2.95805e-05
2.99835e-05
3.15609e-05
3.51771e-05
4.11776e-05
4.26673e-05
3.55217e-05
3.19229e-05
3.02882e-05
2.88317e-05
2.75003e-05
2.63882e-05
2.56188e-05
2.57572e-05
2.68562e-05
4.84397e-05
4.94195e-05
4.34929e-05
4.1119e-05
4.07735e-05
4.18347e-05
4.41423e-05
4.73515e-05
5.18847e-05
5.892e-05
5.42966e-05
4.23871e-05
3.63803e-05
3.37175e-05
3.25545e-05
3.24119e-05
3.3478e-05
3.6591e-05
4.33022e-05
4.42963e-05
6.50538e-05
7.2457e-05
7.40215e-05
7.80021e-05
8.85597e-05
0.000101378
0.000112337
0.000116139
0.00011006
9.83764e-05
9.15409e-05
9.24018e-05
9.30653e-05
8.80769e-05
7.94477e-05
7.0517e-05
6.38454e-05
6.41403e-05
6.71478e-05
6.15936e-05
8.27134e-05
0.000104805
0.000151109
0.000213579
0.000268252
0.000317175
0.000346737
0.000343679
0.000307433
0.000267378
0.000269438
0.000311041
0.000338615
0.000329092
0.000293046
0.000244673
0.000193204
0.000139496
9.85024e-05
7.94371e-05
0.000103753
0.000135056
0.000165418
0.000195329
0.000225637
0.000255252
0.000282181
0.000304838
0.000322134
0.000332683
0.000328727
0.000317617
0.00029915
0.000275092
0.000247266
0.000217658
0.000188127
0.000159411
0.000130414
0.000100626
5.8084e-06
7.87519e-06
9.17782e-06
1.01484e-05
1.09433e-05
1.16177e-05
1.21376e-05
1.23651e-05
1.21766e-05
1.14165e-05
1.02472e-05
9.55072e-06
9.39218e-06
9.37462e-06
9.23604e-06
8.92471e-06
8.43411e-06
7.735e-06
6.72804e-06
5.16462e-06
8.09096e-06
1.49925e-05
1.8352e-05
2.07455e-05
2.24532e-05
2.36071e-05
2.43935e-05
2.49601e-05
2.52652e-05
2.50218e-05
2.35081e-05
2.14173e-05
1.99602e-05
1.91945e-05
1.8771e-05
1.83311e-05
1.73963e-05
1.57287e-05
1.29926e-05
6.65408e-06
1.00727e-05
1.68371e-05
2.0633e-05
2.34585e-05
2.52382e-05
2.62066e-05
2.68252e-05
2.74112e-05
2.80544e-05
2.83747e-05
2.73366e-05
2.50052e-05
2.2876e-05
2.1875e-05
2.1319e-05
2.0816e-05
1.98462e-05
1.79927e-05
1.49208e-05
8.5279e-06
1.01018e-05
1.9039e-05
2.4941e-05
2.82667e-05
2.91313e-05
2.86464e-05
2.79256e-05
2.75746e-05
2.79009e-05
2.87144e-05
2.83145e-05
2.60182e-05
2.4042e-05
2.36025e-05
2.38422e-05
2.42639e-05
2.39489e-05
2.2284e-05
1.85418e-05
9.53324e-06
2.15281e-05
2.47194e-05
2.68744e-05
2.86063e-05
2.98353e-05
3.01432e-05
2.95265e-05
2.87009e-05
2.86699e-05
2.98405e-05
2.9997e-05
2.82102e-05
2.79696e-05
2.90852e-05
3.00496e-05
2.98177e-05
2.75536e-05
2.42486e-05
2.06332e-05
1.64257e-05
3.36167e-05
3.51352e-05
3.36712e-05
3.20668e-05
3.07256e-05
2.96112e-05
2.89614e-05
2.93335e-05
3.10672e-05
3.37974e-05
3.42445e-05
3.07572e-05
2.89604e-05
2.80113e-05
2.75003e-05
2.74751e-05
2.78196e-05
2.85988e-05
2.98391e-05
2.93064e-05
4.74067e-05
4.99316e-05
4.70612e-05
4.39124e-05
4.24446e-05
4.2285e-05
4.30606e-05
4.40482e-05
4.47986e-05
4.57552e-05
4.14682e-05
3.52611e-05
3.25523e-05
3.1962e-05
3.24119e-05
3.36402e-05
3.59445e-05
4.00684e-05
4.45678e-05
4.33541e-05
6.14425e-05
6.80575e-05
7.20641e-05
7.62323e-05
8.31187e-05
9.20687e-05
9.98946e-05
0.00010178
9.41779e-05
8.01276e-05
7.54824e-05
7.77596e-05
7.84122e-05
7.5454e-05
7.05171e-05
6.54807e-05
6.24439e-05
6.37535e-05
6.32487e-05
5.81286e-05
7.65364e-05
9.55334e-05
0.000132812
0.000185987
0.000236441
0.00027207
0.000294665
0.000294323
0.000268152
0.000234828
0.000238323
0.000269626
0.000282768
0.000271155
0.000244674
0.000211401
0.000170201
0.000122422
8.95752e-05
7.34219e-05
9.49304e-05
0.00012258
0.000149581
0.00017585
0.000201528
0.00022591
0.000247245
0.000263792
0.0002741
0.000277104
0.000275185
0.000271138
0.000258751
0.000240145
0.000217658
0.000193281
0.000168445
0.000143373
0.000117839
9.18627e-05
5.74942e-06
7.73911e-06
8.89833e-06
9.6862e-06
1.02399e-05
1.06304e-05
1.08795e-05
1.08846e-05
1.05522e-05
9.81339e-06
8.9585e-06
8.40441e-06
8.33403e-06
8.45096e-06
8.4972e-06
8.4341e-06
8.23965e-06
7.82117e-06
7.01478e-06
5.42911e-06
8.18134e-06
1.46595e-05
1.75747e-05
1.95631e-05
2.09167e-05
2.17175e-05
2.20355e-05
2.20425e-05
2.17547e-05
2.10015e-05
1.95856e-05
1.81898e-05
1.74074e-05
1.72115e-05
1.73767e-05
1.73963e-05
1.67709e-05
1.54171e-05
1.30358e-05
6.99458e-06
1.02816e-05
1.70177e-05
1.99027e-05
2.2115e-05
2.36357e-05
2.43246e-05
2.44638e-05
2.45444e-05
2.45755e-05
2.41644e-05
2.29639e-05
2.13421e-05
2.0181e-05
1.97726e-05
1.98419e-05
1.98461e-05
1.91274e-05
1.75243e-05
1.48286e-05
8.83726e-06
1.17632e-05
1.82504e-05
2.32912e-05
2.67845e-05
2.7911e-05
2.72073e-05
2.59355e-05
2.50973e-05
2.4823e-05
2.47814e-05
2.39946e-05
2.235e-05
2.14733e-05
2.16986e-05
2.28275e-05
2.39488e-05
2.39656e-05
2.22156e-05
1.81304e-05
9.53385e-06
2.52781e-05
2.88688e-05
2.93587e-05
2.89115e-05
2.84407e-05
2.79786e-05
2.72034e-05
2.62049e-05
2.55606e-05
2.53156e-05
2.48821e-05
2.44041e-05
2.56862e-05
2.72126e-05
2.83099e-05
2.75536e-05
2.5813e-05
2.44336e-05
2.3142e-05
1.99463e-05
3.50509e-05
3.78127e-05
3.67303e-05
3.45928e-05
3.21792e-05
3.00465e-05
2.83754e-05
2.74087e-05
2.7276e-05
2.78218e-05
2.79011e-05
2.64147e-05
2.57249e-05
2.56229e-05
2.63882e-05
2.78195e-05
2.98314e-05
3.19689e-05
3.33061e-05
3.11156e-05
4.57586e-05
4.8589e-05
4.78686e-05
4.64979e-05
4.46308e-05
4.37077e-05
4.28873e-05
4.14322e-05
3.87835e-05
3.59365e-05
3.29622e-05
3.04896e-05
3.02382e-05
3.14934e-05
3.3478e-05
3.59445e-05
3.90748e-05
4.2027e-05
4.3974e-05
4.20057e-05
5.70171e-05
6.26206e-05
6.795e-05
7.30887e-05
7.8126e-05
8.23972e-05
8.62044e-05
8.45079e-05
7.44819e-05
6.24361e-05
5.97569e-05
6.28343e-05
6.49029e-05
6.49789e-05
6.38455e-05
6.24439e-05
6.25227e-05
6.09483e-05
5.81798e-05
5.39104e-05
6.9373e-05
8.53967e-05
0.000112625
0.00014823
0.000187825
0.00022054
0.000236158
0.00023135
0.000207096
0.000178931
0.00018099
0.000203753
0.000214021
0.000208775
0.000193205
0.000170201
0.000135486
0.000103732
7.98615e-05
6.64543e-05
8.49062e-05
0.000108781
0.000132373
0.000155009
0.000176656
0.000196431
0.000213038
0.000224835
0.00023031
0.000228656
0.000227508
0.000227706
0.000219708
0.000205771
0.000188127
0.000168445
0.000147528
0.000126044
0.000103995
8.19423e-05
5.62396e-06
7.35764e-06
8.29307e-06
8.86778e-06
9.1904e-06
9.34038e-06
9.39146e-06
9.28026e-06
8.9275e-06
8.33017e-06
7.70108e-06
7.26604e-06
7.23425e-06
7.41269e-06
7.5855e-06
7.73499e-06
7.82116e-06
7.69638e-06
7.15938e-06
5.6881e-06
8.00875e-06
1.36941e-05
1.61261e-05
1.76962e-05
1.86972e-05
1.92422e-05
1.92802e-05
1.89072e-05
1.82343e-05
1.72208e-05
1.59761e-05
1.50724e-05
1.4747e-05
1.4918e-05
1.54188e-05
1.57287e-05
1.54171e-05
1.44225e-05
1.25101e-05
7.28741e-06
1.00899e-05
1.69158e-05
1.87818e-05
2.00055e-05
2.10689e-05
2.16635e-05
2.1606e-05
2.13091e-05
2.09595e-05
2.02094e-05
1.9076e-05
1.80218e-05
1.74066e-05
1.73596e-05
1.77759e-05
1.79927e-05
1.75243e-05
1.65122e-05
1.4692e-05
9.17372e-06
1.45072e-05
1.79649e-05
2.08038e-05
2.36061e-05
2.49805e-05
2.45881e-05
2.31551e-05
2.20014e-05
2.15384e-05
2.11114e-05
2.01974e-05
1.9009e-05
1.86244e-05
1.9199e-05
2.08564e-05
2.2284e-05
2.22156e-05
2.01033e-05
1.6187e-05
1.04587e-05
2.82077e-05
3.25158e-05
3.16371e-05
2.93114e-05
2.7075e-05
2.54089e-05
2.41415e-05
2.30207e-05
2.21776e-05
2.13089e-05
2.0672e-05
2.08257e-05
2.2424e-05
2.37521e-05
2.46105e-05
2.42486e-05
2.44336e-05
2.56646e-05
2.65783e-05
2.34334e-05
3.58779e-05
3.88693e-05
3.83183e-05
3.64361e-05
3.39719e-05
3.12752e-05
2.86871e-05
2.63578e-05
2.43321e-05
2.31003e-05
2.27059e-05
2.24723e-05
2.25644e-05
2.35069e-05
2.56188e-05
2.85987e-05
3.19689e-05
3.46083e-05
3.55859e-05
3.24571e-05
4.3644e-05
4.63331e-05
4.73444e-05
4.78793e-05
4.80721e-05
4.71562e-05
4.4652e-05
4.08446e-05
3.57894e-05
3.10799e-05
2.90136e-05
2.86623e-05
3.01515e-05
3.31537e-05
3.6591e-05
4.00684e-05
4.2027e-05
4.27226e-05
4.25583e-05
4.04538e-05
5.19894e-05
5.70957e-05
6.2896e-05
6.86182e-05
7.38324e-05
7.70414e-05
7.66403e-05
7.10445e-05
6.1393e-05
5.34525e-05
5.16359e-05
5.50145e-05
5.85299e-05
6.18313e-05
6.41404e-05
6.37536e-05
6.09483e-05
5.71747e-05
5.30213e-05
4.92288e-05
6.14871e-05
7.51216e-05
9.327e-05
0.000113372
0.000134499
0.000153376
0.000164978
0.000165166
0.000151935
0.00013201
0.000130745
0.000147919
0.000157074
0.000153172
0.000139497
0.000122423
0.000103732
8.61093e-05
7.02695e-05
5.88421e-05
7.38876e-05
9.403e-05
0.000114283
0.000133421
0.000151293
0.00016718
0.000180056
0.000188701
0.00019194
0.000188699
0.00018723
0.000189373
0.000183928
0.000173371
0.000159411
0.000143374
0.000126044
0.000107996
8.93421e-05
7.11269e-05
5.41887e-06
6.66696e-06
7.26175e-06
7.55933e-06
7.64783e-06
7.60267e-06
7.53478e-06
7.41015e-06
7.16249e-06
6.7753e-06
6.34929e-06
6.02034e-06
6.00246e-06
6.20038e-06
6.44886e-06
6.72802e-06
7.01476e-06
7.15937e-06
6.95549e-06
5.84842e-06
7.50468e-06
1.17467e-05
1.35587e-05
1.47039e-05
1.5364e-05
1.56563e-05
1.54929e-05
1.49006e-05
1.4045e-05
1.30273e-05
1.20835e-05
1.15475e-05
1.15163e-05
1.18654e-05
1.24824e-05
1.29926e-05
1.30358e-05
1.25101e-05
1.14006e-05
7.44651e-06
9.2425e-06
1.5349e-05
1.66211e-05
1.68778e-05
1.73155e-05
1.77604e-05
1.7583e-05
1.71823e-05
1.67623e-05
1.59987e-05
1.50693e-05
1.43956e-05
1.40854e-05
1.41982e-05
1.46745e-05
1.49208e-05
1.48286e-05
1.4692e-05
1.42163e-05
9.2495e-06
1.79648e-05
1.87254e-05
1.8374e-05
1.9082e-05
2.00708e-05
2.02481e-05
1.90673e-05
1.78475e-05
1.74679e-05
1.71749e-05
1.64126e-05
1.5514e-05
1.51372e-05
1.57442e-05
1.73401e-05
1.85418e-05
1.81304e-05
1.6187e-05
1.41914e-05
1.25166e-05
3.01545e-05
3.41873e-05
3.21773e-05
2.87449e-05
2.5488e-05
2.28599e-05
2.08076e-05
1.91403e-05
1.80607e-05
1.74866e-05
1.69424e-05
1.68121e-05
1.72963e-05
1.83368e-05
1.9476e-05
2.06331e-05
2.31419e-05
2.65783e-05
2.92448e-05
2.61866e-05
3.60838e-05
3.83688e-05
3.83839e-05
3.74236e-05
3.59444e-05
3.37645e-05
3.08704e-05
2.74048e-05
2.36826e-05
2.0672e-05
1.93309e-05
1.94063e-05
2.02209e-05
2.22801e-05
2.57571e-05
2.9839e-05
3.33061e-05
3.55859e-05
3.61071e-05
3.32537e-05
4.11831e-05
4.35161e-05
4.62331e-05
4.88265e-05
5.11433e-05
5.18218e-05
5.00704e-05
4.56172e-05
3.94549e-05
3.35717e-05
3.13149e-05
3.18355e-05
3.46948e-05
3.95418e-05
4.33023e-05
4.45679e-05
4.3974e-05
4.25584e-05
4.0623e-05
3.87255e-05
4.65829e-05
5.14573e-05
5.77599e-05
6.39951e-05
6.95786e-05
7.31022e-05
7.37479e-05
7.12143e-05
6.61661e-05
6.04349e-05
5.80672e-05
6.22809e-05
6.74071e-05
6.88785e-05
6.7148e-05
6.32488e-05
5.81799e-05
5.30214e-05
4.80209e-05
4.43338e-05
5.30674e-05
6.43291e-05
7.58711e-05
8.68885e-05
9.74671e-05
0.00010635
0.000111712
0.000111734
0.000105535
9.53946e-05
9.40359e-05
0.000104227
0.000107812
0.000105242
9.85027e-05
8.95754e-05
7.98617e-05
7.02696e-05
6.02831e-05
5.07966e-05
6.18512e-05
7.83746e-05
9.53052e-05
0.000111007
0.000125279
0.000137592
0.000147254
0.000153417
0.000155213
0.000151899
0.000150131
0.000152827
0.000149032
0.000141116
0.000130414
0.00011784
0.000103995
8.93422e-05
7.40247e-05
5.94272e-05
4.97106e-06
5.26515e-06
5.35293e-06
5.35371e-06
5.30595e-06
5.24353e-06
5.20521e-06
5.17324e-06
5.11954e-06
4.98716e-06
4.76721e-06
4.56193e-06
4.55265e-06
4.69771e-06
4.91994e-06
5.1646e-06
5.4291e-06
5.68809e-06
5.84841e-06
5.67377e-06
6.12369e-06
6.88985e-06
7.16594e-06
7.29361e-06
7.30598e-06
7.28875e-06
7.25781e-06
7.12781e-06
6.9203e-06
6.65889e-06
6.384e-06
6.14886e-06
6.06529e-06
6.17971e-06
6.37938e-06
6.65406e-06
6.99456e-06
7.28739e-06
7.4465e-06
6.75471e-06
7.57791e-06
8.56052e-06
9.33104e-06
9.49885e-06
9.41603e-06
9.43936e-06
9.44604e-06
9.31787e-06
9.14153e-06
8.88841e-06
8.50035e-06
8.14634e-06
7.9831e-06
8.05519e-06
8.31392e-06
8.52788e-06
8.83724e-06
9.1737e-06
9.24949e-06
8.00729e-06
2.06048e-05
1.76112e-05
1.42772e-05
1.19003e-05
1.1245e-05
1.15263e-05
1.1323e-05
1.09709e-05
1.06914e-05
1.06158e-05
1.0356e-05
1.00028e-05
9.69988e-06
9.70539e-06
9.86306e-06
9.53322e-06
9.53384e-06
1.04587e-05
1.25166e-05
1.51843e-05
3.10892e-05
2.97742e-05
2.77691e-05
2.53895e-05
2.30155e-05
2.06653e-05
1.83385e-05
1.59655e-05
1.34037e-05
1.18255e-05
1.11596e-05
1.06296e-05
9.99587e-06
1.12212e-05
1.3446e-05
1.64256e-05
1.99462e-05
2.34333e-05
2.61866e-05
2.79204e-05
3.54836e-05
3.57517e-05
3.55067e-05
3.51547e-05
3.4872e-05
3.43584e-05
3.3249e-05
3.12024e-05
2.76079e-05
2.30245e-05
1.93802e-05
1.89624e-05
2.09484e-05
2.3857e-05
2.68562e-05
2.93064e-05
3.11156e-05
3.2457e-05
3.32537e-05
3.33557e-05
3.85554e-05
4.12057e-05
4.39553e-05
4.6722e-05
4.92266e-05
5.09399e-05
5.14404e-05
5.04418e-05
4.78881e-05
4.43259e-05
4.15552e-05
4.2151e-05
4.37624e-05
4.45134e-05
4.42964e-05
4.33541e-05
4.20057e-05
4.04538e-05
3.87255e-05
3.67718e-05
4.15397e-05
4.7173e-05
5.32877e-05
5.90228e-05
6.39014e-05
6.75009e-05
6.94897e-05
6.96001e-05
6.77603e-05
6.45152e-05
6.23467e-05
6.42368e-05
6.4972e-05
6.39859e-05
6.15938e-05
5.81288e-05
5.39105e-05
4.92289e-05
4.43338e-05
3.97769e-05
4.51674e-05
5.40702e-05
6.35067e-05
7.21501e-05
7.96393e-05
8.55776e-05
8.95166e-05
9.0972e-05
8.96396e-05
8.59877e-05
8.40562e-05
8.72421e-05
8.69557e-05
8.41216e-05
7.94374e-05
7.34221e-05
6.64545e-05
5.88423e-05
5.07967e-05
4.33021e-05
5.00656e-05
6.32219e-05
7.63998e-05
8.8177e-05
9.84684e-05
0.000106987
0.000113361
0.000117104
0.000117635
0.000114303
0.000112285
0.000115469
0.000113144
0.000107891
0.000100626
9.1863e-05
8.19425e-05
7.11271e-05
5.94273e-05
4.79867e-05
)
;

boundaryField
{
    floor
    {
        type            compressible::kqRWallFunction;
        value           nonuniform List<scalar> 
400
(
5.69721e-06
6.05989e-06
6.19803e-06
6.31127e-06
6.43319e-06
6.5069e-06
6.49599e-06
6.44342e-06
6.39157e-06
6.24244e-06
5.92933e-06
5.73542e-06
5.76328e-06
5.77546e-06
5.79625e-06
5.8084e-06
5.74942e-06
5.62396e-06
5.41887e-06
4.97106e-06
6.05989e-06
7.63583e-06
8.36815e-06
8.92639e-06
9.40294e-06
9.6532e-06
9.53571e-06
9.09883e-06
8.74989e-06
8.33848e-06
7.76313e-06
7.30851e-06
7.32604e-06
7.57868e-06
7.76973e-06
7.87519e-06
7.73911e-06
7.35764e-06
6.66696e-06
5.26515e-06
6.19803e-06
8.36815e-06
9.46471e-06
1.03381e-05
1.11184e-05
1.16502e-05
1.17104e-05
1.12447e-05
1.08245e-05
1.03155e-05
9.54126e-06
8.83952e-06
8.70324e-06
8.94513e-06
9.14015e-06
9.17782e-06
8.89833e-06
8.29307e-06
7.26175e-06
5.35293e-06
6.31127e-06
8.92638e-06
1.03381e-05
1.14501e-05
1.24616e-05
1.32592e-05
1.35812e-05
1.32464e-05
1.28221e-05
1.2251e-05
1.12578e-05
1.03203e-05
9.99008e-06
1.01237e-05
1.02573e-05
1.01484e-05
9.6862e-06
8.86778e-06
7.55933e-06
5.35371e-06
6.43319e-06
9.40294e-06
1.11184e-05
1.24616e-05
1.36873e-05
1.47515e-05
1.54013e-05
1.53457e-05
1.49649e-05
1.4315e-05
1.29796e-05
1.17988e-05
1.13026e-05
1.1308e-05
1.12906e-05
1.09433e-05
1.02399e-05
9.1904e-06
7.64783e-06
5.30595e-06
6.5069e-06
9.65321e-06
1.16502e-05
1.32592e-05
1.47516e-05
1.61398e-05
1.72118e-05
1.76214e-05
1.74222e-05
1.66893e-05
1.47835e-05
1.33506e-05
1.27201e-05
1.25875e-05
1.22887e-05
1.16177e-05
1.06304e-05
9.34038e-06
7.60267e-06
5.24353e-06
6.496e-06
9.53572e-06
1.17105e-05
1.35812e-05
1.54014e-05
1.72118e-05
1.8851e-05
1.99975e-05
2.03e-05
1.95642e-05
1.67952e-05
1.51387e-05
1.43703e-05
1.39263e-05
1.31789e-05
1.21376e-05
1.08795e-05
9.39146e-06
7.53478e-06
5.20521e-06
6.44343e-06
9.09884e-06
1.12447e-05
1.32464e-05
1.53457e-05
1.76214e-05
1.99975e-05
2.21719e-05
2.34108e-05
2.28563e-05
1.9022e-05
1.73616e-05
1.63503e-05
1.51301e-05
1.37856e-05
1.23651e-05
1.08846e-05
9.28026e-06
7.41015e-06
5.17324e-06
6.39158e-06
8.7499e-06
1.08245e-05
1.28221e-05
1.49649e-05
1.74222e-05
2.03e-05
2.34108e-05
2.59252e-05
2.7735e-05
2.26819e-05
1.97905e-05
1.81565e-05
1.58864e-05
1.39192e-05
1.21766e-05
1.05522e-05
8.9275e-06
7.16249e-06
5.11954e-06
6.24245e-06
8.33848e-06
1.03155e-05
1.2251e-05
1.4315e-05
1.66892e-05
1.95642e-05
2.28562e-05
2.77349e-05
2.85401e-05
2.33839e-05
2.2062e-05
1.9112e-05
1.57545e-05
1.32927e-05
1.14165e-05
9.81339e-06
8.33017e-06
6.7753e-06
4.98716e-06
5.92933e-06
7.76313e-06
9.54126e-06
1.12578e-05
1.29796e-05
1.47835e-05
1.67952e-05
1.90219e-05
2.26818e-05
2.33838e-05
2.01772e-05
1.91252e-05
1.67092e-05
1.3745e-05
1.17314e-05
1.02472e-05
8.9585e-06
7.70108e-06
6.34929e-06
4.76721e-06
5.73542e-06
7.3085e-06
8.83951e-06
1.03203e-05
1.17988e-05
1.33505e-05
1.51386e-05
1.73615e-05
1.97903e-05
2.20618e-05
1.91252e-05
1.65386e-05
1.44075e-05
1.2346e-05
1.08068e-05
9.55072e-06
8.40441e-06
7.26604e-06
6.02034e-06
4.56193e-06
5.76327e-06
7.32602e-06
8.70322e-06
9.99006e-06
1.13026e-05
1.27201e-05
1.43702e-05
1.63502e-05
1.81564e-05
1.91119e-05
1.67091e-05
1.44075e-05
1.28581e-05
1.15666e-05
1.0447e-05
9.39218e-06
8.33403e-06
7.23425e-06
6.00246e-06
4.55265e-06
5.77546e-06
7.57866e-06
8.9451e-06
1.01237e-05
1.13079e-05
1.25874e-05
1.39262e-05
1.513e-05
1.58863e-05
1.57544e-05
1.37449e-05
1.2346e-05
1.15666e-05
1.0897e-05
1.01813e-05
9.37462e-06
8.45096e-06
7.41269e-06
6.20038e-06
4.69771e-06
5.79624e-06
7.76971e-06
9.14011e-06
1.02572e-05
1.12905e-05
1.22886e-05
1.31788e-05
1.37856e-05
1.39191e-05
1.32927e-05
1.17314e-05
1.08068e-05
1.0447e-05
1.01813e-05
9.79254e-06
9.23604e-06
8.4972e-06
7.5855e-06
6.44886e-06
4.91994e-06
5.8084e-06
7.87517e-06
9.17778e-06
1.01484e-05
1.09433e-05
1.16176e-05
1.21375e-05
1.2365e-05
1.21765e-05
1.14164e-05
1.02472e-05
9.55071e-06
9.39219e-06
9.37463e-06
9.23605e-06
8.92471e-06
8.4341e-06
7.73499e-06
6.72802e-06
5.1646e-06
5.74941e-06
7.73908e-06
8.89829e-06
9.68614e-06
1.02398e-05
1.06303e-05
1.08794e-05
1.08845e-05
1.05521e-05
9.81333e-06
8.95847e-06
8.4044e-06
8.33404e-06
8.45097e-06
8.49721e-06
8.43411e-06
8.23965e-06
7.82116e-06
7.01476e-06
5.4291e-06
5.62395e-06
7.35761e-06
8.29302e-06
8.86773e-06
9.19033e-06
9.34031e-06
9.3914e-06
9.2802e-06
8.92744e-06
8.33012e-06
7.70105e-06
7.26603e-06
7.23427e-06
7.41271e-06
7.58552e-06
7.735e-06
7.82117e-06
7.69638e-06
7.15937e-06
5.68809e-06
5.41885e-06
6.66693e-06
7.2617e-06
7.55927e-06
7.64777e-06
7.60261e-06
7.53472e-06
7.4101e-06
7.16244e-06
6.77526e-06
6.34927e-06
6.02034e-06
6.00248e-06
6.20041e-06
6.44888e-06
6.72804e-06
7.01478e-06
7.15938e-06
6.95549e-06
5.84841e-06
4.97104e-06
5.26512e-06
5.3529e-06
5.35369e-06
5.30593e-06
5.24351e-06
5.20519e-06
5.17321e-06
5.11951e-06
4.98714e-06
4.7672e-06
4.56193e-06
4.55267e-06
4.69772e-06
4.91996e-06
5.16462e-06
5.42911e-06
5.6881e-06
5.84842e-06
5.67377e-06
)
;
    }
    ceiling
    {
        type            compressible::kqRWallFunction;
        value           nonuniform List<scalar> 
400
(
5.09529e-05
6.52974e-05
7.98391e-05
9.27296e-05
0.000103807
0.000112809
0.000119432
0.000123234
0.000123622
0.00011995
0.000116316
0.000119219
0.000116546
0.000111105
0.000103753
9.49304e-05
8.49062e-05
7.38876e-05
6.18512e-05
5.00656e-05
6.52973e-05
8.3505e-05
0.000102046
0.000118953
0.000134003
0.000146731
0.000156562
0.000162759
0.000164482
0.000160899
0.000156304
0.000158198
0.00015386
0.000145729
0.000135056
0.00012258
0.000108781
9.403e-05
7.83746e-05
6.32219e-05
7.9839e-05
0.000102046
0.000123985
0.000144321
0.000162927
0.000179146
0.000192107
0.000200805
0.000204185
0.000201021
0.000195717
0.000196399
0.000190109
0.000179254
0.000165418
0.000149581
0.000132373
0.000114283
9.53052e-05
7.63998e-05
9.27295e-05
0.000118953
0.000144321
0.000168221
0.000190651
0.000210734
0.000227324
0.000239231
0.000245192
0.000243886
0.000238279
0.000236506
0.000227197
0.000212819
0.000195329
0.00017585
0.000155009
0.000133421
0.000111007
8.8177e-05
0.000103806
0.000134003
0.000162927
0.000190651
0.00021727
0.000241901
0.000262965
0.00027975
0.000291156
0.000295377
0.000288676
0.000281907
0.00026752
0.000248049
0.000225637
0.000201528
0.000176656
0.000151293
0.000125279
9.84684e-05
0.000112809
0.000146731
0.000179146
0.000210734
0.000241901
0.000271293
0.00029803
0.000321609
0.000341084
0.000354244
0.000345357
0.000330634
0.000309191
0.000283397
0.000255252
0.00022591
0.000196431
0.00016718
0.000137592
0.000106987
0.000119432
0.000156561
0.000192107
0.000227324
0.000262965
0.00029803
0.000332075
0.000365373
0.000397972
0.000427867
0.000414969
0.000384467
0.000351472
0.000317104
0.000282181
0.000247245
0.000213038
0.000180056
0.000147254
0.000113361
0.000123233
0.000162759
0.000200805
0.000239231
0.00027975
0.000321608
0.000365373
0.000413455
0.00046886
0.000530346
0.000511087
0.000449729
0.000395697
0.000348263
0.000304838
0.000263792
0.000224835
0.000188701
0.000153417
0.000117104
0.000123622
0.000164482
0.000204185
0.000245192
0.000291156
0.000341084
0.000397972
0.00046886
0.000560855
0.000662816
0.000637005
0.000533056
0.000445143
0.000377116
0.000322134
0.0002741
0.00023031
0.00019194
0.000155213
0.000117635
0.00011995
0.000160899
0.00020102
0.000243886
0.000295377
0.000354244
0.000427866
0.000530345
0.000662815
0.000685974
0.000688474
0.000621999
0.00049783
0.000402272
0.000332683
0.000277104
0.000228656
0.000188699
0.000151899
0.000114303
0.000116316
0.000156304
0.000195716
0.000238278
0.000288676
0.000345356
0.000414969
0.000511085
0.000637004
0.000688473
0.000670178
0.000601654
0.00048512
0.000394816
0.000328727
0.000275185
0.000227508
0.00018723
0.000150131
0.000112285
0.000119219
0.000158197
0.000196399
0.000236505
0.000281907
0.000330633
0.000384466
0.000449728
0.000533054
0.000621997
0.000601653
0.00051287
0.000432372
0.000369265
0.000317617
0.000271138
0.000227706
0.000189373
0.000152827
0.000115469
0.000116546
0.00015386
0.000190109
0.000227196
0.000267519
0.00030919
0.000351471
0.000395696
0.000445142
0.000497829
0.00048512
0.000432371
0.000383503
0.000340209
0.00029915
0.000258751
0.000219708
0.000183928
0.000149032
0.000113144
0.000111105
0.000145729
0.000179254
0.000212819
0.000248049
0.000283397
0.000317103
0.000348263
0.000377115
0.000402271
0.000394815
0.000369264
0.000340208
0.000308834
0.000275092
0.000240145
0.000205771
0.000173371
0.000141116
0.000107891
0.000103753
0.000135056
0.000165418
0.000195329
0.000225637
0.000255251
0.000282181
0.000304837
0.000322134
0.000332682
0.000328726
0.000317616
0.00029915
0.000275092
0.000247266
0.000217658
0.000188127
0.000159411
0.000130414
0.000100626
9.49301e-05
0.000122579
0.00014958
0.000175849
0.000201528
0.000225909
0.000247244
0.000263791
0.000274099
0.000277103
0.000275185
0.000271138
0.00025875
0.000240145
0.000217658
0.000193281
0.000168445
0.000143374
0.00011784
9.1863e-05
8.49058e-05
0.000108781
0.000132373
0.000155008
0.000176655
0.00019643
0.000213037
0.000224834
0.000230309
0.000228655
0.000227507
0.000227705
0.000219707
0.000205771
0.000188127
0.000168445
0.000147528
0.000126044
0.000103995
8.19425e-05
7.38873e-05
9.40296e-05
0.000114283
0.000133421
0.000151292
0.000167179
0.000180056
0.0001887
0.000191939
0.000188698
0.000187229
0.000189372
0.000183927
0.00017337
0.000159411
0.000143373
0.000126044
0.000107996
8.93422e-05
7.11271e-05
6.1851e-05
7.83743e-05
9.53048e-05
0.000111007
0.000125279
0.000137591
0.000147253
0.000153417
0.000155212
0.000151899
0.00015013
0.000152826
0.000149032
0.000141115
0.000130414
0.000117839
0.000103995
8.93421e-05
7.40247e-05
5.94273e-05
5.00654e-05
6.32216e-05
7.63995e-05
8.81766e-05
9.8468e-05
0.000106986
0.000113361
0.000117104
0.000117634
0.000114302
0.000112285
0.000115469
0.000113144
0.000107891
0.000100626
9.18627e-05
8.19423e-05
7.11269e-05
5.94272e-05
4.79867e-05
)
;
    }
    fixedWalls
    {
        type            compressible::kqRWallFunction;
        value           nonuniform List<scalar> 
800
(
5.69721e-06
7.21813e-06
9.98257e-06
2.23819e-05
3.15617e-05
3.56126e-05
3.85875e-05
4.17015e-05
4.56054e-05
5.09529e-05
6.05989e-06
8.09507e-06
1.03217e-05
2.01649e-05
3.0949e-05
3.67665e-05
4.2162e-05
4.81924e-05
5.54642e-05
6.52974e-05
6.19803e-06
8.46554e-06
1.04906e-05
1.75886e-05
2.97181e-05
3.76936e-05
4.61666e-05
5.5415e-05
6.6042e-05
7.98391e-05
6.31127e-06
8.84931e-06
1.07808e-05
1.53306e-05
2.80472e-05
3.83883e-05
4.98876e-05
6.20154e-05
7.56381e-05
9.27296e-05
6.43319e-06
9.14381e-06
1.08733e-05
1.36783e-05
2.61415e-05
3.87733e-05
5.28682e-05
6.74306e-05
8.37979e-05
0.000103807
6.5069e-06
9.25e-06
1.08519e-05
1.24389e-05
2.38301e-05
3.83001e-05
5.45863e-05
7.12679e-05
9.01223e-05
0.000112809
6.49599e-06
9.20523e-06
1.1092e-05
1.22738e-05
2.05737e-05
3.62319e-05
5.47231e-05
7.32765e-05
9.42175e-05
0.000119432
6.44342e-06
9.08492e-06
1.11738e-05
1.20535e-05
1.61974e-05
3.2502e-05
5.32407e-05
7.32746e-05
9.56484e-05
0.000123234
6.39157e-06
8.84246e-06
1.12291e-05
1.22554e-05
1.27547e-05
2.77775e-05
5.04002e-05
7.12758e-05
9.41334e-05
0.000123622
6.24244e-06
8.57832e-06
1.12153e-05
1.25742e-05
1.26227e-05
2.3239e-05
4.69312e-05
6.79613e-05
9.01977e-05
0.00011995
5.92933e-06
8.31201e-06
1.10053e-05
1.24294e-05
1.29601e-05
2.03633e-05
4.45168e-05
6.58853e-05
8.77198e-05
0.000116316
5.73542e-06
7.99311e-06
1.06982e-05
1.19859e-05
1.26223e-05
2.07997e-05
4.56436e-05
6.79981e-05
9.09608e-05
0.000119219
5.76328e-06
7.7707e-06
1.03374e-05
1.13786e-05
1.23972e-05
2.39519e-05
4.77233e-05
6.88016e-05
9.06249e-05
0.000116546
5.77546e-06
7.75016e-06
9.98897e-06
1.06569e-05
1.3806e-05
2.79256e-05
4.86052e-05
6.76244e-05
8.75791e-05
0.000111105
5.79625e-06
7.86891e-06
9.87416e-06
9.71525e-06
1.72886e-05
3.13119e-05
4.84397e-05
6.50538e-05
8.27134e-05
0.000103753
5.8084e-06
8.09096e-06
1.00727e-05
1.01018e-05
2.15281e-05
3.36167e-05
4.74067e-05
6.14425e-05
7.65364e-05
9.49304e-05
5.74942e-06
8.18134e-06
1.02816e-05
1.17632e-05
2.52781e-05
3.50509e-05
4.57586e-05
5.70171e-05
6.9373e-05
8.49062e-05
5.62396e-06
8.00875e-06
1.00899e-05
1.45072e-05
2.82077e-05
3.58779e-05
4.3644e-05
5.19894e-05
6.14871e-05
7.38876e-05
5.41887e-06
7.50468e-06
9.2425e-06
1.79648e-05
3.01545e-05
3.60838e-05
4.11831e-05
4.65829e-05
5.30674e-05
6.18512e-05
4.97106e-06
6.12369e-06
7.57791e-06
2.06048e-05
3.10892e-05
3.54836e-05
3.85554e-05
4.15397e-05
4.51674e-05
5.00656e-05
4.97104e-06
6.12368e-06
7.57789e-06
2.06048e-05
3.10891e-05
3.54835e-05
3.85553e-05
4.15396e-05
4.51672e-05
5.00654e-05
5.26512e-06
6.88982e-06
8.56045e-06
1.76112e-05
2.97741e-05
3.57516e-05
4.12056e-05
4.71728e-05
5.407e-05
6.32216e-05
5.3529e-06
7.1659e-06
9.33098e-06
1.42772e-05
2.77691e-05
3.55066e-05
4.39552e-05
5.32875e-05
6.35065e-05
7.63995e-05
5.35369e-06
7.29358e-06
9.49881e-06
1.19004e-05
2.53895e-05
3.51545e-05
4.67218e-05
5.90226e-05
7.21498e-05
8.81766e-05
5.30593e-06
7.30595e-06
9.41599e-06
1.1245e-05
2.30155e-05
3.48719e-05
4.92265e-05
6.39012e-05
7.9639e-05
9.8468e-05
5.24351e-06
7.28872e-06
9.43932e-06
1.15263e-05
2.06653e-05
3.43584e-05
5.09397e-05
6.75007e-05
8.55773e-05
0.000106986
5.20519e-06
7.25777e-06
9.446e-06
1.1323e-05
1.83385e-05
3.32489e-05
5.14403e-05
6.94894e-05
8.95163e-05
0.000113361
5.17321e-06
7.12778e-06
9.31783e-06
1.09709e-05
1.59655e-05
3.12023e-05
5.04417e-05
6.95999e-05
9.09717e-05
0.000117104
5.11951e-06
6.92027e-06
9.1415e-06
1.06914e-05
1.34037e-05
2.76078e-05
4.78879e-05
6.77601e-05
8.96393e-05
0.000117634
4.98714e-06
6.65886e-06
8.88839e-06
1.06158e-05
1.18255e-05
2.30244e-05
4.43258e-05
6.4515e-05
8.59875e-05
0.000114302
4.7672e-06
6.38399e-06
8.50034e-06
1.0356e-05
1.11596e-05
1.93801e-05
4.15549e-05
6.23464e-05
8.40558e-05
0.000112285
4.56193e-06
6.14886e-06
8.14635e-06
1.00028e-05
1.06296e-05
1.89623e-05
4.21508e-05
6.42365e-05
8.72417e-05
0.000115469
4.55267e-06
6.0653e-06
7.98311e-06
9.69989e-06
9.99587e-06
2.09484e-05
4.37622e-05
6.49717e-05
8.69554e-05
0.000113144
4.69772e-06
6.17973e-06
8.05521e-06
9.70541e-06
1.12212e-05
2.3857e-05
4.45132e-05
6.39857e-05
8.41213e-05
0.000107891
4.91996e-06
6.3794e-06
8.31395e-06
9.86308e-06
1.34461e-05
2.68562e-05
4.42963e-05
6.15936e-05
7.94371e-05
0.000100626
5.16462e-06
6.65408e-06
8.5279e-06
9.53324e-06
1.64257e-05
2.93064e-05
4.33541e-05
5.81286e-05
7.34219e-05
9.18627e-05
5.42911e-06
6.99458e-06
8.83726e-06
9.53385e-06
1.99463e-05
3.11156e-05
4.20057e-05
5.39104e-05
6.64543e-05
8.19423e-05
5.6881e-06
7.28741e-06
9.17372e-06
1.04587e-05
2.34334e-05
3.24571e-05
4.04538e-05
4.92288e-05
5.88421e-05
7.11269e-05
5.84842e-06
7.44651e-06
9.2495e-06
1.25166e-05
2.61866e-05
3.32537e-05
3.87255e-05
4.43338e-05
5.07966e-05
5.94272e-05
5.67377e-06
6.75471e-06
8.00729e-06
1.51843e-05
2.79204e-05
3.33557e-05
3.67718e-05
3.97769e-05
4.33021e-05
4.79867e-05
5.69721e-06
7.21813e-06
9.98257e-06
2.23819e-05
3.15617e-05
3.56126e-05
3.85875e-05
4.17015e-05
4.56054e-05
5.09529e-05
6.05989e-06
8.09507e-06
1.03217e-05
2.0165e-05
3.0949e-05
3.67665e-05
4.21619e-05
4.81924e-05
5.54641e-05
6.52973e-05
6.19803e-06
8.46553e-06
1.04906e-05
1.75887e-05
2.97181e-05
3.76936e-05
4.61666e-05
5.54149e-05
6.60419e-05
7.9839e-05
6.31127e-06
8.8493e-06
1.07808e-05
1.53306e-05
2.80473e-05
3.83883e-05
4.98876e-05
6.20153e-05
7.5638e-05
9.27295e-05
6.43319e-06
9.1438e-06
1.08733e-05
1.36783e-05
2.61416e-05
3.87732e-05
5.28681e-05
6.74305e-05
8.37978e-05
0.000103806
6.5069e-06
9.25e-06
1.08519e-05
1.2439e-05
2.38301e-05
3.83001e-05
5.45862e-05
7.12678e-05
9.01221e-05
0.000112809
6.496e-06
9.20523e-06
1.1092e-05
1.22739e-05
2.05737e-05
3.62319e-05
5.47231e-05
7.32764e-05
9.42173e-05
0.000119432
6.44343e-06
9.08492e-06
1.11738e-05
1.20535e-05
1.61975e-05
3.2502e-05
5.32406e-05
7.32745e-05
9.56482e-05
0.000123233
6.39158e-06
8.84245e-06
1.12291e-05
1.22554e-05
1.27548e-05
2.77776e-05
5.04002e-05
7.12757e-05
9.41332e-05
0.000123622
6.24245e-06
8.57832e-06
1.12153e-05
1.25742e-05
1.26226e-05
2.32391e-05
4.69312e-05
6.79612e-05
9.01974e-05
0.00011995
5.92933e-06
8.31201e-06
1.10053e-05
1.24294e-05
1.29601e-05
2.03635e-05
4.45168e-05
6.58852e-05
8.77196e-05
0.000116316
5.73542e-06
7.99311e-06
1.06982e-05
1.19859e-05
1.26224e-05
2.07999e-05
4.56437e-05
6.7998e-05
9.09606e-05
0.000119219
5.76327e-06
7.77069e-06
1.03373e-05
1.13785e-05
1.23972e-05
2.39521e-05
4.77234e-05
6.88015e-05
9.06247e-05
0.000116546
5.77546e-06
7.75014e-06
9.98894e-06
1.06568e-05
1.38061e-05
2.79257e-05
4.86052e-05
6.76242e-05
8.75789e-05
0.000111105
5.79624e-06
7.86889e-06
9.87413e-06
9.71522e-06
1.72887e-05
3.13119e-05
4.84397e-05
6.50536e-05
8.27132e-05
0.000103753
5.8084e-06
8.09094e-06
1.00726e-05
1.01019e-05
2.15281e-05
3.36167e-05
4.74066e-05
6.14423e-05
7.65362e-05
9.49301e-05
5.74941e-06
8.18132e-06
1.02816e-05
1.17632e-05
2.52782e-05
3.50509e-05
4.57585e-05
5.70169e-05
6.93727e-05
8.49058e-05
5.62395e-06
8.00873e-06
1.00898e-05
1.45072e-05
2.82077e-05
3.58779e-05
4.36439e-05
5.19892e-05
6.14868e-05
7.38873e-05
5.41885e-06
7.50466e-06
9.24243e-06
1.79648e-05
3.01545e-05
3.60837e-05
4.1183e-05
4.65827e-05
5.30671e-05
6.1851e-05
4.97104e-06
6.12368e-06
7.57789e-06
2.06048e-05
3.10891e-05
3.54835e-05
3.85553e-05
4.15396e-05
4.51672e-05
5.00654e-05
4.97106e-06
6.12369e-06
7.57791e-06
2.06048e-05
3.10892e-05
3.54836e-05
3.85554e-05
4.15397e-05
4.51674e-05
5.00656e-05
5.26515e-06
6.88985e-06
8.56052e-06
1.76112e-05
2.97742e-05
3.57517e-05
4.12057e-05
4.7173e-05
5.40702e-05
6.32219e-05
5.35293e-06
7.16594e-06
9.33104e-06
1.42772e-05
2.77691e-05
3.55067e-05
4.39553e-05
5.32877e-05
6.35067e-05
7.63998e-05
5.35371e-06
7.29361e-06
9.49885e-06
1.19003e-05
2.53895e-05
3.51547e-05
4.6722e-05
5.90228e-05
7.21501e-05
8.8177e-05
5.30595e-06
7.30598e-06
9.41603e-06
1.1245e-05
2.30155e-05
3.4872e-05
4.92266e-05
6.39014e-05
7.96393e-05
9.84684e-05
5.24353e-06
7.28875e-06
9.43936e-06
1.15263e-05
2.06653e-05
3.43584e-05
5.09399e-05
6.75009e-05
8.55776e-05
0.000106987
5.20521e-06
7.25781e-06
9.44604e-06
1.1323e-05
1.83385e-05
3.3249e-05
5.14404e-05
6.94897e-05
8.95166e-05
0.000113361
5.17324e-06
7.12781e-06
9.31787e-06
1.09709e-05
1.59655e-05
3.12024e-05
5.04418e-05
6.96001e-05
9.0972e-05
0.000117104
5.11954e-06
6.9203e-06
9.14153e-06
1.06914e-05
1.34037e-05
2.76079e-05
4.78881e-05
6.77603e-05
8.96396e-05
0.000117635
4.98716e-06
6.65889e-06
8.88841e-06
1.06158e-05
1.18255e-05
2.30245e-05
4.43259e-05
6.45152e-05
8.59877e-05
0.000114303
4.76721e-06
6.384e-06
8.50035e-06
1.0356e-05
1.11596e-05
1.93802e-05
4.15552e-05
6.23467e-05
8.40562e-05
0.000112285
4.56193e-06
6.14886e-06
8.14634e-06
1.00028e-05
1.06296e-05
1.89624e-05
4.2151e-05
6.42368e-05
8.72421e-05
0.000115469
4.55265e-06
6.06529e-06
7.9831e-06
9.69988e-06
9.99587e-06
2.09484e-05
4.37624e-05
6.4972e-05
8.69557e-05
0.000113144
4.69771e-06
6.17971e-06
8.05519e-06
9.70539e-06
1.12212e-05
2.3857e-05
4.45134e-05
6.39859e-05
8.41216e-05
0.000107891
4.91994e-06
6.37938e-06
8.31392e-06
9.86306e-06
1.3446e-05
2.68562e-05
4.42964e-05
6.15938e-05
7.94374e-05
0.000100626
5.1646e-06
6.65406e-06
8.52788e-06
9.53322e-06
1.64256e-05
2.93064e-05
4.33541e-05
5.81288e-05
7.34221e-05
9.1863e-05
5.4291e-06
6.99456e-06
8.83724e-06
9.53384e-06
1.99462e-05
3.11156e-05
4.20057e-05
5.39105e-05
6.64545e-05
8.19425e-05
5.68809e-06
7.28739e-06
9.1737e-06
1.04587e-05
2.34333e-05
3.2457e-05
4.04538e-05
4.92289e-05
5.88423e-05
7.11271e-05
5.84841e-06
7.4465e-06
9.24949e-06
1.25166e-05
2.61866e-05
3.32537e-05
3.87255e-05
4.43338e-05
5.07967e-05
5.94273e-05
5.67377e-06
6.75471e-06
8.00729e-06
1.51843e-05
2.79204e-05
3.33557e-05
3.67718e-05
3.97769e-05
4.33021e-05
4.79867e-05
)
;
    }
}


// ************************************************************************* //
