/*--------------------------------*- C++ -*----------------------------------*\
| =========                 |                                                 |
| \\      /  F ield         | OpenFOAM: The Open Source CFD Toolbox           |
|  \\    /   O peration     | Version:  1.7.1                                 |
|   \\  /    A nd           | Web:      www.OpenFOAM.com                      |
|    \\/     M anipulation  |                                                 |
\*---------------------------------------------------------------------------*/
FoamFile
{
    version     2.0;
    format      ascii;
    class       volScalarField;
    location    "1000";
    object      mut;
}
// * * * * * * * * * * * * * * * * * * * * * * * * * * * * * * * * * * * * * //

dimensions      [1 -1 -1 0 0 0 0];

internalField   nonuniform List<scalar> 
4000
(
0.000155796
0.000160607
0.000162477
0.000163939
0.000165346
0.000166022
0.000165547
0.000164406
0.000163398
0.000161245
0.000156992
0.000154761
0.000155433
0.00015581
0.000156338
0.000156789
0.000156211
0.000154569
0.000151591
0.000144881
0.000175916
0.000185352
0.000189127
0.000193032
0.000195859
0.000196683
0.000196
0.000194471
0.000191556
0.000188497
0.000185534
0.00018225
0.000180199
0.000180212
0.000181756
0.000184457
0.000185695
0.000183808
0.000177815
0.000160691
0.000211198
0.000212927
0.000212956
0.000214136
0.000213838
0.000212939
0.000214981
0.000215626
0.000215841
0.000215452
0.000213459
0.000210639
0.000207371
0.00020421
0.000203145
0.000205344
0.000208029
0.000206752
0.000198064
0.000178971
0.000311898
0.000297337
0.000278484
0.000259503
0.000243664
0.000230367
0.000226723
0.000224338
0.000226051
0.000228711
0.000227243
0.000223302
0.000217942
0.000211516
0.000202442
0.000205599
0.000223114
0.000249904
0.000278264
0.00029767
0.00036564
0.000362886
0.000356464
0.000347022
0.000335319
0.000319858
0.000296552
0.000262723
0.000231521
0.00022838
0.000231377
0.000228571
0.00022733
0.000241496
0.000271444
0.000302789
0.000327458
0.000345243
0.000356661
0.000361986
0.000388156
0.000395447
0.000401352
0.000405524
0.000407534
0.000404658
0.000393261
0.000372522
0.000345213
0.0003168
0.00029725
0.000300946
0.000322589
0.000346337
0.000364912
0.000377411
0.000385057
0.000389285
0.000390081
0.000386604
0.000404463
0.000424049
0.000444558
0.000462206
0.000475446
0.000482682
0.000483006
0.000476332
0.000463518
0.000447418
0.000436181
0.000441852
0.00045133
0.000454916
0.000453552
0.000448319
0.000440188
0.000429586
0.000416956
0.00040322
0.00042119
0.000454036
0.000487356
0.00051537
0.000536936
0.000551538
0.000558903
0.000558673
0.000550869
0.000537766
0.000529592
0.000538128
0.000541132
0.00053623
0.000525664
0.000510622
0.000491668
0.000469236
0.000443844
0.000418948
0.000441285
0.000487804
0.000532461
0.000569409
0.000598726
0.000620315
0.000633745
0.000638143
0.000632774
0.000619055
0.000610484
0.000621851
0.000620818
0.00061029
0.000593014
0.000570332
0.000542848
0.000510862
0.00047432
0.000437352
0.000467275
0.000529917
0.000585687
0.000630398
0.000666066
0.0006935
0.000712876
0.000723658
0.000724541
0.000713358
0.000702603
0.000711509
0.000703727
0.000687241
0.000664238
0.000635477
0.000601049
0.000560649
0.000512742
0.000460984
0.000160607
0.000180475
0.000189194
0.000195386
0.000200164
0.000202242
0.00020038
0.000195103
0.000190868
0.000186012
0.000179273
0.000174589
0.000175635
0.000178868
0.000181419
0.000182987
0.00018164
0.00017714
0.000168339
0.000148955
0.000185352
0.000397584
0.000482709
0.00055233
0.000609275
0.000648893
0.000668491
0.000656512
0.000599792
0.000542533
0.0005107
0.000518934
0.000542537
0.000559172
0.000573739
0.000575154
0.000556204
0.00051429
0.000425297
0.000170253
0.000212927
0.000378847
0.000455949
0.000514808
0.000565114
0.000616781
0.000674111
0.000711825
0.000717719
0.000690514
0.000656645
0.000634951
0.000627869
0.000625391
0.000610867
0.00059601
0.000583069
0.000556724
0.000477391
0.000190458
0.000297336
0.000346966
0.00036872
0.000398393
0.000439811
0.000488025
0.000557025
0.000599329
0.000635048
0.000654037
0.000636904
0.000604167
0.000572509
0.000560537
0.000546863
0.000493911
0.00042948
0.000371008
0.000332258
0.000275926
0.000362886
0.000454504
0.000468592
0.000457495
0.000439181
0.000421124
0.000411544
0.000424425
0.000465177
0.000507888
0.000518213
0.000483401
0.000427893
0.00040487
0.000402736
0.000415631
0.000440088
0.000459349
0.000450854
0.000354786
0.000395447
0.000493071
0.000522495
0.000529369
0.000526039
0.000510721
0.00047899
0.000435321
0.000406224
0.000404253
0.000409757
0.000396974
0.000392676
0.00041269
0.000450145
0.000489746
0.000512167
0.000515372
0.000489389
0.000388879
0.000424049
0.000529659
0.000574662
0.000606774
0.000633427
0.000644179
0.000628862
0.000588684
0.000527368
0.000475563
0.000462507
0.000474532
0.000510254
0.000561848
0.000598253
0.000603788
0.000590869
0.000567142
0.000524764
0.000417982
0.000454036
0.00057154
0.000633056
0.000687824
0.000737523
0.000773505
0.000789294
0.000779866
0.000746608
0.00070759
0.000699372
0.000743461
0.000780388
0.000779454
0.000755068
0.000715512
0.000667533
0.00062002
0.000563286
0.000447736
0.000487804
0.000616815
0.000695424
0.000765859
0.000833592
0.000890727
0.000925011
0.000923292
0.000879618
0.000809783
0.000805464
0.000879106
0.000914769
0.000899478
0.000857174
0.000800332
0.000737915
0.000674701
0.000601808
0.00047979
0.000529917
0.000599402
0.000661696
0.000713158
0.00075569
0.000789681
0.000814844
0.000830252
0.000834408
0.000825158
0.000813949
0.000819004
0.000807969
0.000786546
0.000757462
0.00072195
0.000680451
0.000632953
0.000578077
0.000519207
0.000162477
0.000189194
0.000201306
0.000210186
0.000217457
0.000221888
0.000221714
0.000216685
0.000212127
0.000206688
0.000198472
0.000191582
0.000191343
0.000194397
0.000196688
0.000197396
0.000194591
0.000187906
0.000175607
0.000150145
0.000189127
0.00048271
0.00059032
0.000671059
0.000742021
0.000800505
0.000839293
0.000843131
0.000775396
0.0006882
0.000632689
0.000652317
0.000701747
0.000727658
0.000731459
0.00071629
0.000680168
0.000618457
0.00049581
0.000173654
0.000212956
0.000455949
0.000554468
0.000630011
0.000700852
0.000774932
0.000851808
0.00091113
0.000932423
0.00089896
0.00085039
0.000824693
0.000819434
0.000811994
0.000783979
0.000745809
0.000700791
0.000643908
0.000536869
0.000198507
0.000278484
0.00036872
0.000434869
0.000503764
0.000573713
0.000638595
0.000707933
0.000766571
0.000821941
0.00085393
0.000833744
0.000792694
0.000751396
0.000736227
0.000729529
0.000674095
0.000584944
0.000480279
0.000375557
0.000248637
0.000356464
0.000468591
0.000504943
0.000510873
0.000507761
0.000508551
0.00052599
0.000570181
0.000636028
0.000682871
0.000691814
0.00065004
0.000578861
0.000540911
0.000517963
0.000499863
0.000495723
0.000490909
0.000457662
0.000343277
0.000401352
0.000522495
0.000570202
0.000584994
0.000581728
0.000565158
0.000537272
0.000508488
0.000503239
0.000532287
0.000555742
0.000518711
0.000486562
0.000487633
0.00051001
0.000541423
0.000561388
0.000555152
0.000510234
0.000388268
0.000444558
0.000574662
0.000635912
0.000676446
0.000706771
0.000719849
0.000702331
0.000651116
0.000586355
0.000552991
0.000550554
0.00054861
0.000561653
0.000598178
0.000638303
0.000664836
0.000655309
0.000622386
0.000561647
0.000432471
0.000487356
0.000633056
0.000720312
0.00080305
0.000884804
0.00095435
0.000992716
0.000975643
0.000906445
0.000839274
0.000823738
0.000858742
0.000890297
0.000906803
0.000899282
0.000847505
0.000778295
0.000703604
0.000618494
0.000476434
0.000532461
0.000695424
0.000842575
0.00100279
0.00117306
0.00132996
0.00143909
0.00147408
0.00144768
0.00139572
0.00137222
0.00142901
0.00143386
0.00137949
0.00127202
0.00112794
0.000968681
0.000816351
0.000673759
0.00052036
0.000585687
0.000661696
0.000728159
0.000784224
0.000831912
0.000871154
0.00090116
0.000920716
0.00092824
0.000921075
0.000909976
0.000911737
0.000897273
0.000871508
0.000837515
0.000796839
0.000750096
0.000697465
0.00063737
0.00057089
0.000163939
0.000195386
0.000210186
0.0002209
0.000229871
0.000236318
0.00023832
0.000234832
0.000230728
0.000225132
0.000215403
0.000206858
0.000204677
0.000206652
0.000208083
0.000207231
0.000202652
0.000193929
0.000178857
0.000150064
0.000193032
0.000552331
0.000671059
0.000751144
0.000824748
0.000892486
0.000944353
0.000963029
0.00089799
0.000792044
0.000715889
0.000742163
0.000806715
0.000835301
0.000827625
0.000798506
0.000748048
0.000672634
0.000534756
0.00017495
0.000214136
0.000514809
0.000630012
0.000712175
0.000791734
0.000876475
0.000964616
0.00104326
0.00108364
0.00105262
0.000995855
0.00096917
0.000962494
0.000939001
0.000897795
0.000845246
0.000775395
0.000688467
0.000553651
0.000199707
0.000259502
0.000398393
0.000503764
0.000594414
0.000671878
0.000739643
0.000809265
0.000883953
0.000959989
0.00100721
0.000991311
0.000945755
0.000887284
0.000844634
0.000829359
0.00078621
0.00069952
0.000580734
0.000431768
0.000225965
0.000347022
0.000457495
0.000510873
0.000539315
0.000560912
0.000587642
0.000628489
0.000686336
0.00075668
0.000820604
0.000844567
0.000800952
0.000715145
0.000661306
0.000621955
0.000575257
0.00053368
0.000496231
0.000440339
0.000328911
0.000405524
0.000529369
0.000584993
0.000609211
0.000613991
0.000607233
0.000596388
0.000593252
0.000617393
0.000677057
0.00071222
0.00064426
0.000580954
0.000559514
0.00056099
0.000570122
0.000574993
0.000557621
0.000506532
0.000386802
0.000462206
0.000606774
0.000676446
0.000723849
0.000756879
0.000773178
0.000776409
0.000755235
0.000720686
0.000714239
0.000710084
0.000672808
0.000654532
0.000665579
0.000685342
0.000695943
0.00068647
0.000649437
0.000584663
0.000446105
0.00051537
0.000687824
0.00080305
0.00091722
0.00103372
0.0011443
0.00121137
0.00120207
0.00111421
0.00102338
0.000999305
0.00102093
0.00104542
0.00105499
0.00103337
0.000971394
0.000876795
0.000775835
0.000667399
0.000501401
0.000569409
0.000765859
0.00100279
0.00129952
0.00161912
0.0018881
0.0020166
0.00197762
0.00183792
0.0016817
0.00167002
0.00178142
0.00185431
0.00186179
0.00177372
0.00155429
0.00125466
0.000968121
0.000738757
0.000554477
0.000630398
0.000713158
0.000784224
0.000845278
0.000898508
0.00094339
0.000978828
0.00100347
0.00101573
0.00101329
0.00100288
0.000999462
0.000979875
0.000948619
0.000909131
0.000863088
0.000810882
0.000752883
0.000687288
0.000612933
0.000165346
0.000200164
0.000217457
0.000229871
0.000240329
0.000248671
0.000253163
0.000252192
0.000249012
0.000243232
0.000231172
0.000221143
0.000217368
0.000218023
0.000217894
0.000214727
0.00020788
0.000196932
0.000179465
0.000149254
0.000195859
0.000609275
0.000742021
0.000824748
0.000899589
0.000970692
0.00102934
0.00105951
0.00100684
0.000893157
0.000801805
0.000834783
0.000902704
0.000920307
0.000897188
0.000856437
0.000795266
0.000709058
0.000560977
0.000174834
0.000213838
0.000565115
0.000700853
0.000791734
0.000875936
0.000964228
0.00105732
0.00114846
0.00120551
0.00117993
0.00112209
0.00109913
0.00108776
0.0010401
0.000979485
0.000917018
0.000836292
0.000731258
0.000573377
0.000198657
0.000243663
0.000439811
0.000573713
0.000671878
0.000748809
0.000817619
0.000890714
0.000976085
0.00106967
0.00112841
0.00112342
0.00107975
0.00100641
0.000931675
0.00088464
0.000840047
0.000762298
0.000647787
0.000483665
0.000218449
0.000335319
0.00043918
0.00050776
0.000560911
0.000609324
0.000659806
0.000716591
0.000782167
0.000860188
0.000936703
0.000966794
0.000927685
0.000841484
0.000769308
0.000713322
0.000645849
0.000571985
0.000500568
0.000421438
0.000313375
0.000407534
0.000526038
0.000581728
0.000613991
0.000631748
0.000642236
0.000654179
0.000679881
0.000737485
0.000830338
0.000870344
0.000770476
0.000672655
0.000624862
0.000602981
0.000588614
0.000571553
0.000542889
0.000493525
0.000385321
0.000475446
0.000633427
0.000706771
0.000756879
0.000792008
0.000824305
0.000848336
0.000859542
0.000869637
0.000911149
0.000895729
0.000807011
0.000751795
0.000736693
0.000733077
0.000722271
0.000697945
0.000663956
0.000604053
0.000457691
0.000536937
0.000737524
0.000884805
0.00103372
0.0011873
0.00131197
0.00137937
0.00137381
0.001297
0.00120276
0.00116478
0.00116739
0.00118353
0.00118658
0.00115827
0.00108844
0.000976327
0.000846452
0.000713703
0.000521396
0.000598726
0.000833592
0.00117306
0.00161912
0.00204464
0.00225086
0.0023052
0.00224826
0.0020939
0.00191721
0.00191721
0.00206369
0.0021536
0.00215525
0.00208058
0.00192347
0.0015609
0.00113024
0.000802958
0.000582141
0.000666066
0.00075569
0.000831912
0.000898508
0.000957791
0.00100936
0.00105142
0.00108397
0.00110572
0.00111393
0.00110259
0.00108995
0.00106213
0.00102306
0.00097611
0.000922969
0.0008647
0.000800844
0.000729356
0.000647119
0.000166022
0.000202242
0.000221888
0.000236318
0.000248671
0.000259288
0.000266812
0.000269514
0.000268206
0.000262329
0.000246702
0.000235307
0.000230354
0.000229442
0.000226797
0.000220706
0.000211229
0.000197953
0.000178448
0.000148239
0.000196683
0.000648894
0.000800505
0.000892485
0.000970692
0.00104208
0.00110173
0.00113625
0.00109897
0.00099011
0.000896927
0.000940017
0.000997632
0.000990632
0.000949598
0.000896385
0.000828636
0.00073686
0.000581727
0.000174556
0.000212939
0.000616782
0.000774933
0.000876475
0.000964228
0.00105165
0.00114176
0.00122657
0.00127332
0.00123707
0.00118725
0.00118631
0.00117884
0.00111783
0.001041
0.000964836
0.000880039
0.000773133
0.000606897
0.000198827
0.000230367
0.000488025
0.000638595
0.000739642
0.000817619
0.000889183
0.000965638
0.00105113
0.0011278
0.00115032
0.00115214
0.00113694
0.00108262
0.00100029
0.000926998
0.000861905
0.000784016
0.000678647
0.000521721
0.000220082
0.000319857
0.000421124
0.000508551
0.000587642
0.000659806
0.000727301
0.000793736
0.000865419
0.000944878
0.00100037
0.00102637
0.00100518
0.000930275
0.000847867
0.000778862
0.000702241
0.000611471
0.000513278
0.000409575
0.000296746
0.000404658
0.000510721
0.000565158
0.000607233
0.000642236
0.00067414
0.000710456
0.000764087
0.000852282
0.000955162
0.000991352
0.000890857
0.000765283
0.000689919
0.000643207
0.000604647
0.000565221
0.000521881
0.000473707
0.000382292
0.000482683
0.000644179
0.000719849
0.000773178
0.000824305
0.000870451
0.000910329
0.000949013
0.00100775
0.00109789
0.00107553
0.000938386
0.000842871
0.000802953
0.000778865
0.00074772
0.000706036
0.000664114
0.00061037
0.000465195
0.000551538
0.000773506
0.000954351
0.0011443
0.00131197
0.00142984
0.00148948
0.00148379
0.00142256
0.00134959
0.00129814
0.00128089
0.00129262
0.0012935
0.00126122
0.00118626
0.00106152
0.000903737
0.000745851
0.000535476
0.000620315
0.000890728
0.00132996
0.0018881
0.00225086
0.0024197
0.00246527
0.00238525
0.00219029
0.00197494
0.00198006
0.00219156
0.00233889
0.00236044
0.00227738
0.00210448
0.00180557
0.00127879
0.000858021
0.000602986
0.0006935
0.000789681
0.000871154
0.00094339
0.00100936
0.00106773
0.0011183
0.00116126
0.00119569
0.0012186
0.00120467
0.0011791
0.00114063
0.00109238
0.00103709
0.000976135
0.000910778
0.000840923
0.000763548
0.000673888
0.000165547
0.00020038
0.000221714
0.00023832
0.000253163
0.000266812
0.000278308
0.000286317
0.000288728
0.000283489
0.000263029
0.000250607
0.000244509
0.000240668
0.000234292
0.000225009
0.00021308
0.000197901
0.000177179
0.000147531
0.000196
0.000668492
0.000839294
0.000944353
0.00102934
0.00110174
0.00115845
0.00118624
0.0011579
0.00106115
0.000987796
0.00104278
0.00107542
0.00104269
0.000987553
0.000922304
0.000847217
0.000751029
0.000590393
0.000174174
0.000214981
0.000674113
0.000851809
0.000964617
0.00105732
0.00114176
0.00121697
0.00126428
0.00124885
0.00115175
0.00112037
0.00118834
0.00120905
0.00116214
0.00108443
0.000998452
0.000906718
0.000796569
0.000622947
0.000198838
0.000226723
0.000557026
0.000707934
0.000809265
0.000890714
0.000965638
0.00103947
0.00109727
0.0010867
0.00100533
0.00101766
0.00106995
0.00109505
0.00104247
0.00096012
0.000877747
0.000788776
0.000680222
0.000526302
0.000217649
0.000296552
0.000411544
0.000525989
0.000628489
0.000716591
0.000793736
0.000866144
0.000935253
0.000957466
0.000916004
0.000948909
0.000973719
0.000972864
0.000901093
0.000822685
0.00074001
0.000643757
0.000531058
0.000405198
0.000279041
0.000393261
0.000478989
0.000537271
0.000596388
0.000654179
0.000710456
0.000771115
0.000848645
0.000925454
0.000941785
0.000976577
0.00094463
0.000851969
0.000758406
0.000689043
0.000627208
0.000564822
0.00050297
0.000448762
0.000375722
0.000483007
0.000628862
0.000702331
0.000776409
0.000848336
0.000910329
0.000966359
0.00103471
0.00112763
0.00118077
0.00116202
0.00105705
0.000936995
0.000870248
0.000826855
0.000775675
0.000711094
0.000646577
0.000596308
0.000467068
0.000558903
0.000789294
0.000992716
0.00121137
0.00137937
0.00148948
0.00153981
0.00153367
0.00149774
0.00145856
0.00140542
0.0013621
0.00136332
0.00136776
0.00133594
0.001255
0.00111879
0.000931121
0.000755834
0.000542922
0.000633746
0.000925011
0.0014391
0.0020166
0.0023052
0.00246527
0.00248909
0.00236792
0.00214332
0.00195565
0.00194859
0.00213921
0.00234954
0.00242624
0.00236236
0.00218476
0.00191309
0.00137841
0.000890693
0.000616253
0.000712876
0.000814845
0.000901161
0.000978828
0.00105142
0.0011183
0.00117973
0.00123699
0.00129061
0.00133804
0.0013193
0.00127028
0.00121498
0.00115444
0.00108941
0.00102021
0.000947563
0.000871851
0.000789163
0.000693086
0.000164406
0.000195103
0.000216685
0.000234832
0.000252192
0.000269515
0.000286317
0.000300817
0.00030911
0.000305724
0.000280049
0.000268076
0.000259907
0.000250199
0.000239077
0.000226584
0.00021263
0.000196307
0.000175441
0.000146973
0.000194472
0.000656513
0.000843132
0.00096303
0.00105951
0.00113626
0.00118625
0.00119661
0.00114906
0.00100075
0.000966789
0.00108298
0.00110162
0.00106804
0.00101063
0.000938388
0.00085533
0.000752015
0.000585088
0.000172618
0.000215627
0.000711827
0.000911132
0.00104326
0.00114846
0.00122657
0.00126428
0.00122716
0.00110546
0.000937697
0.000917719
0.00105136
0.00114664
0.0011608
0.00110963
0.00102665
0.000929867
0.000811499
0.000631783
0.000197507
0.000224338
0.000599331
0.000766573
0.000883954
0.000976085
0.00105113
0.00109727
0.00106084
0.000969113
0.00100037
0.00101211
0.000936729
0.00101788
0.00104427
0.000985885
0.000900019
0.000803334
0.00068732
0.000527753
0.000214289
0.000262722
0.000424426
0.000570182
0.000686336
0.000782167
0.000865419
0.000935253
0.000940993
0.00091643
0.00116166
0.00121192
0.000921262
0.000924866
0.000927626
0.000855532
0.000768091
0.000669174
0.000551615
0.000409263
0.000259659
0.000372522
0.00043532
0.000508487
0.000593252
0.000679881
0.000764087
0.000848645
0.000906919
0.000933889
0.00132282
0.00138955
0.000938082
0.000883169
0.000831376
0.000748641
0.000665517
0.000577995
0.000491726
0.000421161
0.000363482
0.000476332
0.000588684
0.000651115
0.000755235
0.000859542
0.000949014
0.00103471
0.00112758
0.00118794
0.00151979
0.00152099
0.00111796
0.00103661
0.000953602
0.00088317
0.000804964
0.000708897
0.000613545
0.000557331
0.000462174
0.000558674
0.000779866
0.000975643
0.00120207
0.00137381
0.00148379
0.00153367
0.00154854
0.00156863
0.0017461
0.00170134
0.00145348
0.0014018
0.00139324
0.00136044
0.00127026
0.00111627
0.000905871
0.000738847
0.000543046
0.000638144
0.000923293
0.00147408
0.00197762
0.00224826
0.00238525
0.00236792
0.00222771
0.00211986
0.00224187
0.00221563
0.00207358
0.0021826
0.00230359
0.00229552
0.00214313
0.00187135
0.00140465
0.000887606
0.000620852
0.000723658
0.000830253
0.000920716
0.00100347
0.00108397
0.00116126
0.00123699
0.00131523
0.00139996
0.0014885
0.00146306
0.00137285
0.00128822
0.00120898
0.0011315
0.00105303
0.000972689
0.000891876
0.000804949
0.000703983
0.000163398
0.000190867
0.000212127
0.000230728
0.000249012
0.000268206
0.000288728
0.00030911
0.000325214
0.000336653
0.000305819
0.000285217
0.00027309
0.000256048
0.000240073
0.000224716
0.000209225
0.000192413
0.000172483
0.000146218
0.000191557
0.000599793
0.000775398
0.000897992
0.00100684
0.00109898
0.0011579
0.00114906
0.00100807
0.00100197
0.000951762
0.00092988
0.00104394
0.00105324
0.00101241
0.000941835
0.000853592
0.000743254
0.000569711
0.000170133
0.000215841
0.000717721
0.000932425
0.00108364
0.00120552
0.00127332
0.00124885
0.00110546
0.000997273
0.00140281
0.00132877
0.000872665
0.000971435
0.00108909
0.0011073
0.00104732
0.00095091
0.000827683
0.000643627
0.000195662
0.000226051
0.000635051
0.000821944
0.000959991
0.00106967
0.0011278
0.0010867
0.000969113
0.00115126
0.00191983
0.00184853
0.0010425
0.000873965
0.000971374
0.000994603
0.000928293
0.000830614
0.000716624
0.000560164
0.000211704
0.00023152
0.000465178
0.00063603
0.000756681
0.000860189
0.000944878
0.000957467
0.00091643
0.00139541
0.0024592
0.00239696
0.00131763
0.000854792
0.000897991
0.000885976
0.000802162
0.000699726
0.000583239
0.000437265
0.00023705
0.000345213
0.000406224
0.000503239
0.000617393
0.000737485
0.000852283
0.000925455
0.000933889
0.0016126
0.00291227
0.00285432
0.00154194
0.000878916
0.00088612
0.000828758
0.000726037
0.000610542
0.000494286
0.000396968
0.000341511
0.000463518
0.000527367
0.000586354
0.000720685
0.000869637
0.00100775
0.00112763
0.00118794
0.00181917
0.00319426
0.00312574
0.00171768
0.00110303
0.00105891
0.000962279
0.000837954
0.000695364
0.000565247
0.000500601
0.000450122
0.000550869
0.000746609
0.000906445
0.00111421
0.001297
0.00142256
0.00149774
0.00156863
0.00203917
0.00328413
0.00321059
0.00192007
0.00144669
0.0013804
0.00132277
0.00121117
0.00103471
0.000832856
0.000699529
0.000535615
0.000632775
0.000879619
0.00144768
0.00183792
0.0020939
0.00219029
0.00214332
0.00211986
0.00245288
0.00311648
0.00305125
0.00235894
0.0020411
0.00205147
0.00208363
0.0019799
0.00172205
0.00136402
0.000842571
0.000615974
0.000724541
0.000834409
0.00092824
0.00101573
0.00110572
0.00119569
0.00129061
0.00139996
0.00153019
0.00166218
0.00163225
0.00149354
0.00136545
0.00125738
0.00116259
0.00107291
0.000984004
0.000899068
0.000809271
0.000705254
0.000161245
0.000186012
0.000206688
0.000225132
0.000243232
0.000262329
0.00028349
0.000305724
0.000336653
0.000341136
0.000310234
0.000301538
0.000279653
0.000254492
0.000234411
0.000217449
0.000201675
0.00018605
0.000168017
0.000144372
0.000188497
0.000542534
0.000688201
0.000792046
0.00089316
0.000990115
0.00106115
0.00100076
0.00100197
0.000628037
0.000586555
0.000880058
0.000875749
0.000997425
0.000985233
0.000924584
0.000835699
0.000720552
0.000543737
0.000167007
0.000215452
0.000690516
0.000898962
0.00105263
0.00117994
0.00123708
0.00115175
0.0009377
0.00140281
0.000935693
0.000895494
0.00119549
0.000777069
0.000953773
0.0010655
0.00104615
0.000955451
0.000831041
0.000644472
0.000192949
0.000228711
0.00065404
0.000853933
0.00100721
0.00112842
0.00115032
0.00100534
0.00100037
0.00191983
0.00126398
0.00124214
0.0016831
0.000864257
0.000848645
0.000971394
0.000949405
0.000857585
0.00074599
0.000593522
0.00021106
0.00022838
0.00050789
0.000682874
0.000820606
0.000936705
0.00100037
0.000916005
0.00116166
0.0024592
0.00162733
0.00163416
0.00221214
0.00104258
0.000827502
0.000904474
0.00084627
0.000733942
0.000614505
0.000483796
0.000222646
0.0003168
0.000404253
0.000532288
0.000677058
0.000830339
0.000955163
0.000941786
0.00132282
0.00291227
0.00201674
0.00205483
0.0026549
0.00121151
0.000890741
0.000912704
0.000805757
0.000665113
0.000520626
0.0003877
0.000311625
0.000447418
0.000475562
0.00055299
0.000714239
0.000911149
0.00109789
0.00118077
0.00151979
0.00319426
0.00239147
0.00245482
0.00292538
0.00140694
0.00112306
0.00105564
0.000880229
0.000683586
0.000522721
0.000448001
0.000433003
0.000537766
0.00070759
0.000839273
0.00102338
0.00120276
0.00134958
0.00145856
0.00174611
0.00328413
0.00268447
0.00275528
0.00302773
0.00163215
0.00135043
0.00123931
0.00109807
0.000926881
0.000758214
0.000657002
0.000522518
0.000619056
0.000809785
0.00139572
0.0016817
0.0019172
0.00197493
0.00195565
0.00224188
0.00311648
0.00289387
0.00293703
0.00292128
0.00213894
0.0018533
0.00184731
0.00178743
0.00155628
0.00128739
0.000773172
0.000602996
0.000713358
0.000825159
0.000921075
0.00101329
0.00111393
0.0012186
0.00133804
0.0014885
0.00166218
0.00168443
0.00169554
0.00161175
0.00144286
0.00129789
0.00118096
0.00107843
0.000980236
0.000891064
0.00080021
0.000694773
0.000156992
0.000179273
0.000198472
0.000215403
0.000231172
0.000246702
0.000263029
0.00028005
0.00030582
0.000310235
0.000288544
0.000281031
0.000262056
0.000238088
0.000220681
0.000206649
0.000193564
0.00017965
0.000163118
0.000141244
0.000185534
0.000510701
0.00063269
0.000715891
0.000801808
0.000896931
0.0009878
0.000966793
0.000951765
0.000586558
0.000544192
0.000816188
0.000824006
0.000941602
0.000940713
0.000885134
0.000797044
0.000684217
0.00051271
0.000163633
0.000213459
0.000656647
0.000850393
0.000995858
0.00112209
0.00118726
0.00112038
0.000917724
0.00132878
0.000895499
0.000839575
0.00113435
0.000752711
0.000901951
0.00102335
0.00101867
0.000933848
0.000813024
0.00062813
0.000188651
0.000227243
0.000636907
0.000833748
0.000991315
0.00112343
0.00115214
0.00101767
0.00101212
0.00184854
0.00124215
0.0011882
0.00164898
0.000902632
0.00083446
0.000952984
0.000945647
0.000858724
0.000749861
0.000598201
0.000208522
0.000231377
0.000518215
0.000691817
0.00084457
0.000966797
0.00102637
0.000948911
0.00121193
0.00239696
0.00163417
0.00159076
0.00220589
0.00114581
0.000849674
0.000914412
0.00086848
0.000755908
0.000637879
0.000514346
0.000216495
0.000297249
0.000409758
0.000555744
0.000712221
0.000870346
0.000991353
0.000976579
0.00138956
0.00285433
0.00205484
0.00202501
0.00267876
0.00136184
0.000927749
0.000943795
0.000847078
0.00070197
0.000540297
0.00038856
0.000286211
0.000436181
0.000462506
0.000550553
0.000710084
0.000895728
0.00107553
0.00116202
0.001521
0.00312575
0.00245483
0.00243585
0.00296001
0.00148531
0.00109122
0.00100577
0.000833281
0.000653612
0.000508258
0.000432478
0.00041959
0.000529592
0.00069937
0.000823736
0.000999302
0.00116477
0.00129814
0.00140542
0.00170135
0.00321061
0.00275529
0.00274338
0.00305971
0.00164413
0.00128211
0.0011598
0.00103536
0.000889016
0.000739617
0.000643998
0.000514133
0.000610485
0.000805464
0.00137222
0.00167002
0.00191721
0.00198006
0.00194859
0.00221563
0.00305126
0.00293704
0.00292134
0.00291803
0.00215045
0.00184834
0.00184496
0.00179095
0.00155571
0.00127441
0.000766998
0.00059675
0.000702604
0.00081395
0.000909977
0.00100288
0.00110259
0.00120467
0.0013193
0.00146307
0.00163225
0.00169554
0.00167212
0.00158451
0.00142369
0.00128526
0.00117357
0.00107473
0.000978261
0.000888439
0.000796384
0.000689305
0.000154761
0.000174589
0.000191582
0.000206858
0.000221143
0.000235307
0.000250608
0.000268077
0.000285219
0.000301538
0.000281031
0.000261037
0.000244101
0.000226711
0.000212808
0.000200572
0.000188478
0.000175366
0.000159511
0.000138506
0.00018225
0.000518936
0.000652319
0.000742165
0.000834786
0.000940021
0.00104279
0.00108298
0.000929882
0.00088006
0.000816187
0.000788928
0.000903694
0.000929884
0.000904026
0.000843257
0.000760607
0.000654732
0.000491884
0.000160793
0.00021064
0.000634954
0.000824697
0.000969174
0.00109913
0.00118631
0.00118834
0.00105136
0.000872671
0.00119549
0.00113436
0.000748466
0.000841761
0.000953375
0.00100771
0.000978995
0.000896946
0.000784419
0.000606735
0.000184732
0.000223302
0.00060417
0.000792699
0.00094576
0.00107975
0.00113695
0.00106995
0.000936732
0.00104251
0.00168311
0.00164898
0.000976878
0.000823425
0.000872787
0.000946769
0.000915911
0.000832493
0.000728087
0.000579021
0.000204938
0.00022857
0.000483403
0.000650044
0.000800957
0.00092769
0.00100518
0.00097372
0.000921269
0.00131765
0.00221215
0.00220589
0.00132637
0.000897868
0.000866883
0.000912178
0.000856172
0.00075763
0.000650962
0.00050967
0.00021132
0.000300945
0.000396974
0.000518712
0.000644262
0.000770478
0.000890859
0.000944631
0.00093809
0.00154196
0.00265491
0.00267876
0.00162232
0.000966764
0.000914935
0.000891214
0.000782646
0.000648146
0.00051027
0.000382979
0.000284455
0.000441852
0.00047453
0.000548609
0.000672807
0.000807009
0.000938384
0.00105705
0.00111797
0.0017177
0.0029254
0.00296001
0.001783
0.00107782
0.000969961
0.000857922
0.000733592
0.000609875
0.000500931
0.000439303
0.000423218
0.000538129
0.000743459
0.00085874
0.00102092
0.00116739
0.00128088
0.0013621
0.00145349
0.00192009
0.00302774
0.00305971
0.00195299
0.00135525
0.00121119
0.00112583
0.00102418
0.000899349
0.000765171
0.000679681
0.000522423
0.000621851
0.000879105
0.001429
0.00178142
0.00206369
0.00219155
0.00213921
0.00207359
0.00235895
0.00292129
0.00291803
0.00234994
0.00201442
0.00202681
0.00207007
0.00195309
0.00167718
0.00134383
0.000837842
0.000608451
0.00071151
0.000819005
0.000911738
0.000999463
0.00108995
0.0011791
0.00127028
0.00137285
0.00149354
0.00161175
0.00158451
0.00146363
0.00134462
0.00124334
0.00115399
0.00106734
0.000979282
0.00089404
0.000803942
0.00069943
0.000155433
0.000175635
0.000191343
0.000204678
0.000217368
0.000230355
0.000244509
0.000259908
0.000273091
0.000279653
0.000262056
0.000244101
0.000231129
0.000219868
0.000209559
0.000199197
0.000187997
0.000175315
0.000159661
0.000138632
0.000180199
0.000542539
0.00070175
0.000806718
0.000902708
0.000997636
0.00107542
0.00110162
0.00104394
0.000875747
0.000824004
0.000903694
0.000931605
0.000916264
0.000874102
0.000814745
0.000739854
0.000641222
0.000486983
0.000159923
0.000207371
0.000627873
0.000819438
0.000962499
0.00108777
0.00117884
0.00120905
0.00114664
0.000971436
0.000777072
0.000752712
0.000841762
0.00094736
0.000995996
0.000987482
0.000936183
0.000858499
0.000755156
0.000588402
0.000182945
0.000217942
0.000572513
0.000751401
0.00088729
0.00100641
0.00108263
0.00109506
0.00101788
0.00087397
0.000864264
0.000902637
0.000823427
0.000879441
0.000929227
0.000927165
0.000874048
0.000794256
0.000694866
0.000553257
0.000201797
0.00022733
0.000427895
0.000578866
0.00071515
0.000841491
0.000930281
0.000972869
0.000924869
0.000854799
0.00104259
0.00114581
0.00089787
0.000866755
0.000914671
0.000897374
0.000836483
0.000749661
0.000634047
0.000471882
0.000204781
0.000322588
0.000392676
0.000486562
0.000580956
0.000672657
0.000765287
0.000851972
0.000883171
0.000878923
0.00121152
0.00136184
0.000966766
0.000887299
0.000881605
0.000804541
0.000704498
0.000595608
0.000484929
0.000379069
0.000300542
0.00045133
0.000510252
0.000561651
0.000654531
0.000751793
0.00084287
0.000936993
0.00103661
0.00110303
0.00140695
0.00148531
0.00107782
0.000947048
0.000845469
0.000756712
0.000673188
0.000585928
0.000506098
0.000463353
0.000431724
0.000541132
0.000780386
0.000890295
0.00104542
0.00118353
0.00129261
0.00136332
0.0014018
0.00144669
0.00163216
0.00164413
0.00135525
0.00123727
0.00118099
0.00111512
0.00102246
0.000909859
0.000786578
0.000717566
0.00052563
0.000620818
0.000914769
0.00143386
0.00185431
0.00215359
0.00233889
0.00234954
0.0021826
0.0020411
0.00213895
0.00215045
0.00201442
0.00210561
0.00224827
0.00223439
0.00204642
0.0017469
0.0013471
0.000866291
0.000607841
0.000703728
0.000807969
0.000897273
0.000979876
0.00106213
0.00114063
0.00121498
0.00128822
0.00136546
0.00144286
0.00142369
0.00134462
0.0012669
0.00119396
0.00112068
0.00104352
0.000962757
0.000881871
0.000794593
0.000692912
0.00015581
0.000178868
0.000194397
0.000206652
0.000218024
0.000229443
0.000240669
0.0002502
0.000256049
0.000254493
0.000238088
0.000226711
0.000219868
0.000213798
0.00020707
0.000199068
0.000189298
0.000177421
0.000162278
0.000140886
0.000180212
0.000559174
0.000727661
0.000835305
0.000920311
0.000990636
0.00104269
0.00106805
0.00105324
0.000997423
0.0009416
0.000929883
0.000916263
0.000886434
0.000845033
0.000793893
0.000728262
0.00063717
0.000489835
0.000161561
0.00020421
0.000625395
0.000812
0.000939007
0.0010401
0.00111783
0.00116214
0.00116081
0.00108909
0.000953771
0.000901949
0.000953375
0.000995996
0.000990317
0.000952238
0.000897136
0.000827952
0.000735682
0.000578916
0.000183978
0.000211516
0.000560542
0.000736233
0.00084464
0.000931682
0.0010003
0.00104247
0.00104427
0.000971375
0.000848645
0.000834461
0.000872788
0.000929228
0.000928178
0.000888186
0.0008296
0.000760218
0.000676568
0.000542612
0.000202112
0.000241495
0.000404872
0.000540915
0.000661312
0.000769315
0.000847875
0.000901099
0.000927631
0.000897993
0.000827503
0.000849676
0.000866885
0.000914672
0.000905919
0.000862159
0.000797953
0.00071206
0.000596312
0.000438004
0.000217534
0.000346337
0.000412689
0.000487633
0.000559516
0.000624864
0.000689922
0.00075841
0.00083138
0.000886121
0.000890742
0.000927751
0.000914936
0.000881605
0.000809829
0.000731356
0.000647802
0.000560685
0.000472867
0.000388182
0.00032079
0.000454916
0.000561847
0.000598176
0.000665578
0.000736692
0.000802951
0.000870247
0.000953601
0.00105891
0.00112306
0.00109123
0.000969963
0.000845469
0.000761024
0.000701455
0.000643844
0.000582671
0.000528111
0.000505444
0.000435541
0.000536231
0.000779454
0.000906801
0.00105499
0.00118658
0.0012935
0.00136776
0.00139324
0.0013804
0.00135043
0.00128211
0.00121119
0.00118099
0.00114813
0.00108681
0.00100519
0.000906427
0.000798594
0.000724488
0.000521762
0.000610291
0.000899478
0.00137949
0.00186179
0.00215525
0.00236044
0.00242624
0.00230359
0.00205147
0.0018533
0.00184834
0.00202681
0.00224827
0.0023379
0.00224628
0.00202852
0.00173866
0.00129434
0.000853777
0.000598143
0.000687241
0.000786547
0.000871509
0.00094862
0.00102306
0.00109238
0.00115445
0.00120899
0.00125738
0.00129789
0.00128526
0.00124334
0.00119396
0.00113849
0.00107574
0.00100633
0.000932626
0.000856949
0.000773853
0.000677101
0.000156338
0.000181419
0.000196688
0.000208084
0.000217894
0.000226797
0.000234293
0.000239078
0.000240074
0.000234412
0.000220681
0.000212808
0.000209559
0.00020707
0.000203325
0.000197712
0.000189853
0.000179497
0.000165516
0.000144163
0.000181756
0.000573742
0.000731462
0.000827629
0.000897192
0.000949603
0.000987557
0.00101063
0.00101241
0.000985233
0.000940713
0.000904025
0.000874102
0.000845032
0.00081197
0.000771834
0.000716791
0.000634253
0.000494599
0.000164227
0.000203145
0.000610872
0.000783985
0.000897802
0.000979491
0.00104101
0.00108443
0.00110963
0.0011073
0.0010655
0.00102335
0.00100771
0.000987482
0.000952237
0.000909601
0.000862711
0.000804263
0.00071895
0.000570655
0.000187038
0.000202442
0.00054687
0.000729536
0.000829365
0.000884647
0.000927004
0.000960126
0.00098589
0.000994605
0.000971394
0.000952984
0.000946769
0.000927164
0.000888185
0.000842604
0.00079895
0.000750738
0.000677439
0.000545784
0.00020413
0.000271444
0.000402737
0.000517967
0.00062196
0.000713328
0.000778869
0.000822691
0.000855537
0.000885979
0.000904475
0.000914413
0.000912178
0.000897374
0.000862159
0.000814806
0.000757318
0.000677396
0.000564538
0.000419761
0.000239708
0.000364912
0.000450144
0.00051001
0.00056099
0.000602982
0.000643209
0.000689045
0.000748644
0.00082876
0.000912704
0.000943795
0.000891214
0.000804541
0.000731356
0.000665308
0.000601141
0.000538117
0.000474687
0.000410953
0.0003392
0.000453552
0.000598252
0.000638302
0.00068534
0.000733076
0.000778863
0.000826853
0.000883168
0.000962277
0.00105564
0.00100578
0.000857923
0.000756712
0.000701455
0.000663453
0.000627589
0.000590377
0.000558336
0.000540418
0.000434351
0.000525664
0.000755068
0.000899281
0.00103336
0.00115826
0.00126122
0.00133593
0.00136044
0.00132277
0.00123931
0.00115981
0.00112583
0.00111512
0.00108681
0.00103564
0.000969671
0.000884722
0.000796957
0.000707613
0.000511926
0.000593015
0.000857174
0.00127202
0.00177372
0.00208058
0.00227738
0.00236236
0.00229552
0.00208363
0.00184731
0.00184496
0.00207008
0.00223439
0.00224629
0.00212706
0.00192735
0.00164202
0.00118659
0.000814061
0.000581405
0.000664238
0.000757463
0.000837516
0.000909132
0.000976111
0.0010371
0.00108941
0.0011315
0.00116259
0.00118096
0.00117357
0.00115399
0.00112068
0.00107574
0.00102109
0.000959119
0.000892634
0.000822467
0.000744516
0.000654271
0.00015679
0.000182987
0.000197397
0.000207232
0.000214728
0.000220706
0.00022501
0.000226584
0.000224717
0.000217449
0.00020665
0.000200573
0.000199197
0.000199068
0.000197712
0.000194573
0.000189343
0.000181432
0.000169199
0.000147712
0.000184457
0.000575157
0.000716293
0.00079851
0.000856442
0.000896389
0.000922308
0.000938391
0.000941837
0.000924584
0.000885134
0.000843256
0.000814744
0.000793893
0.000771834
0.000743025
0.000697645
0.000625808
0.000499141
0.000167532
0.000205345
0.000596014
0.000745814
0.000845252
0.000917024
0.000964841
0.000998456
0.00102665
0.00104732
0.00104615
0.00101867
0.000978994
0.000936182
0.000897136
0.000862711
0.000825676
0.000772447
0.000690758
0.000552735
0.000189235
0.000205599
0.000493917
0.000674102
0.000786217
0.000840053
0.000861911
0.000877752
0.000900023
0.000928296
0.000949406
0.000945647
0.000915911
0.000874048
0.000829599
0.00079895
0.000777505
0.000740362
0.000667128
0.000533583
0.000201046
0.000302789
0.000415631
0.000499864
0.00057526
0.000645854
0.000702246
0.000740015
0.000768095
0.000802166
0.000846271
0.00086848
0.000856172
0.000836482
0.000797952
0.000757317
0.000703817
0.000619453
0.000514681
0.000399936
0.000265914
0.000377411
0.000489745
0.000541423
0.000570121
0.000588614
0.000604648
0.000627209
0.000665519
0.000726038
0.000805757
0.000847079
0.000782646
0.000704498
0.000647801
0.000601141
0.000561209
0.000525189
0.000488671
0.000442387
0.00035337
0.000448319
0.000603788
0.000664835
0.000695942
0.000722269
0.000747719
0.000775674
0.000804963
0.000837953
0.000880229
0.000833283
0.000733593
0.000673189
0.000643844
0.000627589
0.000614612
0.000600944
0.000587287
0.000553322
0.000429474
0.000510622
0.000715512
0.000847505
0.000971393
0.00108844
0.00118626
0.001255
0.00127026
0.00121117
0.00109807
0.00103536
0.00102418
0.00102246
0.0010052
0.000969671
0.000917234
0.000844234
0.000768497
0.000673967
0.000497255
0.000570333
0.000800332
0.00112794
0.00155429
0.00192347
0.00210448
0.00218476
0.00214313
0.0019799
0.00178743
0.00179095
0.00195309
0.00204642
0.00202853
0.00192735
0.00176824
0.00145081
0.00105633
0.000760478
0.000559019
0.000635478
0.000721951
0.00079684
0.000863089
0.00092297
0.000976136
0.00102021
0.00105303
0.00107291
0.00107843
0.00107473
0.00106734
0.00104352
0.00100633
0.000959119
0.000904791
0.000845478
0.000780695
0.000708225
0.000625391
0.000156211
0.000181641
0.000194591
0.000202653
0.000207881
0.00021123
0.000213081
0.000212631
0.000209226
0.000201676
0.000193564
0.000188478
0.000187997
0.000189298
0.000189853
0.000189343
0.000187315
0.000182535
0.000172754
0.000151423
0.000185695
0.000556206
0.000680171
0.000748052
0.000795271
0.00082864
0.000847221
0.000855334
0.000853594
0.0008357
0.000797045
0.000760606
0.000739853
0.000728261
0.00071679
0.000697645
0.000662108
0.000602981
0.00049201
0.000171523
0.00020803
0.000583072
0.000700795
0.000775401
0.000836297
0.000880044
0.000906722
0.000929871
0.000950913
0.000955452
0.000933849
0.000896946
0.000858499
0.000827951
0.000804263
0.000772447
0.000721275
0.000646179
0.00052519
0.000192389
0.000223114
0.000429483
0.000584949
0.000699526
0.000762304
0.000784021
0.00078878
0.000803338
0.000830616
0.000857586
0.000858725
0.000832494
0.000794256
0.000760218
0.000750738
0.000740362
0.000701166
0.000616835
0.000477896
0.000200403
0.000327458
0.000440088
0.000495723
0.000533681
0.000571987
0.000611475
0.000643761
0.000669177
0.000699729
0.000733943
0.000755909
0.00075763
0.000749661
0.00071206
0.000677395
0.000619453
0.000542621
0.000469215
0.00039758
0.00029284
0.000385057
0.000512167
0.000561388
0.000574992
0.000571553
0.000565221
0.000564823
0.000577996
0.000610542
0.000665113
0.000701971
0.000648146
0.000595608
0.000560685
0.000538117
0.000525189
0.000519316
0.000508135
0.000470055
0.00036357
0.000440188
0.000590869
0.000655309
0.00068647
0.000697944
0.000706035
0.000711093
0.000708897
0.000695364
0.000683586
0.000653612
0.000609875
0.000585928
0.000582671
0.000590377
0.000600944
0.000607388
0.000594686
0.00054833
0.000422481
0.000491668
0.000667533
0.000778295
0.000876795
0.000976327
0.00106152
0.00111879
0.00111627
0.00103471
0.000926883
0.000889018
0.00089935
0.00090986
0.000906428
0.000884722
0.000844234
0.00078741
0.000718264
0.000630702
0.000478731
0.000542849
0.000737916
0.000968681
0.00125467
0.0015609
0.00180557
0.00191309
0.00187136
0.00172205
0.00155628
0.00155571
0.00167718
0.00174691
0.00173866
0.00164202
0.00145081
0.00117417
0.000911765
0.000702207
0.000531782
0.000601051
0.000680452
0.000750097
0.000810883
0.000864701
0.000910779
0.000947564
0.00097269
0.000984006
0.000980237
0.000978262
0.000979284
0.000962758
0.000932626
0.000892634
0.000845478
0.000791948
0.000732569
0.000665702
0.000590772
0.00015457
0.000177141
0.000187906
0.00019393
0.000196933
0.000197954
0.000197902
0.000196307
0.000192413
0.00018605
0.00017965
0.000175366
0.000175314
0.000177421
0.000179497
0.000181431
0.000182535
0.000180959
0.000174286
0.00015491
0.000183809
0.000514293
0.000618461
0.000672638
0.000709063
0.000736864
0.000751033
0.000752018
0.000743256
0.000720554
0.000684218
0.000654732
0.000641221
0.000637169
0.000634252
0.000625808
0.00060298
0.000556348
0.000462563
0.000175047
0.000206752
0.000556728
0.000643912
0.000688471
0.000731263
0.000773138
0.000796573
0.000811502
0.000827685
0.000831043
0.000813025
0.00078442
0.000755156
0.000735681
0.00071895
0.000690758
0.000646179
0.000589198
0.00049903
0.0001961
0.000249904
0.000371009
0.000480282
0.000580739
0.000647792
0.000678652
0.000680225
0.000687323
0.000716627
0.000745992
0.000749862
0.000728087
0.000694867
0.000676568
0.000677439
0.000667128
0.000616835
0.000523467
0.00039774
0.000210645
0.000345243
0.000459349
0.000490909
0.000496231
0.000500569
0.00051328
0.000531061
0.000551618
0.000583241
0.000614506
0.00063788
0.000650962
0.000634046
0.000596312
0.000564538
0.000514681
0.000469215
0.000440964
0.000409083
0.000316432
0.000389285
0.000515372
0.000555152
0.00055762
0.000542889
0.000521881
0.00050297
0.000491726
0.000494287
0.000520626
0.000540298
0.00051027
0.000484929
0.000472866
0.000474687
0.000488671
0.000508135
0.000513553
0.000483245
0.000370971
0.000429586
0.000567143
0.000622386
0.000649437
0.000663956
0.000664113
0.000646576
0.000613545
0.000565247
0.000522722
0.000508258
0.000500931
0.000506098
0.000528111
0.000558336
0.000587287
0.000594686
0.000579022
0.000533093
0.000414279
0.000469237
0.000620021
0.000703605
0.000775835
0.000846452
0.000903738
0.000931122
0.000905872
0.000832857
0.000758215
0.000739619
0.000765173
0.000786579
0.000798595
0.000796958
0.000768497
0.000718264
0.000660402
0.000588056
0.000457208
0.000510863
0.000674702
0.000816352
0.000968123
0.00113024
0.00127879
0.00137841
0.00140465
0.00136402
0.00128739
0.00127441
0.00134384
0.00134711
0.00129435
0.00118659
0.00105633
0.000911765
0.000775453
0.000645508
0.000500188
0.00056065
0.000632955
0.000697466
0.000752884
0.000800845
0.000840924
0.000871852
0.000891877
0.000899069
0.000891065
0.000888441
0.000894042
0.000881872
0.00085695
0.000822468
0.000780695
0.000732569
0.000678485
0.000617193
0.000550312
0.000151591
0.000168339
0.000175607
0.000178858
0.000179466
0.000178449
0.00017718
0.000175441
0.000172483
0.000168018
0.000163118
0.000159511
0.000159661
0.000162277
0.000165516
0.000169199
0.000172754
0.000174286
0.000171535
0.000157009
0.000177815
0.0004253
0.000495813
0.000534759
0.000560981
0.00058173
0.000590397
0.000585092
0.000569713
0.000543739
0.000512712
0.000491884
0.000486982
0.000489834
0.000494598
0.00049914
0.000492009
0.000462563
0.000399881
0.00017691
0.000198064
0.000477395
0.000536872
0.000553654
0.000573381
0.000606901
0.00062295
0.000631786
0.000643629
0.000644474
0.00062813
0.000606735
0.000588401
0.000578915
0.000570654
0.000552735
0.00052519
0.00049903
0.000450524
0.000197165
0.000278264
0.000332258
0.000375558
0.000431771
0.000483669
0.000521724
0.000526305
0.000527755
0.000560165
0.000593523
0.000598202
0.000579022
0.000553257
0.000542611
0.000545784
0.000533582
0.000477896
0.00039774
0.000315262
0.000232424
0.000356661
0.000450854
0.000457662
0.000440339
0.000421438
0.000409575
0.000405199
0.000409264
0.000437266
0.000483796
0.000514346
0.00050967
0.000471882
0.000438003
0.000419761
0.000399936
0.000397579
0.000409083
0.000409241
0.000333548
0.000390082
0.000489389
0.000510234
0.000506532
0.000493525
0.000473707
0.000448762
0.000421161
0.000396968
0.0003877
0.00038856
0.000382979
0.000379069
0.000388182
0.000410952
0.000442386
0.000470055
0.000483245
0.00046738
0.000375158
0.000416957
0.000524764
0.000561648
0.000584664
0.000604053
0.00061037
0.000596308
0.000557332
0.000500602
0.000448002
0.000432479
0.000439304
0.000463354
0.000505444
0.000540419
0.000553322
0.00054833
0.000533093
0.000500387
0.000404875
0.000443845
0.000563287
0.000618494
0.0006674
0.000713704
0.000745852
0.000755835
0.000738848
0.00069953
0.000657003
0.000644
0.000679683
0.000717568
0.000724489
0.000707614
0.000673968
0.000630703
0.000588056
0.00053904
0.00043345
0.000474321
0.000601809
0.00067376
0.000738759
0.000802959
0.000858022
0.000890695
0.000887608
0.000842573
0.000773173
0.000767001
0.000837846
0.000866294
0.000853779
0.000814063
0.000760479
0.000702208
0.000645508
0.000579887
0.000464319
0.000512743
0.000578078
0.000637371
0.000687289
0.000729357
0.00076355
0.000789164
0.00080495
0.000809273
0.000800211
0.000796385
0.000803944
0.000794594
0.000773854
0.000744517
0.000708226
0.000665702
0.000617193
0.000561644
0.000502648
0.000144881
0.000148955
0.000150146
0.000150065
0.000149255
0.000148239
0.000147531
0.000146974
0.000146219
0.000144373
0.000141244
0.000138506
0.000138632
0.000140886
0.000144163
0.000147712
0.000151423
0.00015491
0.000157009
0.000154565
0.000160692
0.000170253
0.000173654
0.00017495
0.000174834
0.000174556
0.000174174
0.000172618
0.000170134
0.000167007
0.000163633
0.000160793
0.000159923
0.000161561
0.000164227
0.000167532
0.000171522
0.000175047
0.000176909
0.000168373
0.000178971
0.000190458
0.000198507
0.000199707
0.000198658
0.000198827
0.000198838
0.000197507
0.000195662
0.000192949
0.000188651
0.000184732
0.000182945
0.000183978
0.000187038
0.000189235
0.000192389
0.0001961
0.000197165
0.000183111
0.00029767
0.000275926
0.000248637
0.000225964
0.00021845
0.000220083
0.000217649
0.000214289
0.000211704
0.00021106
0.000208522
0.000204938
0.000201797
0.000202112
0.000204129
0.000201045
0.000200403
0.000210644
0.000232424
0.000256057
0.000361987
0.000354786
0.000343277
0.000328911
0.000313375
0.000296746
0.000279041
0.000259659
0.000237051
0.000222646
0.000216496
0.00021132
0.000204781
0.000217534
0.000239707
0.000265913
0.000292839
0.000316432
0.000333548
0.000343909
0.000386604
0.000388879
0.000388269
0.000386803
0.000385321
0.000382293
0.000375723
0.000363483
0.000341512
0.000311626
0.000286212
0.000284456
0.000300542
0.00032079
0.0003392
0.00035337
0.00036357
0.000370971
0.000375158
0.00037539
0.00040322
0.000417983
0.000432472
0.000446106
0.000457692
0.000465195
0.000467069
0.000462175
0.000450122
0.000433004
0.000419591
0.000423219
0.000431725
0.000435541
0.000434352
0.000429474
0.000422481
0.00041428
0.000404875
0.000394086
0.000418949
0.000447737
0.000476435
0.000501402
0.000521397
0.000535477
0.000542923
0.000543047
0.000535616
0.000522518
0.000514134
0.000522425
0.000525632
0.000521763
0.000511926
0.000497255
0.000478732
0.000457209
0.00043345
0.000410038
0.000437352
0.000479791
0.000520361
0.000554478
0.000582142
0.000602988
0.000616254
0.000620853
0.000615975
0.000602997
0.000596751
0.000608452
0.000607842
0.000598144
0.000581406
0.00055902
0.000531782
0.000500188
0.000464319
0.000428089
0.000460985
0.000519208
0.000570891
0.000612934
0.00064712
0.000673889
0.000693087
0.000703984
0.000705255
0.000694774
0.000689307
0.000699431
0.000692913
0.000677103
0.000654272
0.000625392
0.000590773
0.000550312
0.000502648
0.000450999
)
;

boundaryField
{
    floor
    {
        type            mutkWallFunction;
        Cmu             0.09;
        kappa           0.41;
        E               9.8;
        value           nonuniform List<scalar> 
400
(
1.1163e-05
1.19038e-05
1.21792e-05
1.24024e-05
1.26402e-05
1.27827e-05
1.27617e-05
1.26601e-05
1.25593e-05
1.22671e-05
1.16401e-05
1.12423e-05
1.12999e-05
1.1325e-05
1.13679e-05
1.13929e-05
1.12712e-05
1.10101e-05
1.05759e-05
9.59407e-06
1.19038e-05
1.48592e-05
1.61136e-05
1.70283e-05
1.77836e-05
1.81715e-05
1.79901e-05
1.73042e-05
1.67427e-05
1.6064e-05
1.50821e-05
1.42764e-05
1.43079e-05
1.47585e-05
1.50936e-05
1.52765e-05
1.50402e-05
1.43648e-05
1.3089e-05
1.02443e-05
1.21792e-05
1.61136e-05
1.78799e-05
1.92048e-05
2.03355e-05
2.10804e-05
2.11636e-05
2.05142e-05
1.9915e-05
1.91713e-05
1.79987e-05
1.68881e-05
1.66667e-05
1.70584e-05
1.73699e-05
1.74296e-05
1.69831e-05
1.5988e-05
1.41919e-05
1.04343e-05
1.24024e-05
1.70283e-05
1.92048e-05
2.08024e-05
2.21805e-05
2.3223e-05
2.36337e-05
2.32066e-05
2.26563e-05
2.1899e-05
2.05327e-05
1.91785e-05
1.86848e-05
1.88857e-05
1.90849e-05
1.89227e-05
1.82223e-05
1.69338e-05
1.47243e-05
1.0436e-05
1.26402e-05
1.77836e-05
2.03355e-05
2.21805e-05
2.37679e-05
2.50816e-05
2.58574e-05
2.57917e-05
2.53385e-05
2.45494e-05
2.28618e-05
2.1285e-05
2.05958e-05
2.06033e-05
2.05789e-05
2.00858e-05
1.9059e-05
1.74495e-05
1.48803e-05
1.03329e-05
1.27827e-05
1.81716e-05
2.10804e-05
2.3223e-05
2.50816e-05
2.67168e-05
2.79256e-05
2.83761e-05
2.81578e-05
2.73419e-05
2.51202e-05
2.33401e-05
2.25225e-05
2.23475e-05
2.19496e-05
2.10354e-05
1.96339e-05
1.76857e-05
1.48008e-05
1.01972e-05
1.27617e-05
1.79902e-05
2.11636e-05
2.36337e-05
2.58574e-05
2.79256e-05
2.9694e-05
3.08795e-05
3.11859e-05
3.04361e-05
2.74611e-05
2.55461e-05
2.46173e-05
2.40678e-05
2.31197e-05
2.17463e-05
1.99943e-05
1.77657e-05
1.46808e-05
1.01135e-05
1.26601e-05
1.73042e-05
2.05142e-05
2.32066e-05
2.57917e-05
2.83761e-05
3.08795e-05
3.30264e-05
3.41965e-05
3.36772e-05
2.98733e-05
2.80911e-05
2.69577e-05
2.55358e-05
2.38916e-05
2.20519e-05
2.00016e-05
1.75913e-05
1.44589e-05
1.00434e-05
1.25594e-05
1.67427e-05
1.9915e-05
2.26563e-05
2.53385e-05
2.81577e-05
3.11858e-05
3.41965e-05
3.64678e-05
3.80263e-05
3.35125e-05
3.06684e-05
2.89558e-05
2.64245e-05
2.40589e-05
2.17989e-05
1.95197e-05
1.70301e-05
1.40115e-05
9.92503e-06
1.22671e-05
1.6064e-05
1.91713e-05
2.1899e-05
2.45494e-05
2.73419e-05
3.04361e-05
3.36771e-05
3.80263e-05
1.39614e-05
1.147e-05
3.29208e-05
2.99674e-05
2.62712e-05
2.3266e-05
2.07555e-05
1.84169e-05
1.60501e-05
1.3294e-05
9.63023e-06
1.16401e-05
1.50821e-05
1.79987e-05
2.05327e-05
2.28618e-05
2.51202e-05
2.7461e-05
2.98732e-05
3.35124e-05
1.14699e-05
9.75801e-06
2.99812e-05
2.73643e-05
2.38405e-05
2.11924e-05
1.907e-05
1.70799e-05
1.49737e-05
1.24769e-05
9.13033e-06
1.12423e-05
1.42763e-05
1.68881e-05
1.91785e-05
2.1285e-05
2.33401e-05
2.5546e-05
2.8091e-05
3.06682e-05
3.29207e-05
2.99812e-05
2.71717e-05
2.4663e-05
2.20264e-05
1.98896e-05
1.80134e-05
1.61741e-05
1.41996e-05
1.18242e-05
8.65169e-06
1.12999e-05
1.43079e-05
1.66667e-05
1.86848e-05
2.05957e-05
2.25225e-05
2.46173e-05
2.69576e-05
2.89557e-05
2.99673e-05
2.73643e-05
2.4663e-05
2.27034e-05
2.09646e-05
1.93654e-05
1.77668e-05
1.60566e-05
1.41421e-05
1.17882e-05
8.62977e-06
1.1325e-05
1.47585e-05
1.70584e-05
1.88857e-05
2.06032e-05
2.23475e-05
2.40677e-05
2.55357e-05
2.64244e-05
2.62711e-05
2.38404e-05
2.20263e-05
2.09646e-05
2.00194e-05
1.89718e-05
1.77393e-05
1.62514e-05
1.44635e-05
1.21839e-05
8.96962e-06
1.13679e-05
1.50935e-05
1.73698e-05
1.90849e-05
2.05788e-05
2.19495e-05
2.31196e-05
2.38915e-05
2.40588e-05
2.32659e-05
2.11924e-05
1.98896e-05
1.93654e-05
1.89718e-05
1.83851e-05
1.75216e-05
1.63281e-05
1.47706e-05
1.26706e-05
9.47882e-06
1.13929e-05
1.52765e-05
1.74295e-05
1.89226e-05
2.00857e-05
2.10353e-05
2.17461e-05
2.20518e-05
2.17988e-05
2.07554e-05
1.90699e-05
1.80134e-05
1.77668e-05
1.77394e-05
1.75216e-05
1.70256e-05
1.62234e-05
1.5033e-05
1.32048e-05
1.00244e-05
1.12712e-05
1.50401e-05
1.6983e-05
1.82222e-05
1.90589e-05
1.96338e-05
1.99942e-05
2.00015e-05
1.95196e-05
1.84168e-05
1.70798e-05
1.61741e-05
1.60566e-05
1.62515e-05
1.63281e-05
1.62235e-05
1.58982e-05
1.5183e-05
1.37404e-05
1.05978e-05
1.10101e-05
1.43647e-05
1.59879e-05
1.69337e-05
1.74494e-05
1.76856e-05
1.77656e-05
1.75912e-05
1.703e-05
1.60501e-05
1.49737e-05
1.41996e-05
1.41421e-05
1.44635e-05
1.47706e-05
1.5033e-05
1.5183e-05
1.49655e-05
1.40058e-05
1.1144e-05
1.05759e-05
1.3089e-05
1.41918e-05
1.47242e-05
1.48802e-05
1.48007e-05
1.46807e-05
1.44588e-05
1.40114e-05
1.32939e-05
1.24768e-05
1.18242e-05
1.17882e-05
1.21839e-05
1.26706e-05
1.32048e-05
1.37405e-05
1.40058e-05
1.36307e-05
1.1475e-05
9.59404e-06
1.02443e-05
1.04343e-05
1.0436e-05
1.03328e-05
1.01972e-05
1.01135e-05
1.00433e-05
9.92499e-06
9.63019e-06
9.1303e-06
8.65169e-06
8.6298e-06
8.96965e-06
9.47886e-06
1.00244e-05
1.05978e-05
1.1144e-05
1.1475e-05
1.11142e-05
)
;
    }
    ceiling
    {
        type            mutkWallFunction;
        Cmu             0.09;
        kappa           0.41;
        E               9.8;
        value           nonuniform List<scalar> 
400
(
5.43098e-05
6.23076e-05
6.94582e-05
7.52054e-05
7.97948e-05
8.33259e-05
8.58235e-05
8.72224e-05
8.73641e-05
8.60156e-05
8.46585e-05
8.57445e-05
8.47451e-05
8.267e-05
7.97733e-05
7.61408e-05
7.17754e-05
6.66283e-05
6.04846e-05
5.37756e-05
6.23076e-05
7.11426e-05
7.90845e-05
8.56456e-05
9.10584e-05
9.53758e-05
9.85685e-05
0.000100524
0.00010106
9.99417e-05
9.84864e-05
9.9089e-05
9.77027e-05
9.50437e-05
9.14241e-05
8.69835e-05
8.17662e-05
7.57596e-05
6.87731e-05
6.12164e-05
6.94581e-05
7.90844e-05
8.74959e-05
9.45748e-05
0.000100576
0.000105502
0.000109261
0.000111706
0.000112639
0.000111765
0.000110283
0.000110475
0.000108691
0.000105534
0.00010135
9.63133e-05
9.04893e-05
8.38886e-05
7.62989e-05
6.78379e-05
7.52054e-05
8.56455e-05
9.45748e-05
0.000102213
0.000108846
0.000114424
0.000118811
0.000121851
0.000123341
0.000123016
0.000121611
0.000121163
0.000118778
0.000114986
0.000110174
0.000104522
9.80719e-05
9.08557e-05
8.2632e-05
7.32302e-05
7.97947e-05
9.10584e-05
0.000100576
0.000108846
0.000116175
0.000122521
0.000127667
0.000131605
0.000134207
0.000135155
0.000133646
0.000132102
0.000128749
0.000124048
0.000118373
0.000111906
0.000104762
9.68717e-05
8.7965e-05
7.76193e-05
8.33259e-05
9.53757e-05
0.000105502
0.000114424
0.000122521
0.000129638
0.000135747
0.000140885
0.000144973
0.000147662
0.000145852
0.000142796
0.000138206
0.000132443
0.00012581
0.000118444
0.000110484
0.000101893
9.22982e-05
8.1061e-05
8.58234e-05
9.85685e-05
0.000109261
0.000118811
0.000127667
0.000135747
0.000143099
0.000149893
0.000156218
0.00016177
0.000159402
0.000153634
0.0001471
0.00013992
0.000132165
0.000123849
0.000115044
0.000105771
9.55485e-05
8.3537e-05
8.72223e-05
0.000100524
0.000111705
0.000121851
0.000131605
0.000140885
0.000149893
0.000159121
0.000169042
0.000179315
0.000176172
0.000165694
0.000155786
0.000146447
0.000137253
0.000127864
0.000118165
0.000108288
9.75599e-05
8.49548e-05
8.7364e-05
0.00010106
0.000112639
0.000123341
0.000134206
0.000144973
0.000156218
0.000169042
0.000184167
0.000199395
0.00019567
0.000179752
0.00016488
0.000152207
0.000140997
0.000130295
0.000119582
0.000109214
9.81373e-05
8.51536e-05
8.60155e-05
9.99416e-05
0.000111765
0.000123016
0.000135155
0.000147662
0.00016177
0.000179315
0.000199395
0.000202668
0.000203018
0.000193467
0.00017397
0.000157031
0.000143226
0.000130993
0.000119156
0.000108287
9.70687e-05
8.38961e-05
8.46584e-05
9.84863e-05
0.000110283
0.000121611
0.000133646
0.000145852
0.000159402
0.000176172
0.00019567
0.000203018
0.000200442
0.000190431
0.000171828
0.000155619
0.000142395
0.000130547
0.000118859
0.000107864
9.64931e-05
8.31247e-05
8.57444e-05
9.90889e-05
0.000110475
0.000121163
0.000132101
0.000142796
0.000153634
0.000165694
0.000179752
0.000193466
0.000190431
0.000176466
0.000162587
0.000150664
0.00014003
0.000129602
0.00011891
0.00010848
9.73691e-05
8.43386e-05
8.4745e-05
9.77026e-05
0.000108691
0.000118778
0.000128749
0.000138206
0.0001471
0.000155786
0.000164879
0.00017397
0.000171828
0.000162587
0.000153448
0.000144792
0.000135996
0.000126656
0.00011682
0.000106906
9.61336e-05
8.34541e-05
8.26698e-05
9.50435e-05
0.000105534
0.000114986
0.000124048
0.000132443
0.00013992
0.000146447
0.000152206
0.000157031
0.000155619
0.000150664
0.000144792
0.000138129
0.000130526
0.000122081
0.000113074
0.000103778
9.3498e-05
8.14172e-05
7.97732e-05
9.1424e-05
0.00010135
0.000110174
0.000118373
0.00012581
0.000132164
0.000137253
0.000140997
0.000143226
0.000142395
0.00014003
0.000135996
0.000130526
0.000123854
0.000116278
0.000108123
9.94729e-05
8.98e-05
7.85065e-05
7.61407e-05
8.69833e-05
9.63131e-05
0.000104522
0.000111906
0.000118444
0.000123849
0.000127864
0.000130294
0.000130993
0.000130547
0.000129601
0.000126656
0.000122081
0.000116278
0.000109595
0.000102282
9.4258e-05
8.52303e-05
7.48337e-05
7.17753e-05
8.1766e-05
9.04892e-05
9.80717e-05
0.000104762
0.000110484
0.000115044
0.000118165
0.000119581
0.000119155
0.000118859
0.00011891
0.00011682
0.000113074
0.000108122
0.000102282
9.5639e-05
8.82409e-05
7.98703e-05
7.04299e-05
6.66282e-05
7.57594e-05
8.38884e-05
9.08555e-05
9.68715e-05
0.000101893
0.000105771
0.000108287
0.000109214
0.000108287
0.000107864
0.00010848
0.000106906
0.000103778
9.94728e-05
9.42579e-05
8.82409e-05
8.14583e-05
7.37411e-05
6.52722e-05
6.04845e-05
6.8773e-05
7.62987e-05
8.26319e-05
8.79648e-05
9.2298e-05
9.55484e-05
9.75597e-05
9.81372e-05
9.70685e-05
9.64929e-05
9.7369e-05
9.61334e-05
9.34979e-05
8.97999e-05
8.52302e-05
7.98703e-05
7.3741e-05
6.66949e-05
5.91679e-05
5.37755e-05
6.12162e-05
6.78378e-05
7.323e-05
7.76192e-05
8.10608e-05
8.35369e-05
8.49546e-05
8.51534e-05
8.3896e-05
8.31245e-05
8.43384e-05
8.34539e-05
8.14171e-05
7.85064e-05
7.48336e-05
7.04298e-05
6.52721e-05
5.91678e-05
5.25026e-05
)
;
    }
    fixedWalls
    {
        type            mutkWallFunction;
        Cmu             0.09;
        kappa           0.41;
        E               9.8;
        value           nonuniform List<scalar> 
800
(
1.11482e-05
1.40932e-05
1.86474e-05
3.31812e-05
4.10834e-05
4.41513e-05
4.628e-05
4.84111e-05
5.09599e-05
5.42598e-05
1.18886e-05
1.56326e-05
1.91538e-05
3.10062e-05
4.06e-05
4.49891e-05
4.87207e-05
5.2585e-05
5.6898e-05
6.22513e-05
1.2164e-05
1.62542e-05
1.94024e-05
2.83005e-05
3.96123e-05
4.56516e-05
5.13203e-05
5.68719e-05
6.26396e-05
6.93959e-05
1.23871e-05
1.68818e-05
1.98245e-05
2.5737e-05
3.82341e-05
4.6142e-05
5.3624e-05
6.05218e-05
6.74149e-05
7.51381e-05
1.26247e-05
1.7353e-05
1.99573e-05
2.37217e-05
3.66042e-05
4.64117e-05
5.54003e-05
6.33558e-05
7.12135e-05
7.97233e-05
1.27672e-05
1.75207e-05
1.99263e-05
2.2117e-05
3.4534e-05
4.60801e-05
5.63987e-05
6.52873e-05
7.40167e-05
8.32512e-05
1.27462e-05
1.74499e-05
2.02693e-05
2.18965e-05
3.1414e-05
4.46028e-05
5.64774e-05
6.62749e-05
7.57733e-05
8.57464e-05
1.26446e-05
1.72591e-05
2.03852e-05
2.15995e-05
2.67415e-05
4.18127e-05
5.56182e-05
6.62739e-05
7.63768e-05
8.71439e-05
1.25439e-05
1.68703e-05
2.04634e-05
2.18718e-05
2.2531e-05
3.80049e-05
5.39334e-05
6.52909e-05
7.57374e-05
8.72853e-05
1.22517e-05
1.64398e-05
2.04442e-05
2.22967e-05
2.23575e-05
3.39839e-05
5.18015e-05
6.36261e-05
7.4049e-05
8.5938e-05
1.16251e-05
1.5998e-05
2.01463e-05
2.21047e-05
2.27995e-05
3.12004e-05
5.02647e-05
6.25599e-05
7.29646e-05
8.45819e-05
1.12275e-05
1.5458e-05
1.97046e-05
2.15083e-05
2.23573e-05
3.16366e-05
5.09875e-05
6.36446e-05
7.43793e-05
8.56668e-05
1.12851e-05
1.50741e-05
1.91762e-05
2.06706e-05
2.20584e-05
3.46431e-05
5.22957e-05
6.40521e-05
7.4234e-05
8.46683e-05
1.13102e-05
1.50383e-05
1.86561e-05
1.96415e-05
2.38788e-05
3.81294e-05
5.28407e-05
6.34541e-05
7.29025e-05
8.25951e-05
1.1353e-05
1.52444e-05
1.84825e-05
1.82372e-05
2.79674e-05
4.08842e-05
5.27388e-05
6.21276e-05
7.07202e-05
7.9701e-05
1.1378e-05
1.56251e-05
1.87823e-05
1.88229e-05
3.23552e-05
4.2664e-05
5.20986e-05
6.02131e-05
6.78432e-05
7.60718e-05
1.12564e-05
1.57785e-05
1.90943e-05
2.1204e-05
3.58428e-05
4.3737e-05
5.10607e-05
5.77786e-05
6.43381e-05
7.17103e-05
1.09954e-05
1.54853e-05
1.88087e-05
2.47488e-05
3.83678e-05
4.43446e-05
4.96977e-05
5.48799e-05
6.0235e-05
6.65676e-05
1.05614e-05
1.46072e-05
1.75068e-05
2.87084e-05
3.99647e-05
4.44947e-05
4.80637e-05
5.15805e-05
5.55123e-05
6.0429e-05
9.57994e-06
1.20131e-05
1.47343e-05
3.14475e-05
4.07107e-05
4.40562e-05
4.6257e-05
4.83019e-05
5.06794e-05
5.37253e-05
9.57991e-06
1.2013e-05
1.47343e-05
3.14475e-05
4.07106e-05
4.40561e-05
4.62569e-05
4.83018e-05
5.06793e-05
5.37252e-05
1.02298e-05
1.3489e-05
1.64082e-05
2.83246e-05
3.96573e-05
4.42524e-05
4.80789e-05
5.19506e-05
5.60957e-05
6.11599e-05
1.04198e-05
1.39977e-05
1.76454e-05
2.44671e-05
3.79995e-05
4.40728e-05
4.99005e-05
5.56428e-05
6.13125e-05
6.77759e-05
1.04216e-05
1.42291e-05
1.79067e-05
2.13916e-05
3.59417e-05
4.38136e-05
5.16697e-05
5.88944e-05
6.57197e-05
7.31634e-05
1.03186e-05
1.42513e-05
1.77776e-05
2.04828e-05
3.37768e-05
4.36045e-05
5.32211e-05
6.15229e-05
6.93036e-05
7.75485e-05
1.01832e-05
1.42202e-05
1.78138e-05
2.08761e-05
3.1505e-05
4.32221e-05
5.42568e-05
6.33905e-05
7.20127e-05
8.0987e-05
1.00996e-05
1.41642e-05
1.78241e-05
2.05921e-05
2.91063e-05
4.23849e-05
5.45556e-05
6.43984e-05
7.37517e-05
8.34606e-05
1.00295e-05
1.39278e-05
1.76237e-05
2.00933e-05
2.64744e-05
4.07978e-05
5.39576e-05
6.44538e-05
7.43833e-05
8.4877e-05
9.91121e-06
1.35452e-05
1.73456e-05
1.9691e-05
2.33698e-05
3.78609e-05
5.23973e-05
6.35226e-05
7.38051e-05
8.50755e-05
9.61655e-06
1.30539e-05
1.69411e-05
1.95812e-05
2.12858e-05
3.37823e-05
5.01405e-05
6.18449e-05
7.21953e-05
8.38191e-05
9.11697e-06
1.25253e-05
1.63079e-05
1.92004e-05
2.03592e-05
3.01972e-05
4.83132e-05
6.06971e-05
7.13282e-05
8.30483e-05
8.63871e-06
1.20627e-05
1.57158e-05
1.86737e-05
1.95986e-05
2.97627e-05
4.87117e-05
6.16985e-05
7.27522e-05
8.4261e-05
8.61692e-06
1.1896e-05
1.54378e-05
1.82135e-05
1.86605e-05
3.17834e-05
4.9774e-05
6.20836e-05
7.26254e-05
8.33772e-05
8.9566e-06
1.21242e-05
1.55611e-05
1.82221e-05
2.04463e-05
3.45555e-05
5.02616e-05
6.15666e-05
7.13577e-05
8.13423e-05
9.46545e-06
1.25168e-05
1.59983e-05
1.84628e-05
2.34242e-05
3.72198e-05
5.01213e-05
6.02935e-05
6.92087e-05
7.84342e-05
1.00106e-05
1.30453e-05
1.6354e-05
1.79572e-05
2.70016e-05
3.92738e-05
4.95071e-05
5.83989e-05
6.63419e-05
7.47647e-05
1.05836e-05
1.36834e-05
1.68594e-05
1.79584e-05
3.07807e-05
4.07288e-05
4.86151e-05
5.60044e-05
6.28507e-05
7.03647e-05
1.11292e-05
1.42182e-05
1.73978e-05
1.93525e-05
3.41664e-05
4.17771e-05
4.75682e-05
5.32199e-05
5.87921e-05
6.52115e-05
1.14598e-05
1.45036e-05
1.75177e-05
2.22205e-05
3.66423e-05
4.23883e-05
4.63754e-05
5.01438e-05
5.41665e-05
5.91124e-05
1.1099e-05
1.32358e-05
1.54803e-05
2.55632e-05
3.81267e-05
4.2466e-05
4.49902e-05
4.71028e-05
4.94694e-05
5.24527e-05
1.11482e-05
1.40932e-05
1.86474e-05
3.31812e-05
4.10834e-05
4.41513e-05
4.628e-05
4.84111e-05
5.09599e-05
5.42598e-05
1.18886e-05
1.56326e-05
1.91538e-05
3.10062e-05
4.06e-05
4.49891e-05
4.87207e-05
5.2585e-05
5.68979e-05
6.22512e-05
1.2164e-05
1.62541e-05
1.94024e-05
2.83006e-05
3.96124e-05
4.56516e-05
5.13203e-05
5.68718e-05
6.26395e-05
6.93958e-05
1.23871e-05
1.68818e-05
1.98245e-05
2.5737e-05
3.82341e-05
4.6142e-05
5.3624e-05
6.05217e-05
6.74148e-05
7.51381e-05
1.26247e-05
1.7353e-05
1.99574e-05
2.37217e-05
3.66042e-05
4.64117e-05
5.54003e-05
6.33558e-05
7.12134e-05
7.97233e-05
1.27672e-05
1.75206e-05
1.99263e-05
2.2117e-05
3.45341e-05
4.60801e-05
5.63987e-05
6.52872e-05
7.40166e-05
8.32511e-05
1.27462e-05
1.74499e-05
2.02693e-05
2.18965e-05
3.14141e-05
4.46028e-05
5.64774e-05
6.62749e-05
7.57732e-05
8.57463e-05
1.26446e-05
1.72591e-05
2.03852e-05
2.15995e-05
2.67415e-05
4.18127e-05
5.56181e-05
6.62739e-05
7.63767e-05
8.71438e-05
1.25439e-05
1.68703e-05
2.04634e-05
2.18717e-05
2.25311e-05
3.8005e-05
5.39334e-05
6.52908e-05
7.57373e-05
8.72852e-05
1.22517e-05
1.64398e-05
2.04442e-05
2.22967e-05
2.23575e-05
3.3984e-05
5.18015e-05
6.3626e-05
7.40489e-05
8.59379e-05
1.16251e-05
1.5998e-05
2.01463e-05
2.21047e-05
2.27995e-05
3.12006e-05
5.02648e-05
6.25598e-05
7.29645e-05
8.45818e-05
1.12275e-05
1.5458e-05
1.97046e-05
2.15083e-05
2.23573e-05
3.16368e-05
5.09876e-05
6.36445e-05
7.43792e-05
8.56667e-05
1.1285e-05
1.50741e-05
1.91762e-05
2.06705e-05
2.20585e-05
3.46433e-05
5.22957e-05
6.40521e-05
7.42339e-05
8.46682e-05
1.13102e-05
1.50383e-05
1.86561e-05
1.96414e-05
2.38789e-05
3.81294e-05
5.28407e-05
6.3454e-05
7.29024e-05
8.2595e-05
1.1353e-05
1.52444e-05
1.84825e-05
1.82372e-05
2.79675e-05
4.08842e-05
5.27388e-05
6.21275e-05
7.07201e-05
7.97009e-05
1.1378e-05
1.56251e-05
1.87822e-05
1.8823e-05
3.23553e-05
4.2664e-05
5.20985e-05
6.0213e-05
6.78431e-05
7.60717e-05
1.12564e-05
1.57784e-05
1.90943e-05
2.1204e-05
3.58428e-05
4.3737e-05
5.10606e-05
5.77785e-05
6.43379e-05
7.17101e-05
1.09953e-05
1.54852e-05
1.88086e-05
2.47489e-05
3.83678e-05
4.43445e-05
4.96976e-05
5.48798e-05
6.02349e-05
6.65674e-05
1.05613e-05
1.46072e-05
1.75067e-05
2.87085e-05
3.99646e-05
4.44947e-05
4.80636e-05
5.15804e-05
5.55121e-05
6.04289e-05
9.57991e-06
1.2013e-05
1.47343e-05
3.14475e-05
4.07106e-05
4.40561e-05
4.62569e-05
4.83018e-05
5.06793e-05
5.37252e-05
9.57994e-06
1.20131e-05
1.47343e-05
3.14475e-05
4.07107e-05
4.40562e-05
4.6257e-05
4.83019e-05
5.06794e-05
5.37253e-05
1.02299e-05
1.34891e-05
1.64083e-05
2.83245e-05
3.96574e-05
4.42525e-05
4.8079e-05
5.19507e-05
5.60959e-05
6.11601e-05
1.04199e-05
1.39978e-05
1.76455e-05
2.44671e-05
3.79995e-05
4.40729e-05
4.99006e-05
5.56429e-05
6.13127e-05
6.7776e-05
1.04217e-05
1.42291e-05
1.79068e-05
2.13916e-05
3.59417e-05
4.38137e-05
5.16698e-05
5.88946e-05
6.57198e-05
7.31635e-05
1.03187e-05
1.42514e-05
1.77777e-05
2.04828e-05
3.37768e-05
4.36046e-05
5.32212e-05
6.1523e-05
6.93037e-05
7.75487e-05
1.01833e-05
1.42202e-05
1.78139e-05
2.08762e-05
3.1505e-05
4.32222e-05
5.42569e-05
6.33907e-05
7.20128e-05
8.09872e-05
1.00996e-05
1.41643e-05
1.78242e-05
2.05922e-05
2.91063e-05
4.23849e-05
5.45557e-05
6.43985e-05
7.37519e-05
8.34608e-05
1.00296e-05
1.39278e-05
1.76238e-05
2.00934e-05
2.64744e-05
4.07979e-05
5.39577e-05
6.44539e-05
7.43834e-05
8.48771e-05
9.91126e-06
1.35453e-05
1.73457e-05
1.96911e-05
2.33698e-05
3.7861e-05
5.23974e-05
6.35227e-05
7.38052e-05
8.50757e-05
9.61659e-06
1.3054e-05
1.69411e-05
1.95812e-05
2.12859e-05
3.37824e-05
5.01406e-05
6.1845e-05
7.21954e-05
8.38192e-05
9.117e-06
1.25253e-05
1.63079e-05
1.92005e-05
2.03592e-05
3.01973e-05
4.83133e-05
6.06973e-05
7.13284e-05
8.30485e-05
8.63871e-06
1.20627e-05
1.57158e-05
1.86737e-05
1.95986e-05
2.97628e-05
4.87119e-05
6.16987e-05
7.27524e-05
8.42612e-05
8.61689e-06
1.18959e-05
1.54378e-05
1.82135e-05
1.86605e-05
3.17835e-05
4.97741e-05
6.20838e-05
7.26256e-05
8.33774e-05
8.95656e-06
1.21242e-05
1.55611e-05
1.82221e-05
2.04462e-05
3.45555e-05
5.02617e-05
6.15668e-05
7.13578e-05
8.13424e-05
9.46542e-06
1.25167e-05
1.59982e-05
1.84627e-05
2.34241e-05
3.72198e-05
5.01214e-05
6.02936e-05
6.92089e-05
7.84343e-05
1.00106e-05
1.30453e-05
1.63539e-05
1.79572e-05
2.70015e-05
3.92738e-05
4.95072e-05
5.8399e-05
6.6342e-05
7.47648e-05
1.05835e-05
1.36834e-05
1.68594e-05
1.79583e-05
3.07807e-05
4.07288e-05
4.86151e-05
5.60045e-05
6.28508e-05
7.03648e-05
1.11292e-05
1.42182e-05
1.73978e-05
1.93525e-05
3.41663e-05
4.17771e-05
4.75682e-05
5.322e-05
5.87922e-05
6.52116e-05
1.14598e-05
1.45036e-05
1.75177e-05
2.22204e-05
3.66423e-05
4.23883e-05
4.63754e-05
5.01438e-05
5.41665e-05
5.91125e-05
1.1099e-05
1.32358e-05
1.54803e-05
2.55632e-05
3.81267e-05
4.2466e-05
4.49902e-05
4.71028e-05
4.94694e-05
5.24527e-05
)
;
    }
}


// ************************************************************************* //
