/*--------------------------------*- C++ -*----------------------------------*\
| =========                 |                                                 |
| \\      /  F ield         | OpenFOAM: The Open Source CFD Toolbox           |
|  \\    /   O peration     | Version:  1.7.1                                 |
|   \\  /    A nd           | Web:      www.OpenFOAM.com                      |
|    \\/     M anipulation  |                                                 |
\*---------------------------------------------------------------------------*/
FoamFile
{
    version     2.0;
    format      ascii;
    class       volScalarField;
    location    "1000";
    object      p_rgh;
}
// * * * * * * * * * * * * * * * * * * * * * * * * * * * * * * * * * * * * * //

dimensions      [1 -1 -2 0 0 0 0];

internalField   nonuniform List<scalar> 
4000
(
100113
100113
100113
100113
100113
100113
100113
100113
100113
100113
100113
100113
100113
100113
100113
100113
100113
100113
100113
100113
100113
100113
100113
100113
100113
100113
100113
100113
100113
100113
100113
100113
100113
100113
100113
100113
100113
100113
100113
100113
100113
100113
100113
100113
100113
100113
100113
100113
100113
100113
100113
100113
100113
100113
100113
100113
100113
100113
100113
100113
100113
100113
100113
100113
100113
100113
100113
100113
100113
100113
100113
100113
100113
100113
100113
100113
100113
100113
100113
100113
100113
100113
100113
100113
100113
100113
100113
100113
100113
100113
100113
100113
100113
100113
100113
100113
100113
100113
100113
100113
100113
100113
100113
100113
100113
100113
100113
100113
100113
100113
100113
100113
100113
100113
100113
100113
100113
100113
100113
100113
100113
100113
100113
100113
100113
100113
100113
100113
100113
100113
100113
100113
100113
100113
100113
100113
100113
100113
100113
100113
100113
100113
100113
100113
100113
100113
100113
100113
100113
100113
100113
100113
100113
100113
100113
100113
100113
100113
100113
100113
100113
100113
100113
100113
100113
100113
100113
100113
100113
100113
100113
100113
100113
100113
100113
100113
100113
100113
100113
100113
100113
100113
100113
100113
100113
100113
100113
100113
100113
100113
100113
100113
100113
100113
100113
100113
100113
100113
100113
100113
100113
100113
100113
100113
100113
100113
100113
100113
100113
100113
100113
100113
100113
100113
100113
100113
100113
100113
100113
100113
100113
100113
100113
100113
100113
100113
100113
100113
100113
100113
100113
100113
100113
100113
100113
100113
100113
100113
100113
100113
100113
100113
100113
100113
100113
100113
100113
100113
100113
100113
100113
100113
100113
100113
100113
100113
100113
100113
100113
100113
100113
100113
100113
100113
100113
100113
100113
100113
100113
100113
100113
100113
100113
100113
100113
100113
100113
100113
100113
100113
100113
100113
100113
100113
100113
100113
100113
100113
100113
100113
100113
100113
100113
100113
100113
100113
100113
100113
100113
100113
100113
100113
100113
100113
100113
100113
100113
100113
100113
100113
100113
100113
100113
100113
100113
100113
100113
100113
100113
100113
100113
100113
100113
100113
100113
100113
100113
100113
100113
100113
100113
100113
100113
100113
100113
100113
100113
100113
100113
100113
100113
100113
100113
100113
100113
100113
100113
100113
100113
100113
100113
100113
100113
100113
100113
100113
100113
100113
100113
100113
100113
100113
100113
100113
100113
100113
100113
100113
100113
100113
100113
100113
100113
100113
100113
100113
100113
100113
100113
100113
100113
100113
100113
100113
100113
100113
100113
100113
100113
100113
100113
100113
100113
100113
100113
100113
100113
100113
100113
100113
100113
100113
100113
100113
100113
100113
100113
100113
100113
100113
100113
100113
100113
100113
100113
100113
100113
100113
100113
100113
100113
100113
100113
100113
100113
100113
100113
100113
100113
100113
100113
100113
100113
100113
100113
100113
100113
100113
100113
100113
100113
100113
100113
100113
100113
100113
100113
100113
100113
100113
100113
100113
100113
100113
100113
100113
100113
100113
100113
100113
100113
100113
100113
100113
100113
100113
100113
100113
100113
100113
100113
100113
100113
100113
100113
100113
100113
100113
100113
100113
100113
100113
100113
100113
100113
100113
100113
100113
100113
100113
100113
100113
100113
100113
100113
100113
100113
100113
100113
100113
100113
100113
100113
100113
100113
100113
100113
100113
100113
100113
100113
100113
100113
100113
100113
100113
100113
100113
100113
100113
100113
100113
100113
100113
100113
100113
100113
100113
100113
100113
100113
100113
100113
100113
100113
100113
100113
100113
100113
100113
100113
100113
100113
100113
100113
100113
100113
100113
100113
100113
100113
100113
100113
100113
100113
100113
100113
100113
100113
100113
100113
100113
100113
100113
100113
100113
100113
100113
100113
100113
100113
100113
100113
100113
100113
100113
100113
100113
100113
100113
100113
100113
100113
100113
100113
100113
100113
100113
100113
100113
100113
100113
100113
100113
100113
100113
100113
100113
100113
100113
100113
100113
100113
100113
100113
100113
100113
100113
100113
100113
100113
100113
100113
100113
100113
100113
100113
100113
100113
100113
100113
100113
100113
100113
100113
100113
100113
100113
100113
100113
100113
100113
100113
100113
100113
100113
100113
100113
100113
100113
100113
100113
100113
100113
100113
100113
100113
100113
100113
100113
100113
100113
100113
100113
100113
100113
100113
100113
100113
100113
100113
100113
100113
100113
100113
100113
100113
100113
100113
100113
100113
100113
100113
100113
100113
100113
100113
100113
100113
100113
100113
100113
100113
100113
100113
100113
100113
100113
100113
100113
100113
100113
100113
100113
100113
100113
100113
100113
100113
100113
100113
100113
100113
100113
100113
100113
100113
100113
100113
100113
100113
100113
100113
100113
100113
100113
100113
100113
100113
100113
100113
100113
100113
100113
100113
100113
100113
100113
100113
100113
100113
100113
100113
100113
100113
100113
100113
100113
100113
100113
100113
100113
100113
100113
100113
100113
100113
100113
100113
100113
100113
100113
100113
100113
100113
100113
100113
100113
100113
100113
100113
100113
100113
100113
100113
100113
100113
100113
100113
100113
100113
100113
100113
100113
100113
100113
100113
100113
100113
100113
100113
100113
100113
100113
100113
100113
100113
100113
100113
100113
100113
100113
100113
100113
100113
100113
100113
100113
100113
100113
100113
100113
100113
100113
100113
100113
100113
100113
100113
100113
100113
100113
100113
100113
100113
100113
100113
100113
100113
100113
100113
100113
100113
100113
100113
100113
100113
100113
100113
100113
100113
100113
100113
100113
100113
100113
100113
100113
100113
100113
100113
100113
100113
100113
100113
100113
100113
100113
100113
100113
100113
100113
100113
100113
100113
100113
100113
100113
100113
100113
100113
100113
100113
100113
100113
100113
100113
100113
100113
100113
100113
100113
100113
100113
100113
100113
100113
100113
100113
100113
100113
100113
100113
100113
100113
100113
100113
100113
100113
100113
100113
100113
100113
100113
100113
100113
100113
100113
100113
100113
100113
100113
100113
100113
100113
100113
100113
100113
100113
100113
100113
100113
100113
100113
100113
100113
100113
100113
100113
100113
100113
100113
100113
100113
100113
100113
100113
100113
100113
100113
100113
100113
100113
100113
100113
100113
100113
100113
100113
100113
100113
100113
100113
100113
100113
100113
100113
100113
100113
100113
100113
100113
100113
100113
100113
100113
100113
100113
100113
100113
100113
100113
100113
100113
100113
100113
100113
100113
100113
100113
100113
100113
100113
100113
100113
100113
100113
100113
100113
100113
100113
100113
100113
100113
100113
100113
100113
100113
100113
100113
100113
100113
100113
100113
100113
100113
100113
100113
100113
100113
100113
100113
100113
100113
100113
100113
100113
100113
100113
100113
100113
100113
100113
100113
100113
100113
100113
100113
100113
100113
100113
100113
100113
100113
100113
100113
100113
100113
100113
100113
100113
100113
100113
100113
100113
100113
100113
100113
100113
100113
100113
100113
100113
100113
100113
100113
100113
100113
100113
100113
100113
100113
100113
100113
100113
100113
100113
100113
100113
100113
100113
100113
100113
100113
100113
100113
100113
100113
100113
100113
100113
100113
100113
100113
100113
100113
100113
100113
100113
100113
100113
100113
100113
100113
100113
100113
100113
100113
100113
100113
100113
100113
100113
100113
100113
100113
100113
100113
100113
100113
100113
100113
100113
100113
100113
100113
100113
100113
100113
100113
100113
100113
100113
100113
100113
100113
100113
100113
100113
100113
100113
100113
100113
100113
100113
100113
100113
100113
100113
100113
100113
100113
100113
100113
100113
100113
100113
100113
100113
100113
100113
100113
100113
100113
100113
100113
100113
100113
100113
100113
100113
100113
100113
100113
100113
100113
100113
100113
100113
100113
100113
100113
100113
100113
100113
100113
100113
100113
100113
100113
100113
100113
100113
100113
100113
100113
100113
100113
100113
100113
100113
100113
100113
100113
100113
100113
100113
100113
100113
100113
100113
100113
100113
100113
100113
100113
100113
100113
100113
100113
100113
100113
100113
100113
100113
100113
100113
100113
100113
100113
100113
100113
100113
100113
100113
100113
100113
100113
100113
100113
100113
100113
100113
100113
100113
100113
100113
100113
100113
100113
100113
100113
100113
100113
100113
100113
100113
100113
100113
100113
100113
100113
100113
100113
100113
100113
100113
100113
100113
100113
100113
100113
100113
100113
100113
100113
100113
100113
100113
100113
100113
100113
100113
100113
100113
100113
100113
100113
100113
100113
100113
100113
100113
100113
100113
100113
100113
100113
100113
100113
100113
100113
100113
100113
100113
100113
100113
100113
100113
100113
100113
100113
100113
100113
100113
100113
100113
100113
100113
100113
100113
100113
100113
100113
100113
100113
100113
100113
100113
100113
100113
100113
100113
100113
100113
100113
100113
100113
100113
100113
100113
100113
100113
100113
100113
100113
100113
100113
100113
100113
100113
100113
100113
100113
100113
100113
100113
100113
100113
100113
100113
100113
100113
100113
100113
100113
100113
100113
100113
100113
100113
100113
100113
100113
100113
100113
100113
100113
100113
100113
100113
100113
100113
100113
100113
100113
100113
100113
100113
100113
100113
100113
100113
100113
100113
100113
100113
100113
100113
100113
100113
100113
100113
100113
100113
100113
100113
100113
100113
100113
100113
100113
100113
100113
100113
100113
100113
100113
100113
100113
100113
100113
100113
100113
100113
100113
100113
100113
100113
100113
100113
100113
100113
100113
100113
100113
100113
100113
100113
100113
100113
100113
100113
100113
100113
100113
100113
100113
100113
100113
100113
100113
100113
100113
100113
100113
100113
100113
100113
100113
100113
100113
100113
100113
100113
100113
100113
100113
100113
100113
100113
100113
100113
100113
100113
100113
100113
100113
100113
100113
100113
100113
100113
100113
100113
100113
100113
100113
100113
100113
100113
100113
100113
100113
100113
100113
100113
100113
100113
100113
100113
100113
100113
100113
100113
100113
100113
100113
100113
100113
100113
100113
100113
100113
100113
100113
100113
100113
100113
100113
100113
100113
100113
100113
100113
100113
100113
100113
100113
100113
100113
100113
100113
100113
100113
100113
100113
100113
100113
100113
100113
100113
100113
100113
100113
100113
100113
100113
100113
100113
100113
100113
100113
100113
100113
100113
100113
100113
100113
100113
100113
100113
100113
100113
100113
100113
100113
100113
100113
100113
100113
100113
100113
100113
100113
100113
100113
100113
100113
100113
100113
100113
100113
100113
100113
100113
100113
100113
100113
100113
100113
100113
100113
100113
100113
100113
100113
100113
100113
100113
100113
100113
100113
100113
100113
100113
100113
100113
100113
100113
100113
100113
100113
100113
100113
100113
100113
100113
100113
100113
100113
100113
100113
100113
100113
100113
100113
100113
100113
100113
100113
100113
100113
100113
100113
100113
100113
100113
100113
100113
100113
100113
100113
100113
100113
100113
100113
100113
100113
100113
100113
100113
100113
100113
100113
100113
100113
100113
100113
100113
100113
100113
100113
100113
100113
100113
100113
100113
100113
100113
100113
100113
100113
100113
100113
100113
100113
100113
100113
100113
100113
100113
100113
100113
100113
100113
100113
100113
100113
100113
100113
100113
100113
100113
100113
100113
100113
100113
100113
100113
100113
100113
100113
100113
100113
100113
100113
100113
100113
100113
100113
100113
100113
100113
100113
100113
100113
100113
100113
100113
100113
100113
100113
100113
100113
100113
100113
100113
100113
100113
100113
100113
100113
100113
100113
100113
100113
100113
100113
100113
100113
100113
100113
100113
100113
100113
100113
100113
100113
100113
100113
100113
100113
100113
100113
100113
100113
100113
100113
100113
100113
100113
100113
100113
100113
100113
100113
100113
100113
100113
100113
100113
100113
100113
100113
100113
100113
100113
100113
100113
100113
100113
100113
100113
100113
100113
100113
100113
100113
100113
100113
100113
100113
100113
100113
100113
100113
100113
100113
100113
100113
100113
100113
100113
100113
100113
100113
100113
100113
100113
100113
100113
100113
100113
100113
100113
100113
100113
100113
100113
100113
100113
100113
100113
100113
100113
100113
100113
100113
100113
100113
100113
100113
100113
100113
100113
100113
100113
100113
100113
100113
100113
100113
100113
100113
100113
100113
100113
100113
100113
100113
100113
100113
100113
100113
100113
100113
100113
100113
100113
100113
100113
100113
100113
100113
100113
100113
100113
100113
100113
100113
100113
100113
100113
100113
100113
100113
100113
100113
100113
100113
100113
100113
100113
100113
100113
100113
100113
100113
100113
100113
100113
100113
100113
100113
100113
100113
100113
100113
100113
100113
100113
100113
100113
100113
100113
100113
100113
100113
100113
100113
100113
100113
100113
100113
100113
100113
100113
100113
100113
100113
100113
100113
100113
100113
100113
100113
100113
100113
100113
100113
100113
100113
100113
100113
100113
100113
100113
100113
100113
100113
100113
100113
100113
100113
100113
100113
100113
100113
100113
100113
100113
100113
100113
100113
100113
100113
100113
100113
100113
100113
100113
100113
100113
100113
100113
100113
100113
100113
100113
100113
100113
100113
100113
100113
100113
100113
100113
100113
100113
100113
100113
100113
100113
100113
100113
100113
100113
100113
100113
100113
100113
100113
100113
100113
100113
100113
100113
100113
100113
100113
100113
100113
100113
100113
100113
100113
100113
100113
100113
100113
100113
100113
100113
100113
100113
100113
100113
100113
100113
100113
100113
100113
100113
100113
100113
100113
100113
100113
100113
100113
100113
100113
100113
100113
100113
100113
100113
100113
100113
100113
100113
100113
100113
100113
100113
100113
100113
100113
100113
100113
100113
100113
100113
100113
100113
100113
100113
100113
100113
100113
100113
100113
100113
100113
100113
100113
100113
100113
100113
100113
100113
100113
100113
100113
100113
100113
100113
100113
100113
100113
100113
100113
100113
100113
100113
100113
100113
100113
100113
100113
100113
100113
100113
100113
100113
100113
100113
100113
100113
100113
100113
100113
100113
100113
100113
100113
100113
100113
100113
100113
100113
100113
100113
100113
100113
100113
100113
100113
100113
100113
100113
100113
100113
100113
100113
100113
100113
100113
100113
100113
100113
100113
100113
100113
100113
100113
100113
100113
100113
100113
100113
100113
100113
100113
100113
100113
100113
100113
100113
100113
100113
100113
100113
100113
100113
100113
100113
100113
100113
100113
100113
100113
100113
100113
100113
100113
100113
100113
100113
100113
100113
100113
100113
100113
100113
100113
100113
100113
100113
100113
100113
100113
100113
100113
100113
100113
100113
100113
100113
100113
100113
100113
100113
100113
100113
100113
100113
100113
100113
100113
100113
100113
100113
100113
100113
100113
100113
100113
100113
100113
100113
100113
100113
100113
100113
100113
100113
100113
100113
100113
100113
100113
100113
100113
100113
100113
100113
100113
100113
100113
100113
100113
100113
100113
100113
100113
100113
100113
100113
100113
100113
100113
100113
100113
100113
100113
100113
100113
100113
100113
100113
100113
100113
100113
100113
100113
100113
100113
100113
100113
100113
100113
100113
100113
100113
100113
100113
100113
100113
100113
100113
100113
100113
100113
100113
100113
100113
100113
100113
100113
100113
100113
100113
100113
100113
100113
100113
100113
100113
100113
100113
100113
100113
100113
100113
100113
100113
100113
100113
100113
100113
100113
100113
100113
100113
100113
100113
100113
100113
100113
100113
100113
100113
100113
100113
100113
100113
100113
100113
100113
100113
100113
100113
100113
100113
100113
100113
100113
100113
100113
100113
100113
100113
100113
100113
100113
100113
100113
100113
100113
100113
100113
100113
100113
100113
100113
100113
100113
100113
100113
100113
100113
100113
100113
100113
100113
100113
100113
100113
100113
100113
100113
100113
100113
100113
100113
100113
100113
100113
100113
100113
100113
100113
100113
100113
100113
100113
100113
100113
100113
100113
100113
100113
100113
100113
100113
100113
100113
100113
100113
100113
100113
100113
100113
100113
100113
100113
100113
100113
100113
100113
100113
100113
100113
100113
100113
100113
100113
100113
100113
100113
100113
100113
100113
100113
100113
100113
100113
100113
100113
100113
100113
100113
100113
100113
100113
100113
100113
100113
100113
100113
100113
100113
100113
100113
100113
100113
100113
100113
100113
100113
100113
100113
100113
100113
100113
100113
100113
100113
100113
100113
100113
100113
100113
100113
100113
100113
100113
100113
100113
100113
100113
100113
100113
100113
100113
100113
100113
100113
100113
100113
100113
100113
100113
100113
100113
100113
100113
100113
100113
100113
100113
100113
100113
100113
100113
100113
100113
100113
100113
100113
100113
100113
100113
100113
100113
100113
100113
100113
100113
100113
100113
100113
100113
100113
100113
100113
100113
100113
100113
100113
100113
100113
100113
100113
100113
100113
100113
100113
100113
100113
100113
100113
100113
100113
100113
100113
100113
100113
100113
100113
100113
100113
100113
100113
100113
100113
100113
100113
100113
100113
100113
100113
100113
100113
100113
100113
100113
100113
100113
100113
100113
100113
100113
100113
100113
100113
100113
100113
100113
100113
100113
100113
100113
100113
100113
100113
100113
100113
100113
100113
100113
100113
100113
100113
100113
100113
100113
100113
100113
100113
100113
100113
100113
100113
100113
100113
100113
100113
100113
100113
100113
100113
100113
100113
100113
100113
100113
100113
100113
100113
100113
100113
100113
100113
100113
100113
100113
100113
100113
100113
100113
100113
100113
100113
100113
100113
100113
100113
100113
100113
100113
100113
100113
100113
100113
100113
100113
100113
100113
100113
100113
100113
100113
100113
100113
100113
100113
100113
100113
100113
100113
100113
100113
100113
100113
100113
100113
100113
100113
100113
100113
100113
100113
100113
100113
100113
100113
100113
100113
100113
100113
100113
100113
100113
100113
100113
100113
100113
100113
100113
100113
100113
100113
100113
100113
100113
100113
100113
100113
100113
100113
100113
100113
100113
100113
100113
100113
100113
100113
100113
100113
100113
100113
100113
100113
100113
100113
100113
100113
100113
100113
100113
100113
100113
100113
100113
100113
100113
100113
100113
100113
100113
100113
100113
100113
100113
100113
100113
100113
100113
100113
100113
100113
100113
100113
100113
100113
100113
100113
100113
100113
100113
100113
100113
100113
100113
100113
100113
100113
100113
100113
100113
100113
100113
100113
100113
100113
100113
100113
100113
100113
100113
100113
100113
100113
100113
100113
100113
100113
100113
100113
100113
100113
100113
100113
100113
100113
100113
100113
100113
100113
100113
100113
100113
100113
100113
100113
100113
100113
100113
100113
100113
100113
100113
100113
100113
100113
100113
100113
100113
100113
100113
100113
100113
100113
100113
100113
100113
100113
100113
100113
100113
100113
100113
100113
100113
100113
100113
100113
100113
100113
100113
100113
100113
100113
100113
100113
100113
100113
100113
100113
100113
100113
100113
100113
100113
100113
100113
100113
100113
100113
100113
100113
100113
100113
100113
100113
100113
100113
100113
100113
100113
100113
100113
100113
100113
100113
100113
100113
100113
100113
100113
100113
100113
100113
100113
100113
100113
100113
100113
100113
100113
100113
100113
100113
100113
100113
100113
100113
100113
100113
100113
100113
100113
100113
100113
100113
100113
100113
100113
100113
100113
100113
100113
100113
100113
100113
100113
100113
100113
100113
100113
100113
100113
100113
100113
100113
100113
100113
100113
100113
100113
100113
100113
100113
100113
100113
100113
100113
100113
100113
100113
100113
100113
100113
100113
100113
100113
100113
100113
100113
100113
100113
100113
100113
100113
100113
100113
100113
100113
100113
100113
100113
100113
100113
100113
100113
100113
100113
100113
100113
100113
100113
100113
100113
100113
100113
100113
100113
100113
100113
100113
100113
100113
100113
100113
100113
100113
100113
100113
100113
100113
100113
100113
100113
100113
100113
100113
100113
100113
100113
100113
100113
100113
100113
100113
100113
100113
100113
100113
100113
100113
100113
100113
100113
100113
100113
100113
100113
100113
100113
100113
100113
100113
100113
100113
100113
100113
100113
100113
100113
100113
100113
100113
100113
100113
100113
100113
100113
100113
100113
100113
100113
100113
100113
100113
100113
100113
100113
100113
100113
100113
100113
100113
100113
100113
100113
100113
100113
100113
100113
100113
100113
100113
100113
100113
100113
100113
100113
100113
100113
100113
100113
100113
100113
100113
100113
100113
100113
100113
100113
100113
100113
100113
100113
100113
100113
100113
100113
100113
100113
100113
100113
100113
100113
100113
100113
100113
100113
100113
100113
100113
100113
100113
100113
100113
100113
100113
100113
100113
100113
100113
100113
100113
100113
100113
100113
100113
100113
100113
100113
100113
100113
100113
100113
100113
100113
100113
100113
100113
100113
100113
100113
100113
100113
100113
100113
100113
100113
100113
100113
100113
100113
100113
100113
100113
100113
100113
100113
100113
100113
100113
100113
100113
100113
100113
100113
100113
100113
100113
100113
100113
100113
100113
100113
100113
100113
100113
100113
100113
100113
100113
100113
100113
100113
100113
100113
100113
100113
100113
100113
100113
100113
100113
100113
100113
100113
100113
100113
100113
100113
100113
100113
100113
100113
100113
100113
100113
100113
100113
100113
100113
100113
100113
100113
100113
100113
100113
100113
100113
100113
100113
100113
100113
100113
100113
100113
100113
100113
100113
100113
100113
100113
100113
100113
100113
100113
100113
100113
100113
100113
100113
100113
100113
100113
100113
100113
100113
100113
100113
100113
100113
100113
100113
100113
100113
100113
100113
100113
100113
100113
100113
100113
100113
100113
100113
100113
100113
100113
100113
100113
100113
100113
100113
100113
100113
100113
100113
100113
100113
100113
100113
100113
100113
100113
100113
100113
100113
100113
100113
100113
100113
100113
100113
100113
100113
100113
100113
100113
100113
100113
100113
100113
100113
100113
100113
100113
100113
100113
100113
100113
100113
100113
100113
100113
100113
100113
100113
100113
100113
100113
100113
100113
100113
100113
100113
100113
100113
100113
100113
100113
100113
100113
100113
100113
100113
100113
100113
100113
100113
100113
100113
100113
100113
100113
100113
100113
100113
100113
100113
100113
100113
100113
100113
100113
100113
100113
100113
100113
100113
100113
100113
100113
100113
100113
100113
100113
100113
100113
100113
100113
100113
100113
100113
100113
100113
100113
100113
100113
100113
100113
100113
100113
100113
100113
100113
100113
100113
100113
100113
100113
100113
100113
100113
100113
100113
100113
100113
100113
100113
100113
100113
100113
100113
100113
100113
100113
100113
100113
100113
100113
100113
100113
100113
100113
100113
100113
100113
100113
100113
100113
100113
100113
100113
100113
100113
100113
100113
100113
100113
100113
100113
100113
100113
100113
100113
100113
100113
100113
100113
100113
100113
100113
100113
100113
100113
100113
100113
100113
100113
100113
100113
100113
100113
100113
100113
100113
100113
100113
100113
100113
100113
100113
100113
100113
100113
100113
100113
100113
100113
100113
100113
100113
100113
100113
100113
100113
100113
100113
100113
100113
100113
100113
100113
100113
100113
100113
100113
100113
100113
100113
100113
100113
100113
100113
100113
100113
100113
100113
100113
100113
100113
100113
100113
100113
100113
100113
100113
100113
100113
100113
100113
100113
100113
100113
100113
100113
100113
100113
100113
100113
100113
100113
100113
100113
100113
100113
100113
100113
100113
100113
100113
100113
100113
100113
100113
100113
100113
100113
100113
100113
100113
100113
100113
100113
100113
100113
100113
100113
100113
100113
100113
100113
100113
100113
100113
100113
100113
100113
100113
100113
100113
100113
100113
100113
100113
100113
100113
100113
100113
100113
100113
100113
100113
100113
100113
100113
100113
100113
100113
100113
100113
100113
100113
100113
100113
100113
100113
100113
100113
100113
100113
100113
100113
100113
100113
100113
100113
100113
100113
100113
100113
100113
100113
100113
100113
100113
100113
100113
100113
100113
100113
100113
100113
100113
100113
100113
100113
100113
100113
100113
100113
100113
100113
100113
100113
100113
100113
100113
100113
100113
100113
100113
100113
100113
100113
100113
100113
100113
100113
100113
100113
100113
100113
100113
100113
100113
100113
100113
100113
100113
100113
100113
100113
100113
100113
100113
100113
100113
100113
100113
100113
100113
100113
100113
100113
100113
100113
100113
100113
100113
100113
100113
100113
100113
100113
100113
100113
100113
100113
100113
100113
100113
100113
100113
100113
100113
100113
100113
100113
100113
100113
100113
100113
100113
100113
100113
100113
100113
100113
100113
100113
100113
100113
100113
100113
100113
100113
100113
100113
100113
100113
100113
100113
100113
100113
100113
100113
100113
100113
100113
100113
100113
100113
100113
100113
100113
100113
100113
100113
100113
100113
100113
100113
100113
100113
100113
100113
100113
100113
100113
100113
100113
100113
100113
100113
100113
100113
100113
100113
100113
100113
100113
100113
100113
100113
100113
100113
100113
100113
100113
100113
100113
100113
100113
100113
100113
100113
100113
100113
100113
100113
100113
100113
100113
100113
100113
100113
100113
100113
100113
100113
100113
100113
100113
100113
100113
100113
100113
100113
100113
100113
100113
100113
100113
100113
100113
100113
100113
100113
100113
100113
100113
100113
100113
100113
100113
100113
100113
100113
100113
100113
100113
100113
100113
100113
100113
100113
100113
100113
100113
100113
100113
100113
100113
100113
100113
100113
100113
100113
100113
100113
100113
100113
100113
100113
100113
100113
100113
100113
100113
100113
100113
100113
100113
100113
100113
100113
100113
100113
100113
100113
100113
100113
100113
100113
100113
100113
100113
100113
100113
100113
100113
100113
100113
100113
100113
100113
100113
100113
100113
100113
100113
100113
100113
100113
100113
100113
100113
100113
100113
100113
100113
100113
100113
100113
100113
100113
100113
100113
100113
100113
100113
100113
100113
100113
100113
100113
100113
100113
100113
100113
100113
100113
100113
100113
100113
100113
100113
100113
100113
100113
100113
100113
100113
100113
100113
100113
100113
100113
100113
100113
100113
100113
100113
100113
100113
100113
100113
100113
100113
100113
100113
100113
100113
100113
100113
100113
100113
100113
100113
100113
100113
100113
100113
100113
100113
100113
100113
100113
100113
100113
100113
100113
100113
100113
100113
100113
100113
100113
100113
100113
100113
100113
100113
100113
100113
100113
100113
100113
100113
100113
100113
100113
100113
100113
100113
100113
100113
100113
100113
100113
100113
100113
100113
100113
100113
100113
100113
100113
100113
100113
100113
100113
100113
100113
100113
100113
100113
100113
100113
100113
100113
100113
100113
100113
100113
100113
100113
100113
100113
100113
100113
100113
100113
100113
100113
100113
100113
100113
100113
100113
100113
100113
100113
100113
100113
100113
100113
100113
100113
100113
100113
100113
100113
100113
100113
100113
100113
100113
100113
100113
100113
100113
100113
100113
100113
100113
100113
100113
100113
100113
100113
100113
100113
100113
100113
100113
)
;

boundaryField
{
    floor
    {
        type            buoyantPressure;
        gradient        uniform -0;
        rho             rho;
        value           nonuniform List<scalar> 
400
(
100113
100113
100113
100113
100113
100113
100113
100113
100113
100113
100113
100113
100113
100113
100113
100113
100113
100113
100113
100113
100113
100113
100113
100113
100113
100113
100113
100113
100113
100113
100113
100113
100113
100113
100113
100113
100113
100113
100113
100113
100113
100113
100113
100113
100113
100113
100113
100113
100113
100113
100113
100113
100113
100113
100113
100113
100113
100113
100113
100113
100113
100113
100113
100113
100113
100113
100113
100113
100113
100113
100113
100113
100113
100113
100113
100113
100113
100113
100113
100113
100113
100113
100113
100113
100113
100113
100113
100113
100113
100113
100113
100113
100113
100113
100113
100113
100113
100113
100113
100113
100113
100113
100113
100113
100113
100113
100113
100113
100113
100113
100113
100113
100113
100113
100113
100113
100113
100113
100113
100113
100113
100113
100113
100113
100113
100113
100113
100113
100113
100113
100113
100113
100113
100113
100113
100113
100113
100113
100113
100113
100113
100113
100113
100113
100113
100113
100113
100113
100113
100113
100113
100113
100113
100113
100113
100113
100113
100113
100113
100113
100113
100113
100113
100113
100113
100113
100113
100113
100113
100113
100113
100113
100113
100113
100113
100113
100113
100113
100113
100113
100113
100113
100113
100113
100113
100113
100113
100113
100113
100113
100113
100113
100113
100113
100113
100113
100113
100113
100113
100113
100113
100113
100113
100113
100113
100113
100113
100113
100113
100113
100113
100113
100113
100113
100113
100113
100113
100113
100113
100113
100113
100113
100113
100113
100113
100113
100113
100113
100113
100113
100113
100113
100113
100113
100113
100113
100113
100113
100113
100113
100113
100113
100113
100113
100113
100113
100113
100113
100113
100113
100113
100113
100113
100113
100113
100113
100113
100113
100113
100113
100113
100113
100113
100113
100113
100113
100113
100113
100113
100113
100113
100113
100113
100113
100113
100113
100113
100113
100113
100113
100113
100113
100113
100113
100113
100113
100113
100113
100113
100113
100113
100113
100113
100113
100113
100113
100113
100113
100113
100113
100113
100113
100113
100113
100113
100113
100113
100113
100113
100113
100113
100113
100113
100113
100113
100113
100113
100113
100113
100113
100113
100113
100113
100113
100113
100113
100113
100113
100113
100113
100113
100113
100113
100113
100113
100113
100113
100113
100113
100113
100113
100113
100113
100113
100113
100113
100113
100113
100113
100113
100113
100113
100113
100113
100113
100113
100113
100113
100113
100113
100113
100113
100113
100113
100113
100113
100113
100113
100113
100113
100113
100113
100113
100113
100113
100113
100113
100113
100113
100113
100113
100113
100113
100113
100113
100113
100113
100113
100113
100113
100113
100113
100113
100113
100113
100113
100113
100113
100113
100113
)
;
    }
    ceiling
    {
        type            buoyantPressure;
        gradient        nonuniform List<scalar> 
400
(
0.186391
0.188389
0.190716
0.192937
0.194899
0.196549
0.197837
0.198691
0.199021
0.198769
0.198689
0.199407
0.199119
0.198314
0.197144
0.195701
0.19405
0.192241
0.190391
0.188777
0.188389
0.190756
0.193439
0.195997
0.198284
0.200249
0.201831
0.202918
0.203365
0.203031
0.202729
0.203341
0.202938
0.201919
0.200482
0.198756
0.196822
0.194743
0.19265
0.190843
0.190716
0.193439
0.196306
0.199019
0.20149
0.203685
0.205533
0.206874
0.20749
0.207093
0.206556
0.207118
0.206573
0.205338
0.203671
0.201742
0.199641
0.19742
0.195174
0.193118
0.192937
0.195997
0.199019
0.20187
0.204531
0.206993
0.209186
0.210894
0.211804
0.211475
0.210681
0.211121
0.21032
0.208759
0.206788
0.204623
0.202351
0.199997
0.197602
0.19527
0.194899
0.198284
0.20149
0.204531
0.207455
0.210287
0.213033
0.215442
0.217034
0.217172
0.21589
0.215917
0.214557
0.212409
0.209927
0.207411
0.204899
0.202365
0.199791
0.197174
0.196549
0.200249
0.203685
0.206993
0.210287
0.213779
0.217364
0.220717
0.223307
0.224361
0.222275
0.221508
0.219315
0.21639
0.213217
0.210115
0.207256
0.204471
0.201677
0.198778
0.197837
0.201831
0.205533
0.209186
0.213033
0.217364
0.221979
0.226615
0.230805
0.233769
0.230434
0.228039
0.224494
0.220497
0.216478
0.212682
0.209326
0.206226
0.203187
0.200031
0.198691
0.202918
0.206874
0.210894
0.215442
0.220717
0.226615
0.233117
0.240091
0.247214
0.241812
0.235966
0.230086
0.224519
0.219425
0.214846
0.210898
0.207473
0.204212
0.200868
0.199021
0.203365
0.20749
0.211804
0.217034
0.223307
0.230805
0.240091
0.252038
0.268424
0.259192
0.245999
0.235986
0.228062
0.221603
0.216181
0.211666
0.208003
0.204618
0.201207
0.198769
0.203031
0.207093
0.211474
0.217172
0.224361
0.233769
0.247214
0.268424
0.306823
0.289674
0.25961
0.241967
0.230495
0.222379
0.216168
0.211266
0.207553
0.204264
0.20099
0.198689
0.202729
0.206556
0.210681
0.21589
0.222275
0.230434
0.241812
0.259192
0.289674
0.277164
0.252317
0.237421
0.227514
0.220395
0.214868
0.21042
0.206974
0.203939
0.200929
0.199406
0.203341
0.207118
0.211121
0.215917
0.221508
0.228039
0.235966
0.245999
0.25961
0.252317
0.240855
0.232195
0.225329
0.219679
0.214879
0.210805
0.207478
0.204484
0.20156
0.199119
0.202938
0.206573
0.210319
0.214557
0.219315
0.224494
0.230086
0.235986
0.241967
0.237421
0.232195
0.227056
0.222218
0.217768
0.213715
0.210143
0.207056
0.204201
0.201375
0.198313
0.201919
0.205338
0.208759
0.212409
0.21639
0.220497
0.224519
0.228062
0.230495
0.227514
0.225329
0.222218
0.218743
0.215236
0.211865
0.208808
0.206024
0.203371
0.200718
0.197143
0.200482
0.203671
0.206788
0.209927
0.213217
0.216478
0.219425
0.221603
0.222379
0.220395
0.219679
0.217768
0.215236
0.212467
0.209688
0.207079
0.204589
0.202151
0.199708
0.195701
0.198756
0.201742
0.204623
0.207411
0.210114
0.212682
0.214846
0.216181
0.216168
0.214868
0.214879
0.213715
0.211865
0.209688
0.207419
0.205152
0.202893
0.200639
0.198405
0.19405
0.196822
0.199641
0.202351
0.204899
0.207256
0.209326
0.210897
0.211666
0.211266
0.21042
0.210805
0.210143
0.208808
0.207079
0.205152
0.203122
0.201021
0.198897
0.196842
0.192241
0.194743
0.19742
0.199997
0.202365
0.204471
0.206226
0.207472
0.208003
0.207553
0.206974
0.207478
0.207056
0.206024
0.204589
0.202893
0.201021
0.199015
0.196961
0.195033
0.190391
0.192649
0.195174
0.197602
0.199791
0.201677
0.203187
0.204212
0.204618
0.204264
0.203939
0.204484
0.204201
0.203371
0.202151
0.200639
0.198897
0.196961
0.194927
0.193033
0.188777
0.190843
0.193118
0.19527
0.197174
0.198778
0.200031
0.200867
0.201207
0.20099
0.200929
0.20156
0.201375
0.200718
0.199708
0.198405
0.196842
0.195033
0.193033
0.191047
)
;
        rho             rho;
        value           nonuniform List<scalar> 
400
(
100113
100113
100113
100113
100113
100113
100113
100113
100113
100113
100113
100113
100113
100113
100113
100113
100113
100113
100113
100113
100113
100113
100113
100113
100113
100113
100113
100113
100113
100113
100113
100113
100113
100113
100113
100113
100113
100113
100113
100113
100113
100113
100113
100113
100113
100113
100113
100113
100113
100113
100113
100113
100113
100113
100113
100113
100113
100113
100113
100113
100113
100113
100113
100113
100113
100113
100113
100113
100113
100113
100113
100113
100113
100113
100113
100113
100113
100113
100113
100113
100113
100113
100113
100113
100113
100113
100113
100113
100113
100113
100113
100113
100113
100113
100113
100113
100113
100113
100113
100113
100113
100113
100113
100113
100113
100113
100113
100113
100113
100113
100113
100113
100113
100113
100113
100113
100113
100113
100113
100113
100113
100113
100113
100113
100113
100113
100113
100113
100113
100113
100113
100113
100113
100113
100113
100113
100113
100113
100113
100113
100113
100113
100113
100113
100113
100113
100113
100113
100113
100113
100113
100113
100113
100113
100113
100113
100113
100113
100113
100113
100113
100113
100113
100113
100113
100113
100113
100113
100113
100113
100113
100113
100113
100113
100113
100113
100113
100113
100113
100113
100113
100113
100113
100113
100113
100113
100113
100113
100113
100113
100113
100113
100113
100113
100113
100113
100113
100113
100113
100113
100113
100113
100113
100113
100113
100113
100113
100113
100113
100113
100113
100113
100113
100113
100113
100113
100113
100113
100113
100113
100113
100113
100113
100113
100113
100113
100113
100113
100113
100113
100113
100113
100113
100113
100113
100113
100113
100113
100113
100113
100113
100113
100113
100113
100113
100113
100113
100113
100113
100113
100113
100113
100113
100113
100113
100113
100113
100113
100113
100113
100113
100113
100113
100113
100113
100113
100113
100113
100113
100113
100113
100113
100113
100113
100113
100113
100113
100113
100113
100113
100113
100113
100113
100113
100113
100113
100113
100113
100113
100113
100113
100113
100113
100113
100113
100113
100113
100113
100113
100113
100113
100113
100113
100113
100113
100113
100113
100113
100113
100113
100113
100113
100113
100113
100113
100113
100113
100113
100113
100113
100113
100113
100113
100113
100113
100113
100113
100113
100113
100113
100113
100113
100113
100113
100113
100113
100113
100113
100113
100113
100113
100113
100113
100113
100113
100113
100113
100113
100113
100113
100113
100113
100113
100113
100113
100113
100113
100113
100113
100113
100113
100113
100113
100113
100113
100113
100113
100113
100113
100113
100113
100113
100113
100113
100113
100113
100113
100113
100113
100113
100113
100113
100113
100113
100113
100113
100113
100113
100113
100113
100113
100113
100113
100113
100113
100113
100113
100113
100113
100113
)
;
    }
    fixedWalls
    {
        type            buoyantPressure;
        gradient        uniform 0;
        rho             rho;
        value           nonuniform List<scalar> 
800
(
100113
100113
100113
100113
100113
100113
100113
100113
100113
100113
100113
100113
100113
100113
100113
100113
100113
100113
100113
100113
100113
100113
100113
100113
100113
100113
100113
100113
100113
100113
100113
100113
100113
100113
100113
100113
100113
100113
100113
100113
100113
100113
100113
100113
100113
100113
100113
100113
100113
100113
100113
100113
100113
100113
100113
100113
100113
100113
100113
100113
100113
100113
100113
100113
100113
100113
100113
100113
100113
100113
100113
100113
100113
100113
100113
100113
100113
100113
100113
100113
100113
100113
100113
100113
100113
100113
100113
100113
100113
100113
100113
100113
100113
100113
100113
100113
100113
100113
100113
100113
100113
100113
100113
100113
100113
100113
100113
100113
100113
100113
100113
100113
100113
100113
100113
100113
100113
100113
100113
100113
100113
100113
100113
100113
100113
100113
100113
100113
100113
100113
100113
100113
100113
100113
100113
100113
100113
100113
100113
100113
100113
100113
100113
100113
100113
100113
100113
100113
100113
100113
100113
100113
100113
100113
100113
100113
100113
100113
100113
100113
100113
100113
100113
100113
100113
100113
100113
100113
100113
100113
100113
100113
100113
100113
100113
100113
100113
100113
100113
100113
100113
100113
100113
100113
100113
100113
100113
100113
100113
100113
100113
100113
100113
100113
100113
100113
100113
100113
100113
100113
100113
100113
100113
100113
100113
100113
100113
100113
100113
100113
100113
100113
100113
100113
100113
100113
100113
100113
100113
100113
100113
100113
100113
100113
100113
100113
100113
100113
100113
100113
100113
100113
100113
100113
100113
100113
100113
100113
100113
100113
100113
100113
100113
100113
100113
100113
100113
100113
100113
100113
100113
100113
100113
100113
100113
100113
100113
100113
100113
100113
100113
100113
100113
100113
100113
100113
100113
100113
100113
100113
100113
100113
100113
100113
100113
100113
100113
100113
100113
100113
100113
100113
100113
100113
100113
100113
100113
100113
100113
100113
100113
100113
100113
100113
100113
100113
100113
100113
100113
100113
100113
100113
100113
100113
100113
100113
100113
100113
100113
100113
100113
100113
100113
100113
100113
100113
100113
100113
100113
100113
100113
100113
100113
100113
100113
100113
100113
100113
100113
100113
100113
100113
100113
100113
100113
100113
100113
100113
100113
100113
100113
100113
100113
100113
100113
100113
100113
100113
100113
100113
100113
100113
100113
100113
100113
100113
100113
100113
100113
100113
100113
100113
100113
100113
100113
100113
100113
100113
100113
100113
100113
100113
100113
100113
100113
100113
100113
100113
100113
100113
100113
100113
100113
100113
100113
100113
100113
100113
100113
100113
100113
100113
100113
100113
100113
100113
100113
100113
100113
100113
100113
100113
100113
100113
100113
100113
100113
100113
100113
100113
100113
100113
100113
100113
100113
100113
100113
100113
100113
100113
100113
100113
100113
100113
100113
100113
100113
100113
100113
100113
100113
100113
100113
100113
100113
100113
100113
100113
100113
100113
100113
100113
100113
100113
100113
100113
100113
100113
100113
100113
100113
100113
100113
100113
100113
100113
100113
100113
100113
100113
100113
100113
100113
100113
100113
100113
100113
100113
100113
100113
100113
100113
100113
100113
100113
100113
100113
100113
100113
100113
100113
100113
100113
100113
100113
100113
100113
100113
100113
100113
100113
100113
100113
100113
100113
100113
100113
100113
100113
100113
100113
100113
100113
100113
100113
100113
100113
100113
100113
100113
100113
100113
100113
100113
100113
100113
100113
100113
100113
100113
100113
100113
100113
100113
100113
100113
100113
100113
100113
100113
100113
100113
100113
100113
100113
100113
100113
100113
100113
100113
100113
100113
100113
100113
100113
100113
100113
100113
100113
100113
100113
100113
100113
100113
100113
100113
100113
100113
100113
100113
100113
100113
100113
100113
100113
100113
100113
100113
100113
100113
100113
100113
100113
100113
100113
100113
100113
100113
100113
100113
100113
100113
100113
100113
100113
100113
100113
100113
100113
100113
100113
100113
100113
100113
100113
100113
100113
100113
100113
100113
100113
100113
100113
100113
100113
100113
100113
100113
100113
100113
100113
100113
100113
100113
100113
100113
100113
100113
100113
100113
100113
100113
100113
100113
100113
100113
100113
100113
100113
100113
100113
100113
100113
100113
100113
100113
100113
100113
100113
100113
100113
100113
100113
100113
100113
100113
100113
100113
100113
100113
100113
100113
100113
100113
100113
100113
100113
100113
100113
100113
100113
100113
100113
100113
100113
100113
100113
100113
100113
100113
100113
100113
100113
100113
100113
100113
100113
100113
100113
100113
100113
100113
100113
100113
100113
100113
100113
100113
100113
100113
100113
100113
100113
100113
100113
100113
100113
100113
100113
100113
100113
100113
100113
100113
100113
100113
100113
100113
100113
100113
100113
100113
100113
100113
100113
100113
100113
100113
100113
100113
100113
100113
100113
100113
100113
100113
100113
100113
100113
100113
100113
100113
100113
100113
100113
100113
100113
100113
100113
100113
100113
100113
100113
100113
100113
100113
100113
100113
100113
100113
100113
100113
100113
100113
100113
100113
100113
100113
100113
100113
100113
100113
100113
100113
100113
100113
100113
100113
100113
100113
100113
100113
100113
100113
100113
100113
100113
100113
100113
100113
100113
100113
100113
100113
100113
100113
100113
100113
100113
100113
100113
100113
100113
100113
100113
100113
100113
100113
100113
100113
)
;
    }
}


// ************************************************************************* //
