/*--------------------------------*- C++ -*----------------------------------*\
| =========                 |                                                 |
| \\      /  F ield         | OpenFOAM: The Open Source CFD Toolbox           |
|  \\    /   O peration     | Version:  1.7.1                                 |
|   \\  /    A nd           | Web:      www.OpenFOAM.com                      |
|    \\/     M anipulation  |                                                 |
\*---------------------------------------------------------------------------*/
FoamFile
{
    version     2.0;
    format      ascii;
    class       volScalarField;
    location    "1000";
    object      T;
}
// * * * * * * * * * * * * * * * * * * * * * * * * * * * * * * * * * * * * * //

dimensions      [0 0 0 1 0 0 0];

internalField   nonuniform List<scalar> 
4000
(
300.178
300.178
300.178
300.177
300.178
300.178
300.177
300.177
300.178
300.179
300.178
300.178
300.178
300.179
300.179
300.179
300.179
300.179
300.18
300.181
300.199
300.202
300.204
300.207
300.209
300.211
300.212
300.212
300.211
300.21
300.209
300.209
300.209
300.209
300.208
300.207
300.206
300.204
300.202
300.2
300.217
300.219
300.221
300.224
300.226
300.229
300.231
300.231
300.23
300.228
300.227
300.227
300.227
300.226
300.226
300.224
300.221
300.217
300.215
300.213
300.265
300.258
300.251
300.245
300.243
300.243
300.243
300.243
300.243
300.241
300.24
300.239
300.24
300.24
300.239
300.237
300.239
300.246
300.256
300.264
300.28
300.279
300.278
300.276
300.272
300.269
300.264
300.259
300.255
300.252
300.251
300.251
300.253
300.256
300.262
300.27
300.276
300.28
300.281
300.282
300.277
300.278
300.279
300.279
300.279
300.279
300.278
300.276
300.273
300.269
300.267
300.267
300.271
300.275
300.279
300.281
300.281
300.281
300.28
300.279
300.272
300.274
300.276
300.277
300.278
300.278
300.279
300.279
300.278
300.278
300.278
300.279
300.279
300.28
300.28
300.28
300.279
300.278
300.277
300.275
300.267
300.269
300.271
300.273
300.274
300.275
300.276
300.276
300.277
300.277
300.277
300.278
300.278
300.277
300.277
300.276
300.275
300.274
300.272
300.27
300.262
300.264
300.266
300.268
300.27
300.272
300.273
300.274
300.274
300.274
300.274
300.275
300.275
300.274
300.273
300.272
300.27
300.269
300.267
300.265
300.255
300.257
300.26
300.263
300.266
300.268
300.27
300.271
300.271
300.271
300.271
300.272
300.271
300.27
300.269
300.267
300.265
300.262
300.26
300.258
300.178
300.178
300.179
300.179
300.18
300.18
300.18
300.179
300.179
300.179
300.178
300.177
300.177
300.178
300.178
300.178
300.179
300.179
300.18
300.181
300.202
300.203
300.205
300.208
300.21
300.212
300.213
300.212
300.21
300.208
300.206
300.207
300.208
300.208
300.208
300.208
300.206
300.205
300.204
300.203
300.219
300.22
300.222
300.224
300.227
300.229
300.231
300.231
300.229
300.227
300.225
300.225
300.226
300.227
300.227
300.225
300.222
300.22
300.218
300.217
300.258
300.253
300.248
300.245
300.243
300.244
300.244
300.245
300.244
300.242
300.241
300.24
300.241
300.241
300.24
300.238
300.239
300.243
300.25
300.256
300.279
300.278
300.276
300.273
300.27
300.265
300.261
300.257
300.255
300.254
300.252
300.252
300.254
300.256
300.261
300.267
300.273
300.278
300.28
300.281
300.278
300.278
300.279
300.279
300.278
300.277
300.275
300.273
300.269
300.265
300.263
300.264
300.267
300.271
300.276
300.279
300.28
300.281
300.281
300.28
300.274
300.275
300.276
300.277
300.277
300.277
300.277
300.276
300.275
300.274
300.273
300.274
300.275
300.277
300.279
300.279
300.279
300.278
300.277
300.277
300.269
300.27
300.272
300.274
300.275
300.275
300.276
300.276
300.275
300.275
300.275
300.276
300.276
300.277
300.277
300.276
300.276
300.275
300.273
300.272
300.264
300.266
300.268
300.271
300.272
300.274
300.275
300.275
300.275
300.275
300.275
300.276
300.276
300.275
300.275
300.274
300.272
300.271
300.269
300.267
300.257
300.26
300.264
300.267
300.27
300.273
300.275
300.276
300.277
300.277
300.276
300.277
300.276
300.275
300.273
300.271
300.268
300.266
300.263
300.26
300.178
300.179
300.179
300.18
300.181
300.182
300.182
300.18
300.18
300.18
300.179
300.177
300.176
300.177
300.178
300.178
300.179
300.179
300.18
300.18
300.204
300.205
300.207
300.209
300.211
300.213
300.214
300.213
300.21
300.207
300.205
300.206
300.207
300.208
300.209
300.208
300.207
300.206
300.205
300.205
300.221
300.222
300.223
300.226
300.228
300.23
300.232
300.232
300.23
300.227
300.225
300.225
300.226
300.228
300.228
300.226
300.224
300.222
300.221
300.22
300.251
300.248
300.246
300.244
300.243
300.244
300.245
300.246
300.246
300.244
300.242
300.241
300.242
300.242
300.241
300.239
300.239
300.24
300.244
300.247
300.278
300.276
300.274
300.271
300.267
300.263
300.26
300.257
300.255
300.255
300.254
300.254
300.254
300.256
300.259
300.264
300.27
300.275
300.278
300.279
300.279
300.279
300.278
300.278
300.277
300.275
300.273
300.27
300.267
300.264
300.263
300.263
300.265
300.269
300.274
300.278
300.279
300.28
300.281
300.281
300.276
300.276
300.276
300.276
300.276
300.276
300.275
300.274
300.272
300.271
300.27
300.27
300.272
300.275
300.277
300.278
300.279
300.279
300.279
300.279
300.271
300.272
300.273
300.274
300.274
300.274
300.274
300.273
300.272
300.272
300.272
300.272
300.274
300.275
300.276
300.276
300.276
300.276
300.275
300.275
300.266
300.268
300.27
300.272
300.273
300.274
300.274
300.274
300.273
300.272
300.272
300.273
300.274
300.275
300.275
300.275
300.274
300.273
300.271
300.27
300.26
300.264
300.268
300.271
300.275
300.277
300.28
300.282
300.282
300.282
300.281
300.282
300.281
300.28
300.277
300.275
300.272
300.269
300.266
300.263
300.177
300.179
300.18
300.182
300.183
300.184
300.184
300.182
300.181
300.181
300.18
300.177
300.176
300.177
300.178
300.179
300.179
300.179
300.179
300.179
300.207
300.208
300.209
300.211
300.213
300.215
300.216
300.215
300.212
300.208
300.205
300.206
300.208
300.209
300.21
300.21
300.209
300.208
300.207
300.206
300.224
300.224
300.226
300.227
300.23
300.232
300.234
300.234
300.232
300.229
300.226
300.226
300.227
300.229
300.229
300.228
300.226
300.225
300.224
300.224
300.245
300.245
300.244
300.244
300.244
300.245
300.247
300.248
300.248
300.245
300.243
300.243
300.244
300.244
300.243
300.241
300.24
300.24
300.24
300.241
300.276
300.273
300.271
300.268
300.264
300.261
300.259
300.257
300.257
300.257
300.256
300.255
300.255
300.256
300.258
300.261
300.266
300.27
300.274
300.276
300.279
300.279
300.278
300.277
300.275
300.273
300.271
300.268
300.266
300.264
300.263
300.263
300.265
300.268
300.272
300.276
300.278
300.279
300.28
300.281
300.277
300.277
300.276
300.276
300.276
300.275
300.274
300.272
300.27
300.269
300.268
300.269
300.271
300.273
300.276
300.277
300.278
300.279
300.279
300.28
300.273
300.274
300.274
300.274
300.273
300.273
300.272
300.271
300.27
300.269
300.269
300.27
300.272
300.273
300.274
300.275
300.276
300.276
300.277
300.276
300.268
300.271
300.272
300.273
300.273
300.273
300.273
300.272
300.271
300.271
300.271
300.272
300.273
300.274
300.274
300.275
300.275
300.274
300.274
300.272
300.263
300.267
300.271
300.275
300.279
300.282
300.285
300.287
300.288
300.288
300.287
300.287
300.286
300.284
300.282
300.279
300.276
300.273
300.269
300.266
300.178
300.18
300.181
300.183
300.185
300.186
300.186
300.185
300.183
300.182
300.181
300.178
300.177
300.178
300.179
300.179
300.179
300.179
300.178
300.177
300.209
300.21
300.211
300.213
300.215
300.217
300.218
300.218
300.214
300.21
300.206
300.207
300.209
300.21
300.211
300.211
300.21
300.209
300.208
300.207
300.226
300.227
300.228
300.23
300.232
300.234
300.236
300.236
300.234
300.231
300.228
300.228
300.229
300.231
300.231
300.23
300.229
300.227
300.227
300.227
300.243
300.243
300.243
300.244
300.245
300.247
300.248
300.249
300.249
300.248
300.246
300.245
300.246
300.246
300.245
300.244
300.243
300.242
300.242
300.242
300.272
300.27
300.267
300.264
300.261
300.259
300.258
300.258
300.258
300.258
300.258
300.257
300.256
300.256
300.257
300.259
300.262
300.266
300.269
300.272
300.279
300.278
300.277
300.275
300.273
300.271
300.269
300.267
300.265
300.264
300.264
300.264
300.265
300.268
300.271
300.274
300.276
300.278
300.279
300.281
300.278
300.277
300.276
300.276
300.275
300.273
300.272
300.27
300.269
300.267
300.267
300.268
300.27
300.272
300.274
300.276
300.277
300.279
300.28
300.281
300.274
300.275
300.274
300.273
300.273
300.272
300.271
300.269
300.268
300.267
300.268
300.269
300.27
300.272
300.273
300.274
300.275
300.277
300.278
300.278
300.27
300.272
300.273
300.273
300.273
300.273
300.273
300.273
300.272
300.271
300.271
300.273
300.273
300.274
300.274
300.274
300.275
300.276
300.275
300.274
300.266
300.27
300.275
300.279
300.282
300.286
300.29
300.293
300.295
300.295
300.294
300.294
300.292
300.289
300.286
300.282
300.279
300.276
300.272
300.269
300.178
300.18
300.182
300.184
300.186
300.187
300.188
300.187
300.185
300.184
300.182
300.179
300.178
300.179
300.18
300.18
300.18
300.179
300.177
300.175
300.211
300.212
300.213
300.215
300.217
300.219
300.22
300.22
300.217
300.212
300.208
300.208
300.211
300.212
300.213
300.213
300.212
300.21
300.209
300.208
300.229
300.229
300.23
300.232
300.234
300.236
300.238
300.239
300.237
300.233
300.23
300.23
300.232
300.233
300.233
300.232
300.231
300.23
300.229
300.228
300.243
300.244
300.244
300.245
300.247
300.248
300.25
300.251
300.251
300.251
300.249
300.248
300.248
300.248
300.247
300.246
300.245
300.244
300.244
300.244
300.269
300.265
300.263
300.261
300.259
300.259
300.258
300.258
300.259
300.259
300.259
300.258
300.257
300.257
300.257
300.258
300.26
300.262
300.265
300.268
300.279
300.277
300.275
300.273
300.271
300.269
300.267
300.265
300.264
300.264
300.263
300.263
300.264
300.267
300.269
300.272
300.274
300.276
300.278
300.281
300.278
300.277
300.276
300.275
300.273
300.272
300.271
300.269
300.267
300.266
300.266
300.267
300.269
300.271
300.273
300.275
300.276
300.278
300.28
300.282
300.275
300.275
300.274
300.273
300.272
300.271
300.269
300.268
300.267
300.266
300.266
300.268
300.269
300.271
300.272
300.273
300.275
300.277
300.278
300.279
300.272
300.274
300.274
300.273
300.273
300.273
300.273
300.274
300.273
300.273
300.273
300.274
300.275
300.274
300.274
300.274
300.275
300.276
300.277
300.276
300.268
300.273
300.277
300.282
300.286
300.291
300.295
300.3
300.303
300.305
300.302
300.301
300.298
300.294
300.29
300.286
300.282
300.278
300.275
300.271
300.177
300.18
300.182
300.184
300.186
300.188
300.189
300.189
300.188
300.186
300.182
300.18
300.18
300.181
300.181
300.181
300.18
300.178
300.177
300.174
300.212
300.213
300.214
300.216
300.218
300.22
300.222
300.222
300.22
300.215
300.21
300.211
300.213
300.215
300.215
300.214
300.213
300.211
300.21
300.208
300.231
300.231
300.232
300.234
300.236
300.238
300.239
300.24
300.24
300.236
300.232
300.233
300.235
300.235
300.235
300.234
300.233
300.231
300.23
300.23
300.243
300.244
300.245
300.247
300.248
300.25
300.251
300.252
300.252
300.252
300.251
300.25
300.25
300.249
300.249
300.248
300.247
300.246
300.246
300.245
300.264
300.261
300.26
300.259
300.258
300.258
300.259
300.259
300.259
300.26
300.259
300.259
300.258
300.258
300.258
300.258
300.259
300.26
300.262
300.265
300.278
300.275
300.273
300.271
300.269
300.267
300.266
300.264
300.263
300.263
300.263
300.263
300.264
300.266
300.267
300.269
300.271
300.273
300.276
300.28
300.279
300.277
300.275
300.274
300.272
300.271
300.269
300.267
300.266
300.264
300.264
300.266
300.268
300.27
300.272
300.273
300.275
300.277
300.28
300.282
300.276
300.276
300.274
300.272
300.271
300.269
300.269
300.267
300.266
300.265
300.266
300.267
300.269
300.27
300.271
300.272
300.274
300.276
300.279
300.28
300.273
300.275
300.274
300.273
300.273
300.273
300.274
300.275
300.276
300.278
300.278
300.277
300.276
300.276
300.275
300.275
300.275
300.276
300.278
300.277
300.27
300.275
300.28
300.285
300.29
300.295
300.302
300.308
300.313
300.317
300.313
300.31
300.305
300.3
300.294
300.289
300.285
300.281
300.277
300.273
300.177
300.179
300.18
300.182
300.185
300.187
300.189
300.191
300.19
300.188
300.183
300.182
300.182
300.182
300.181
300.18
300.179
300.178
300.176
300.174
300.212
300.212
300.213
300.215
300.218
300.22
300.222
300.223
300.222
300.219
300.214
300.214
300.216
300.216
300.216
300.214
300.213
300.212
300.21
300.209
300.231
300.231
300.232
300.234
300.236
300.239
300.24
300.241
300.241
300.238
300.234
300.235
300.237
300.237
300.236
300.235
300.234
300.232
300.231
300.23
300.243
300.245
300.246
300.248
300.249
300.251
300.252
300.253
300.253
300.252
300.25
300.251
300.251
300.251
300.25
300.25
300.249
300.248
300.247
300.246
300.259
300.257
300.257
300.257
300.258
300.258
300.259
300.259
300.259
300.26
300.259
300.259
300.259
300.259
300.259
300.259
300.259
300.259
300.259
300.262
300.276
300.273
300.27
300.268
300.267
300.265
300.264
300.263
300.263
300.264
300.263
300.263
300.264
300.265
300.266
300.267
300.269
300.271
300.274
300.279
300.279
300.276
300.274
300.272
300.27
300.269
300.267
300.266
300.264
300.265
300.265
300.265
300.267
300.269
300.27
300.272
300.274
300.276
300.279
300.282
300.276
300.276
300.273
300.271
300.269
300.268
300.267
300.266
300.266
300.268
300.268
300.267
300.268
300.269
300.27
300.272
300.273
300.276
300.279
300.28
300.274
300.275
300.274
300.272
300.273
300.274
300.275
300.278
300.283
300.291
300.289
300.282
300.278
300.276
300.275
300.275
300.275
300.276
300.278
300.277
300.271
300.276
300.282
300.287
300.293
300.3
300.308
300.316
300.326
300.335
300.328
300.32
300.312
300.305
300.298
300.292
300.287
300.282
300.278
300.274
300.178
300.179
300.18
300.181
300.183
300.185
300.188
300.19
300.191
300.198
300.191
300.183
300.183
300.182
300.181
300.179
300.178
300.177
300.175
300.174
300.211
300.21
300.21
300.212
300.214
300.217
300.22
300.222
300.223
300.235
300.229
300.217
300.217
300.217
300.216
300.214
300.212
300.211
300.21
300.208
300.23
300.229
300.23
300.232
300.234
300.237
300.24
300.241
300.241
300.254
300.248
300.237
300.238
300.238
300.237
300.236
300.234
300.232
300.231
300.231
300.243
300.244
300.246
300.248
300.249
300.251
300.252
300.253
300.253
300.268
300.263
300.251
300.252
300.252
300.252
300.251
300.249
300.248
300.247
300.245
300.255
300.255
300.255
300.257
300.258
300.259
300.259
300.259
300.261
300.278
300.274
300.26
300.26
300.26
300.26
300.26
300.259
300.258
300.258
300.259
300.273
300.269
300.267
300.266
300.265
300.264
300.263
300.263
300.265
300.284
300.28
300.264
300.263
300.264
300.265
300.266
300.267
300.268
300.271
300.277
300.278
300.275
300.272
300.27
300.269
300.267
300.266
300.264
300.267
300.287
300.284
300.267
300.265
300.267
300.269
300.271
300.273
300.275
300.279
300.282
300.277
300.275
300.272
300.27
300.268
300.267
300.266
300.266
300.271
300.297
300.293
300.271
300.267
300.268
300.269
300.271
300.273
300.275
300.279
300.281
300.274
300.275
300.273
300.271
300.272
300.273
300.276
300.283
300.296
300.325
300.318
300.293
300.282
300.277
300.275
300.274
300.274
300.276
300.278
300.278
300.271
300.277
300.282
300.288
300.295
300.303
300.313
300.326
300.341
300.363
300.351
300.333
300.32
300.31
300.301
300.294
300.288
300.283
300.279
300.274
300.179
300.179
300.18
300.181
300.182
300.184
300.186
300.188
300.198
300.784
300.729
300.191
300.184
300.181
300.179
300.177
300.176
300.175
300.174
300.174
300.21
300.208
300.207
300.208
300.21
300.212
300.215
300.219
300.235
300.641
300.584
300.23
300.218
300.216
300.214
300.212
300.21
300.209
300.208
300.208
300.228
300.227
300.227
300.229
300.231
300.233
300.236
300.238
300.254
300.572
300.519
300.249
300.239
300.238
300.237
300.235
300.233
300.231
300.23
300.23
300.241
300.242
300.244
300.245
300.248
300.251
300.252
300.252
300.268
300.528
300.48
300.263
300.253
300.253
300.253
300.251
300.249
300.248
300.246
300.244
300.252
300.254
300.255
300.257
300.258
300.259
300.26
300.26
300.278
300.497
300.454
300.273
300.261
300.261
300.261
300.261
300.26
300.258
300.257
300.255
300.269
300.265
300.264
300.264
300.264
300.264
300.263
300.264
300.284
300.471
300.433
300.279
300.264
300.264
300.265
300.266
300.266
300.266
300.269
300.275
300.278
300.274
300.271
300.269
300.267
300.266
300.264
300.265
300.287
300.45
300.417
300.282
300.266
300.266
300.268
300.269
300.272
300.274
300.277
300.282
300.277
300.275
300.272
300.269
300.267
300.266
300.265
300.268
300.297
300.435
300.406
300.293
300.269
300.267
300.268
300.27
300.272
300.275
300.278
300.281
300.274
300.275
300.272
300.271
300.271
300.273
300.278
300.291
300.325
300.423
300.397
300.319
300.29
300.278
300.274
300.273
300.273
300.275
300.278
300.278
300.271
300.277
300.282
300.288
300.295
300.305
300.317
300.335
300.363
300.414
300.391
300.351
300.328
300.313
300.302
300.294
300.287
300.283
300.278
300.274
300.178
300.178
300.179
300.18
300.181
300.182
300.182
300.183
300.191
300.729
300.694
300.188
300.181
300.178
300.176
300.175
300.174
300.174
300.173
300.174
300.209
300.206
300.205
300.205
300.206
300.208
300.21
300.214
300.229
300.584
300.548
300.228
300.216
300.214
300.212
300.21
300.208
300.207
300.207
300.207
300.227
300.225
300.225
300.226
300.228
300.23
300.232
300.234
300.248
300.519
300.486
300.247
300.238
300.237
300.235
300.233
300.231
300.229
300.228
300.228
300.24
300.241
300.242
300.243
300.246
300.249
300.251
300.25
300.263
300.48
300.45
300.262
300.252
300.253
300.252
300.25
300.248
300.246
300.245
300.243
300.251
300.252
300.254
300.256
300.258
300.259
300.259
300.259
300.274
300.454
300.426
300.272
300.261
300.261
300.261
300.26
300.259
300.258
300.255
300.254
300.267
300.263
300.263
300.263
300.264
300.263
300.263
300.263
300.28
300.433
300.408
300.278
300.264
300.264
300.265
300.265
300.265
300.265
300.267
300.272
300.278
300.273
300.27
300.268
300.267
300.266
300.264
300.265
300.284
300.417
300.395
300.281
300.266
300.266
300.268
300.269
300.271
300.273
300.276
300.282
300.277
300.275
300.272
300.269
300.268
300.266
300.266
300.268
300.293
300.406
300.386
300.291
300.269
300.267
300.269
300.27
300.272
300.275
300.278
300.281
300.274
300.275
300.272
300.271
300.271
300.273
300.278
300.289
300.318
300.397
300.379
300.313
300.288
300.278
300.275
300.273
300.273
300.275
300.278
300.278
300.271
300.276
300.281
300.287
300.294
300.302
300.313
300.328
300.351
300.391
300.375
300.342
300.322
300.309
300.3
300.292
300.286
300.282
300.278
300.274
300.178
300.177
300.177
300.177
300.178
300.179
300.18
300.182
300.183
300.191
300.188
300.181
300.179
300.177
300.176
300.174
300.173
300.173
300.172
300.172
300.209
300.207
300.206
300.206
300.207
300.208
300.211
300.214
300.217
300.23
300.228
300.217
300.215
300.212
300.21
300.208
300.207
300.206
300.206
300.206
300.227
300.225
300.225
300.226
300.228
300.23
300.233
300.235
300.237
300.249
300.247
300.238
300.237
300.236
300.233
300.231
300.229
300.227
300.226
300.227
300.239
300.24
300.241
300.243
300.245
300.248
300.25
300.251
300.251
300.263
300.262
300.252
300.252
300.252
300.25
300.248
300.247
300.245
300.243
300.242
300.251
300.252
300.254
300.255
300.257
300.258
300.259
300.259
300.26
300.273
300.272
300.26
300.26
300.26
300.26
300.259
300.257
300.256
300.254
300.253
300.267
300.264
300.263
300.263
300.264
300.263
300.263
300.263
300.264
300.279
300.278
300.265
300.263
300.264
300.264
300.264
300.264
300.265
300.267
300.27
300.279
300.274
300.27
300.269
300.268
300.267
300.266
300.265
300.267
300.282
300.281
300.267
300.266
300.267
300.268
300.269
300.27
300.272
300.276
300.282
300.278
300.276
300.272
300.27
300.269
300.268
300.267
300.267
300.271
300.293
300.291
300.271
300.268
300.269
300.27
300.271
300.272
300.275
300.279
300.282
300.275
300.276
300.273
300.272
300.273
300.274
300.277
300.282
300.293
300.319
300.313
300.292
300.282
300.278
300.276
300.275
300.274
300.276
300.279
300.279
300.272
300.277
300.282
300.287
300.294
300.301
300.31
300.32
300.333
300.351
300.342
300.327
300.315
300.306
300.299
300.292
300.287
300.282
300.278
300.275
300.178
300.177
300.176
300.176
300.177
300.178
300.18
300.182
300.183
300.184
300.181
300.179
300.178
300.177
300.176
300.174
300.173
300.172
300.172
300.171
300.209
300.208
300.207
300.208
300.209
300.211
300.213
300.216
300.217
300.218
300.216
300.215
300.213
300.212
300.21
300.208
300.206
300.205
300.205
300.205
300.227
300.226
300.226
300.227
300.229
300.232
300.235
300.237
300.238
300.239
300.238
300.237
300.236
300.235
300.232
300.23
300.228
300.226
300.225
300.226
300.24
300.241
300.242
300.244
300.246
300.248
300.25
300.251
300.252
300.253
300.252
300.252
300.252
300.25
300.249
300.247
300.245
300.244
300.242
300.24
300.253
300.254
300.254
300.255
300.256
300.257
300.258
300.259
300.26
300.261
300.261
300.26
300.26
300.259
300.258
300.257
300.255
300.254
300.253
300.252
300.271
300.267
300.265
300.265
300.265
300.264
300.264
300.264
300.263
300.264
300.264
300.263
300.264
300.264
300.264
300.264
300.265
300.266
300.267
300.271
300.279
300.275
300.272
300.271
300.27
300.269
300.268
300.267
300.265
300.266
300.266
300.266
300.267
300.268
300.269
300.27
300.271
300.273
300.277
300.282
300.278
300.276
300.274
300.272
300.27
300.269
300.269
300.268
300.267
300.269
300.269
300.268
300.269
300.27
300.271
300.272
300.273
300.276
300.279
300.282
300.275
300.276
300.274
300.273
300.273
300.275
300.276
300.278
300.282
300.29
300.288
300.282
300.279
300.277
300.276
300.275
300.275
300.277
300.279
300.279
300.271
300.276
300.281
300.286
300.292
300.298
300.305
300.312
300.32
300.328
300.322
300.315
300.308
300.302
300.296
300.291
300.286
300.282
300.278
300.274
300.179
300.178
300.177
300.177
300.178
300.179
300.181
300.182
300.182
300.181
300.178
300.177
300.177
300.176
300.176
300.175
300.174
300.173
300.172
300.171
300.209
300.208
300.208
300.209
300.21
300.212
300.215
300.216
300.217
300.216
300.214
300.212
300.212
300.211
300.209
300.208
300.206
300.205
300.204
300.203
300.226
300.227
300.228
300.229
300.231
300.233
300.235
300.237
300.238
300.238
300.237
300.236
300.235
300.233
300.231
300.229
300.227
300.226
300.225
300.224
300.24
300.241
300.242
300.244
300.246
300.248
300.249
300.251
300.252
300.253
300.253
300.252
300.25
300.249
300.247
300.246
300.244
300.242
300.24
300.239
300.256
300.256
300.256
300.256
300.256
300.257
300.258
300.259
300.26
300.261
300.261
300.26
300.259
300.257
300.256
300.255
300.254
300.253
300.253
300.253
300.275
300.271
300.269
300.268
300.268
300.267
300.266
300.265
300.264
300.264
300.264
300.264
300.264
300.264
300.264
300.265
300.266
300.267
300.27
300.274
300.28
300.277
300.275
300.273
300.272
300.271
300.27
300.269
300.267
300.266
300.266
300.267
300.268
300.269
300.27
300.271
300.273
300.275
300.279
300.283
300.277
300.277
300.275
300.273
300.272
300.271
300.27
300.269
300.268
300.267
300.267
300.269
300.27
300.271
300.272
300.273
300.274
300.277
300.28
300.281
300.274
300.275
300.275
300.274
300.274
300.274
300.276
300.276
300.277
300.278
300.278
300.278
300.277
300.277
300.276
300.275
300.275
300.277
300.279
300.278
300.27
300.275
300.28
300.284
300.289
300.294
300.3
300.305
300.31
300.313
300.309
300.306
300.302
300.297
300.293
300.288
300.284
300.281
300.277
300.274
300.179
300.178
300.178
300.178
300.179
300.18
300.181
300.181
300.181
300.179
300.176
300.176
300.176
300.176
300.176
300.175
300.175
300.174
300.173
300.172
300.208
300.208
300.209
300.21
300.211
300.213
300.215
300.216
300.216
300.214
300.212
300.21
300.21
300.209
300.208
300.207
300.206
300.205
300.204
300.202
300.226
300.227
300.228
300.229
300.231
300.233
300.235
300.236
300.237
300.237
300.235
300.233
300.232
300.231
300.23
300.228
300.227
300.225
300.224
300.224
300.239
300.24
300.241
300.243
300.245
300.247
300.249
300.25
300.252
300.253
300.252
300.25
300.249
300.247
300.246
300.244
300.242
300.24
300.239
300.238
300.262
300.261
300.259
300.258
300.257
300.257
300.258
300.259
300.26
300.261
300.261
300.26
300.258
300.256
300.255
300.254
300.253
300.253
300.254
300.255
300.279
300.276
300.274
300.272
300.271
300.269
300.267
300.266
300.265
300.265
300.265
300.264
300.264
300.264
300.265
300.267
300.269
300.271
300.274
300.278
300.28
300.279
300.277
300.276
300.274
300.273
300.272
300.27
300.269
300.268
300.268
300.268
300.269
300.27
300.272
300.273
300.275
300.277
300.28
300.282
300.277
300.277
300.276
300.274
300.273
300.272
300.271
300.27
300.269
300.268
300.269
300.27
300.271
300.272
300.273
300.274
300.276
300.278
300.28
300.281
300.273
300.275
300.275
300.274
300.274
300.274
300.275
300.275
300.275
300.274
300.275
300.276
300.276
300.276
300.275
300.275
300.276
300.277
300.278
300.277
300.269
300.273
300.277
300.282
300.286
300.29
300.294
300.298
300.301
300.302
300.3
300.299
300.296
300.293
300.289
300.285
300.282
300.279
300.275
300.272
300.179
300.178
300.178
300.179
300.179
300.18
300.181
300.18
300.179
300.177
300.175
300.174
300.174
300.175
300.175
300.175
300.175
300.175
300.174
300.174
300.207
300.208
300.208
300.21
300.211
300.213
300.214
300.214
300.214
300.212
300.21
300.208
300.208
300.208
300.207
300.207
300.206
300.205
300.204
300.203
300.224
300.225
300.226
300.228
300.23
300.232
300.234
300.235
300.236
300.235
300.233
300.231
300.23
300.229
300.228
300.227
300.225
300.224
300.223
300.222
300.237
300.238
300.239
300.241
300.244
300.246
300.248
300.25
300.251
300.251
300.25
300.248
300.247
300.246
300.244
300.242
300.24
300.238
300.237
300.236
300.27
300.267
300.264
300.261
300.259
300.258
300.258
300.259
300.26
300.261
300.26
300.259
300.257
300.255
300.254
300.253
300.254
300.255
300.258
300.261
300.281
300.279
300.278
300.276
300.274
300.272
300.269
300.267
300.266
300.266
300.265
300.264
300.264
300.265
300.267
300.269
300.272
300.275
300.278
300.28
300.28
300.279
300.278
300.277
300.276
300.275
300.273
300.272
300.271
300.269
300.269
300.269
300.27
300.271
300.273
300.275
300.277
300.279
300.281
300.282
300.276
300.276
300.276
300.275
300.274
300.273
300.272
300.272
300.271
300.27
300.27
300.271
300.272
300.273
300.274
300.275
300.277
300.278
300.279
300.28
300.272
300.274
300.275
300.275
300.274
300.274
300.275
300.275
300.274
300.273
300.273
300.275
300.275
300.275
300.275
300.275
300.276
300.277
300.277
300.276
300.267
300.271
300.275
300.279
300.282
300.286
300.289
300.292
300.294
300.294
300.292
300.292
300.291
300.288
300.285
300.282
300.279
300.276
300.273
300.27
300.179
300.179
300.179
300.179
300.179
300.18
300.18
300.179
300.178
300.176
300.174
300.173
300.173
300.174
300.175
300.175
300.176
300.176
300.176
300.176
300.206
300.206
300.207
300.209
300.21
300.212
300.213
300.213
300.212
300.21
300.208
300.207
300.206
300.206
300.206
300.206
300.205
300.205
300.204
300.203
300.221
300.222
300.224
300.226
300.229
300.231
300.233
300.234
300.234
300.233
300.231
300.229
300.228
300.227
300.227
300.225
300.224
300.222
300.221
300.22
300.239
300.239
300.239
300.24
300.243
300.245
300.247
300.249
300.249
300.249
300.248
300.247
300.245
300.244
300.242
300.24
300.238
300.236
300.235
300.234
300.276
300.273
300.27
300.266
300.262
300.26
300.259
300.259
300.259
300.26
300.259
300.257
300.255
300.254
300.253
300.254
300.256
300.26
300.265
300.268
300.281
300.28
300.279
300.278
300.276
300.274
300.271
300.269
300.267
300.266
300.265
300.264
300.265
300.266
300.269
300.272
300.276
300.278
300.28
300.282
300.279
300.279
300.279
300.278
300.277
300.276
300.275
300.274
300.273
300.272
300.271
300.27
300.271
300.273
300.275
300.277
300.279
300.28
300.281
300.281
300.275
300.276
300.276
300.276
300.275
300.275
300.274
300.273
300.273
300.272
300.272
300.272
300.273
300.274
300.276
300.277
300.277
300.278
300.278
300.279
300.27
300.272
300.274
300.275
300.275
300.275
300.275
300.275
300.274
300.273
300.273
300.274
300.275
300.275
300.276
300.276
300.276
300.276
300.276
300.274
300.265
300.268
300.272
300.276
300.279
300.282
300.285
300.287
300.288
300.287
300.286
300.287
300.286
300.284
300.282
300.279
300.277
300.274
300.271
300.268
300.179
300.179
300.179
300.179
300.179
300.179
300.178
300.178
300.177
300.175
300.174
300.173
300.172
300.173
300.174
300.175
300.176
300.177
300.179
300.179
300.204
300.205
300.206
300.208
300.209
300.21
300.211
300.212
300.211
300.209
300.207
300.206
300.205
300.205
300.205
300.205
300.205
300.204
300.204
300.203
300.217
300.22
300.222
300.225
300.227
300.23
300.231
300.232
300.232
300.231
300.229
300.227
300.226
300.226
300.225
300.224
300.222
300.221
300.219
300.218
300.246
300.243
300.24
300.24
300.242
300.244
300.246
300.248
300.248
300.248
300.246
300.245
300.244
300.242
300.24
300.238
300.236
300.235
300.234
300.234
300.28
300.278
300.275
300.27
300.266
300.262
300.26
300.259
300.258
300.258
300.258
300.256
300.254
300.253
300.253
300.255
300.26
300.266
300.272
300.275
300.281
300.281
300.28
300.279
300.278
300.276
300.273
300.271
300.268
300.266
300.265
300.265
300.266
300.267
300.271
300.275
300.278
300.28
300.281
300.282
300.278
300.278
300.279
300.279
300.279
300.278
300.277
300.276
300.275
300.274
300.273
300.272
300.273
300.275
300.277
300.279
300.28
300.28
300.28
300.28
300.274
300.275
300.276
300.276
300.277
300.277
300.276
300.276
300.275
300.275
300.275
300.275
300.276
300.277
300.278
300.278
300.278
300.278
300.277
300.277
300.269
300.271
300.273
300.274
300.276
300.276
300.276
300.276
300.276
300.275
300.275
300.276
300.277
300.277
300.277
300.277
300.276
300.275
300.274
300.272
300.262
300.266
300.269
300.273
300.276
300.278
300.281
300.282
300.283
300.283
300.282
300.282
300.282
300.281
300.279
300.276
300.274
300.271
300.269
300.266
300.18
300.18
300.18
300.179
300.178
300.177
300.177
300.176
300.175
300.174
300.173
300.172
300.172
300.172
300.173
300.174
300.176
300.179
300.18
300.182
300.202
300.204
300.205
300.207
300.208
300.209
300.21
300.21
300.21
300.208
300.207
300.206
300.205
300.204
300.204
300.204
300.204
300.204
300.204
300.203
300.215
300.218
300.221
300.224
300.227
300.229
300.23
300.231
300.231
300.23
300.228
300.226
300.225
300.225
300.224
300.223
300.221
300.219
300.217
300.216
300.256
300.25
300.244
300.24
300.242
300.244
300.246
300.247
300.247
300.246
300.245
300.243
300.242
300.24
300.239
300.237
300.235
300.234
300.237
300.24
300.281
300.28
300.278
300.274
300.269
300.265
300.262
300.259
300.258
300.257
300.255
300.254
300.253
300.253
300.254
300.258
300.265
300.272
300.277
300.28
300.28
300.281
300.281
300.28
300.279
300.278
300.276
300.274
300.271
300.269
300.267
300.267
300.267
300.27
300.274
300.278
300.28
300.281
300.281
300.281
300.277
300.277
300.279
300.279
300.28
300.28
300.28
300.279
300.279
300.277
300.276
300.276
300.277
300.279
300.28
300.281
300.281
300.28
300.279
300.278
300.272
300.273
300.275
300.277
300.278
300.278
300.279
300.279
300.279
300.278
300.278
300.279
300.279
300.28
300.28
300.279
300.278
300.277
300.276
300.275
300.267
300.269
300.271
300.274
300.275
300.277
300.278
300.278
300.278
300.278
300.278
300.279
300.279
300.279
300.278
300.277
300.276
300.274
300.272
300.27
300.26
300.263
300.266
300.269
300.272
300.275
300.277
300.278
300.279
300.278
300.278
300.278
300.278
300.277
300.275
300.273
300.271
300.269
300.266
300.263
300.181
300.181
300.18
300.179
300.177
300.175
300.174
300.174
300.174
300.174
300.174
300.172
300.171
300.171
300.172
300.174
300.176
300.179
300.182
300.184
300.2
300.203
300.205
300.206
300.207
300.208
300.208
300.209
300.208
300.208
300.207
300.206
300.205
300.203
300.202
300.203
300.203
300.203
300.203
300.203
300.213
300.217
300.22
300.224
300.227
300.228
300.23
300.23
300.231
300.23
300.228
300.227
300.226
300.224
300.224
300.222
300.22
300.218
300.216
300.214
300.264
300.256
300.247
300.241
300.242
300.244
300.245
300.246
300.245
300.244
300.243
300.242
300.24
300.239
300.238
300.236
300.234
300.234
300.24
300.25
300.282
300.281
300.279
300.276
300.272
300.268
300.265
300.262
300.259
300.255
300.254
300.253
300.252
300.253
300.255
300.261
300.268
300.275
300.28
300.281
300.279
300.28
300.281
300.281
300.281
300.281
300.28
300.279
300.277
300.275
300.272
300.27
300.271
300.274
300.278
300.28
300.282
300.282
300.281
300.28
300.275
300.277
300.279
300.28
300.281
300.282
300.282
300.282
300.282
300.282
300.282
300.282
300.282
300.283
300.282
300.282
300.281
300.28
300.278
300.277
300.27
300.272
300.275
300.276
300.278
300.279
300.28
300.28
300.281
300.281
300.281
300.282
300.282
300.281
300.281
300.28
300.279
300.277
300.275
300.272
300.265
300.267
300.27
300.272
300.274
300.276
300.277
300.277
300.278
300.278
300.278
300.279
300.279
300.278
300.277
300.276
300.274
300.272
300.27
300.267
300.258
300.26
300.263
300.266
300.269
300.271
300.273
300.274
300.274
300.274
300.274
300.275
300.274
300.274
300.272
300.27
300.268
300.266
300.263
300.261
)
;

boundaryField
{
    floor
    {
        type            fixedValue;
        value           nonuniform List<scalar> 
400
(
300
300
300
300
300
300
300
300
300
300
300
300
300
300
300
300
300
300
300
300
300
300
300
300
300
300
300
300
300
300
300
300
300
300
300
300
300
300
300
300
300
300
300
300
300
300
300
300
300
300
300
300
300
300
300
300
300
300
300
300
300
300
300
300
300
300
300
300
300
300
300
300
300
300
300
300
300
300
300
300
300
300
300
300
300
300
300
300
300
300
300
300
300
300
300
300
300
300
300
300
300
300
300
300
300
300
300
300
300
300
300
300
300
300
300
300
300
300
300
300
300
300
300
300
300
300
300
300
300
300
300
300
300
300
300
300
300
300
300
300
300
300
300
300
300
300
300
300
300
300
300
300
300
300
300
300
300
300
300
300
300
300
300
300
300
300
300
300
300
300
300
300
300
300
300
300
300
300
300
300
300
300
300
300
300
300
300
300
300
600
600
300
300
300
300
300
300
300
300
300
300
300
300
300
300
300
300
300
300
600
600
300
300
300
300
300
300
300
300
300
300
300
300
300
300
300
300
300
300
300
300
300
300
300
300
300
300
300
300
300
300
300
300
300
300
300
300
300
300
300
300
300
300
300
300
300
300
300
300
300
300
300
300
300
300
300
300
300
300
300
300
300
300
300
300
300
300
300
300
300
300
300
300
300
300
300
300
300
300
300
300
300
300
300
300
300
300
300
300
300
300
300
300
300
300
300
300
300
300
300
300
300
300
300
300
300
300
300
300
300
300
300
300
300
300
300
300
300
300
300
300
300
300
300
300
300
300
300
300
300
300
300
300
300
300
300
300
300
300
300
300
300
300
300
300
300
300
300
300
300
300
300
300
300
300
300
300
300
300
300
300
300
300
300
300
300
300
300
300
300
300
300
300
300
300
300
300
300
300
300
300
300
300
300
300
300
300
300
300
300
)
;
    }
    ceiling
    {
        type            fixedValue;
        value           uniform 300;
    }
    fixedWalls
    {
        type            zeroGradient;
    }
}


// ************************************************************************* //
