/*--------------------------------*- C++ -*----------------------------------*\
| =========                 |                                                 |
| \\      /  F ield         | OpenFOAM: The Open Source CFD Toolbox           |
|  \\    /   O peration     | Version:  1.7.1                                 |
|   \\  /    A nd           | Web:      www.OpenFOAM.com                      |
|    \\/     M anipulation  |                                                 |
\*---------------------------------------------------------------------------*/
FoamFile
{
    version     2.0;
    format      ascii;
    class       volScalarField;
    location    "1600";
    object      alphat;
}
// * * * * * * * * * * * * * * * * * * * * * * * * * * * * * * * * * * * * * //

dimensions      [1 -1 -1 0 0 0 0];

internalField   nonuniform List<scalar> 
4000
(
0.00011439
0.000115494
0.000113605
0.000113078
0.000112207
0.000110499
0.000108511
0.000106642
0.000105235
0.000104408
0.000103665
0.000102761
0.000102663
0.000103724
0.000105473
0.000106319
0.00010606
0.000106966
0.000107164
0.000103391
0.0001349
0.000138597
0.000136932
0.000137113
0.00013405
0.000130838
0.000129579
0.000128302
0.00012811
0.000128811
0.000129059
0.000128269
0.0001282
0.000128829
0.000130535
0.000132792
0.000134315
0.000134496
0.000136815
0.000125917
0.000202623
0.00017029
0.000157877
0.000161641
0.000159973
0.000156362
0.000154221
0.000152632
0.000153395
0.00015518
0.000156129
0.000154856
0.000156316
0.000158239
0.000160465
0.000163505
0.000160141
0.000161621
0.000193535
0.000227314
0.000304562
0.000290105
0.000264472
0.00022842
0.000189306
0.000173884
0.000173882
0.000172236
0.000172897
0.00017548
0.000176545
0.000175853
0.000178539
0.000178266
0.000188008
0.000217552
0.000252
0.000283501
0.000306178
0.000320642
0.000335832
0.000330432
0.000318558
0.000301841
0.000284177
0.000263241
0.000234194
0.000203477
0.000192492
0.000194318
0.000193326
0.000203216
0.000229406
0.000256325
0.000278598
0.000297599
0.000315395
0.0003315
0.000343901
0.000350079
0.000353113
0.000356325
0.000354678
0.000350373
0.000345697
0.000338996
0.000330801
0.000322022
0.000312719
0.000304965
0.000305088
0.000315194
0.000327569
0.000338967
0.00034846
0.00035567
0.000361674
0.00036717
0.000369835
0.000367093
0.00036645
0.000379803
0.00039107
0.000400492
0.000408431
0.000413938
0.000416229
0.000414875
0.000409086
0.000398894
0.000397426
0.000406877
0.000415294
0.000419836
0.000420223
0.000417
0.000411139
0.000403492
0.000393628
0.000380442
0.000379974
0.000403832
0.000426563
0.000445944
0.000461889
0.000473981
0.000481584
0.000483986
0.00048009
0.000468103
0.000466647
0.000477446
0.000483991
0.000484587
0.000479723
0.000470149
0.000456424
0.000438953
0.000417632
0.000394096
0.000395863
0.000430487
0.000462714
0.000489602
0.000511804
0.000529271
0.00054131
0.000546929
0.000544265
0.000530403
0.000529403
0.000542605
0.000548104
0.000545393
0.000535821
0.000520644
0.000500399
0.000475182
0.000444286
0.00040994
0.000416433
0.000463664
0.000504639
0.00053744
0.000564225
0.000585684
0.000601831
0.000611785
0.000613406
0.00060188
0.000601981
0.000614158
0.000614971
0.000607476
0.00059354
0.00057393
0.000548669
0.000517161
0.000477226
0.000430393
0.000115494
0.000126048
0.000131573
0.000135018
0.000135695
0.000133968
0.000130894
0.000128207
0.000126361
0.000125376
0.000124229
0.000122802
0.000122854
0.000125524
0.000128555
0.000129078
0.000127323
0.000124303
0.000119484
0.000106654
0.000138597
0.000253744
0.000328137
0.000373933
0.000384915
0.000385249
0.000384185
0.000376144
0.000378368
0.000388276
0.000390968
0.000386255
0.000388752
0.000392135
0.000388423
0.000386665
0.000369086
0.000311546
0.000266494
0.000137074
0.000170289
0.00024742
0.000385731
0.000408912
0.000387933
0.000398854
0.000415319
0.000424327
0.000444985
0.000465562
0.000468534
0.000454434
0.000446836
0.000436854
0.000412475
0.000417478
0.000425716
0.000310491
0.00022386
0.000192988
0.000290105
0.000345727
0.000341257
0.000340941
0.000354662
0.00041991
0.000420235
0.000400164
0.0004238
0.000451326
0.000448132
0.000421317
0.000420705
0.000418692
0.000372803
0.000352838
0.000348456
0.000362105
0.000373457
0.000308285
0.000330432
0.000419923
0.000426811
0.000398066
0.000366382
0.000351078
0.000343623
0.000341402
0.000393036
0.000423277
0.000406379
0.000353395
0.000336696
0.000339536
0.000354668
0.000384232
0.000418571
0.000442241
0.000435148
0.000346189
0.000356325
0.000446244
0.000464852
0.000455689
0.00043188
0.000394464
0.000360309
0.000336039
0.000328136
0.00032595
0.000326347
0.000333643
0.000354922
0.000386625
0.000422506
0.000451565
0.000471159
0.000479125
0.000461531
0.00037163
0.000379803
0.000473537
0.000506431
0.000523661
0.000531964
0.000523224
0.000486913
0.000443658
0.000405383
0.000388287
0.000388523
0.000415287
0.00046333
0.0005119
0.000541653
0.000549375
0.000540055
0.000523748
0.0004917
0.000394756
0.000403832
0.000503675
0.000549079
0.000590705
0.000633661
0.000668221
0.00068432
0.000680189
0.000651717
0.000601078
0.000591982
0.000631989
0.000667079
0.000682381
0.000674128
0.000646842
0.000608802
0.000571029
0.000525239
0.000418506
0.000430487
0.000536418
0.000596408
0.000650291
0.000705701
0.000755213
0.000784716
0.000789308
0.000761343
0.00069073
0.00067894
0.000742141
0.000785074
0.000790675
0.000764685
0.000721322
0.000669842
0.000617789
0.000558261
0.000445127
0.000463664
0.000514649
0.000559863
0.00059745
0.000629396
0.000656126
0.000677159
0.000690987
0.000694818
0.000684236
0.000684647
0.000696174
0.000695261
0.000684372
0.000665804
0.000640953
0.00061029
0.000573568
0.000528873
0.000477804
0.000113605
0.000131573
0.000140482
0.000144658
0.000146148
0.000144844
0.000142351
0.000140581
0.000139879
0.000139718
0.000138583
0.000136842
0.000136744
0.000139287
0.000142166
0.000142254
0.000139847
0.000134895
0.00012548
0.000106703
0.000136933
0.000328138
0.000402659
0.00043917
0.000456105
0.000467835
0.000475798
0.000481312
0.000498341
0.000518965
0.000520639
0.000508532
0.000500904
0.000495911
0.000484115
0.000474008
0.000454549
0.000403882
0.000327946
0.000134777
0.000157877
0.000385732
0.000466862
0.000473838
0.000469092
0.000490873
0.000507895
0.000525226
0.000560228
0.000589092
0.000588451
0.000566911
0.000551164
0.000543007
0.000516412
0.000504983
0.000510544
0.000452594
0.000344684
0.000156782
0.000264472
0.000341257
0.00037507
0.000414307
0.000458975
0.000528236
0.000514803
0.000489997
0.00051797
0.000547619
0.000543984
0.000522926
0.000520513
0.00053029
0.000498216
0.000451802
0.000409788
0.000383767
0.000365225
0.000285297
0.000318558
0.000426811
0.000446803
0.000433511
0.000422194
0.00042672
0.000437934
0.000452475
0.000492308
0.000504709
0.000494632
0.000472333
0.000444201
0.000426192
0.000421077
0.00043366
0.00045576
0.000470021
0.000446511
0.000335216
0.000354678
0.000464852
0.000495643
0.000486827
0.000457246
0.000427068
0.000402747
0.000388154
0.00039118
0.000404586
0.000395683
0.000389864
0.000401322
0.000424451
0.000452762
0.000483815
0.000509246
0.000514628
0.000482922
0.00037072
0.00039107
0.00050643
0.000549562
0.000561635
0.000545153
0.00051567
0.000477341
0.00044136
0.000415956
0.000406762
0.000409885
0.000436814
0.000478097
0.000519796
0.000555095
0.000582485
0.000587736
0.000571982
0.000526774
0.000406068
0.000426563
0.000549079
0.000615072
0.000667198
0.000708778
0.000713378
0.000701827
0.000683423
0.000654798
0.000614573
0.000613761
0.000670116
0.000718807
0.000748952
0.000762283
0.000744938
0.000700155
0.000645332
0.00057442
0.000440979
0.000462714
0.000596408
0.000719896
0.000852802
0.000986025
0.00110181
0.00116388
0.00118661
0.00116538
0.00106713
0.00106171
0.0011663
0.00121213
0.00120409
0.00113362
0.00102551
0.000891888
0.000755044
0.000623701
0.000477036
0.000504639
0.000559863
0.000607927
0.000648723
0.000684334
0.000715142
0.000740181
0.000757477
0.000763617
0.000753435
0.000753843
0.000765483
0.000762837
0.000748956
0.000726535
0.000697567
0.000662866
0.000622349
0.000574114
0.000518356
0.000113078
0.000135018
0.000144658
0.000149484
0.000151451
0.000150597
0.000149027
0.000148485
0.000149281
0.000150463
0.000149595
0.000147487
0.000147074
0.000148943
0.000151222
0.000150953
0.000147919
0.000142276
0.000131313
0.00010763
0.000137113
0.000373933
0.00043917
0.000471523
0.000493576
0.00050986
0.000522229
0.00053978
0.000570922
0.000603537
0.000606221
0.000587332
0.000569629
0.000557722
0.000541106
0.000521205
0.000497919
0.00046039
0.000382905
0.000134313
0.000161641
0.000408912
0.000473838
0.000496387
0.000519507
0.000546812
0.000561407
0.00058837
0.000635687
0.000670133
0.000668242
0.000641843
0.000617538
0.000607269
0.000585691
0.000554341
0.000536853
0.000513112
0.000434702
0.000156623
0.00022842
0.000340941
0.000414307
0.000479624
0.000540745
0.000587072
0.000560873
0.000549106
0.000586353
0.000617653
0.00061459
0.000592813
0.000583674
0.000595182
0.000583247
0.000537349
0.000472244
0.000410238
0.000349757
0.000249799
0.00030184
0.000398066
0.000433511
0.000449869
0.000465534
0.000490235
0.000511707
0.000532858
0.000562439
0.000575644
0.000563794
0.000548636
0.000527133
0.000502372
0.000479105
0.000467405
0.000464029
0.000457324
0.000423957
0.000319291
0.000350372
0.000455689
0.000486827
0.000484833
0.000471995
0.00045976
0.000452111
0.000453609
0.000479988
0.00052759
0.00050285
0.000466847
0.000457078
0.000464229
0.000478354
0.000496394
0.000512946
0.000512166
0.000477115
0.00036605
0.000400492
0.000523661
0.000561635
0.000564971
0.000553564
0.000532462
0.000507852
0.00048796
0.000482821
0.000498237
0.000507421
0.000516903
0.000537085
0.000559046
0.000579935
0.000596628
0.000603028
0.000590687
0.00054497
0.000414572
0.000445944
0.000590705
0.000667198
0.000722825
0.000758601
0.000769533
0.000764597
0.000752441
0.000729404
0.000701331
0.000711011
0.000776297
0.000824983
0.000846903
0.000848635
0.000822672
0.000772363
0.000704278
0.000615308
0.000459444
0.000489602
0.000650291
0.000852801
0.00110455
0.00131353
0.00140685
0.0014522
0.00145781
0.00139516
0.00127494
0.00126932
0.00141387
0.00151668
0.00153991
0.00150915
0.00139288
0.00116417
0.000900488
0.000680103
0.000503181
0.00053744
0.00059745
0.000648723
0.000692877
0.000732248
0.000767579
0.00079751
0.000819258
0.000828695
0.000822077
0.000822335
0.000830725
0.000825175
0.000807274
0.000780341
0.000746899
0.000708002
0.000663482
0.000611396
0.000550462
0.000112207
0.000135695
0.000146149
0.000151451
0.000153642
0.000153566
0.000153271
0.000154112
0.00015657
0.000159496
0.000159134
0.000156382
0.000155291
0.000155885
0.000156894
0.000156019
0.000152377
0.000145726
0.000133872
0.000107521
0.00013405
0.000384915
0.000456106
0.000493576
0.000519429
0.00053633
0.000553007
0.000581011
0.000625147
0.000668729
0.000673161
0.000647906
0.000619814
0.000599086
0.000579273
0.000553006
0.000520896
0.00048043
0.000402205
0.000130655
0.000159973
0.000387933
0.000469092
0.000519507
0.000559072
0.000581764
0.000600565
0.000639474
0.000696623
0.000733541
0.000732911
0.000704812
0.00066995
0.000648092
0.000629826
0.000594506
0.000548254
0.000498788
0.00041296
0.000156584
0.000189306
0.000354662
0.000458975
0.000540746
0.000599682
0.000610025
0.000586094
0.000597311
0.000643674
0.000674006
0.000673633
0.000649069
0.000628429
0.000629603
0.000630678
0.000600427
0.00053417
0.000448717
0.00034981
0.000212847
0.000284177
0.000366382
0.000422194
0.000465534
0.000505019
0.000541692
0.000565125
0.000589809
0.000623173
0.000646223
0.000634506
0.000607185
0.000585871
0.000563849
0.000531146
0.000497863
0.000467563
0.000434332
0.000386108
0.000299122
0.000345697
0.00043188
0.000457246
0.000471995
0.000480597
0.000488002
0.000496372
0.000514642
0.000565231
0.000635733
0.000604975
0.000543522
0.000510656
0.0004995
0.000497527
0.000497756
0.00049603
0.000485976
0.000457024
0.000360173
0.000408431
0.000531963
0.000545152
0.000553564
0.000556802
0.000552691
0.000545472
0.000544172
0.000565662
0.000622501
0.000639712
0.000608689
0.000597825
0.000597743
0.000601341
0.000602063
0.000596374
0.000586148
0.000554922
0.000421036
0.000461889
0.000633661
0.000708777
0.000758601
0.000798714
0.000815834
0.000821488
0.00082025
0.000807308
0.00079533
0.000817397
0.000873014
0.000911096
0.000920188
0.000910543
0.00088007
0.000823387
0.000750518
0.000655848
0.00047413
0.000511804
0.000705701
0.000986025
0.00131353
0.00148628
0.00160024
0.00167647
0.00169854
0.00162486
0.00146856
0.00146149
0.00164044
0.00176129
0.00177182
0.00170876
0.00159725
0.00140203
0.00104131
0.000735504
0.00052438
0.000564225
0.000629396
0.000684334
0.000732248
0.000777414
0.000819181
0.000855151
0.000882546
0.000897329
0.000896343
0.000896835
0.000898988
0.000887828
0.000864346
0.000831473
0.000791819
0.000747639
0.000698874
0.000642702
0.000576365
0.000110499
0.000133968
0.000144844
0.000150597
0.000153566
0.000155039
0.000156441
0.00015878
0.000163074
0.000168271
0.000168597
0.00016462
0.000162208
0.000160894
0.000159739
0.000157382
0.00015285
0.000145374
0.000132615
0.000105797
0.000130839
0.00038525
0.000467836
0.00050986
0.000536331
0.000555048
0.000577452
0.000614829
0.000666614
0.000712055
0.000717475
0.000691871
0.000656962
0.00062652
0.000600635
0.00057177
0.000535009
0.00048609
0.000399157
0.000127372
0.000156362
0.000398855
0.000490873
0.000546812
0.000581764
0.000604196
0.000633293
0.000677078
0.00072379
0.000737224
0.000743733
0.000740078
0.000707651
0.000674401
0.000648339
0.000617323
0.000569007
0.000500563
0.000397349
0.000154392
0.000173884
0.000419911
0.000528237
0.000587073
0.000610025
0.000605041
0.00060575
0.000637012
0.000673885
0.000674684
0.000682593
0.000684512
0.000659513
0.000644351
0.000641169
0.000629323
0.00058871
0.000513165
0.000392612
0.000175294
0.000263241
0.000351078
0.00042672
0.000490235
0.000541692
0.000577719
0.00060149
0.000627583
0.000657397
0.000663533
0.00065911
0.000646641
0.000625073
0.000605731
0.000575053
0.000531942
0.000481384
0.000424828
0.000358899
0.000279607
0.000338996
0.000394463
0.000427068
0.00045976
0.000488002
0.000511595
0.000534139
0.000567685
0.00063085
0.000692144
0.000668221
0.000605784
0.00055755
0.000530572
0.000512634
0.000495538
0.000475141
0.000450275
0.000422769
0.000352346
0.000413938
0.000523224
0.000515669
0.000532462
0.000552691
0.000565994
0.00057458
0.000590722
0.000639915
0.000736208
0.00075642
0.000683763
0.000641363
0.000622256
0.000610647
0.000595489
0.000574126
0.000554604
0.000548518
0.000424842
0.000473981
0.000668221
0.000713378
0.000769532
0.000815834
0.000844662
0.000864808
0.000873417
0.000864303
0.000862352
0.000891091
0.00093255
0.000964594
0.000964353
0.000941978
0.000903917
0.000844137
0.00076806
0.000687656
0.000484772
0.000529271
0.000755213
0.00110181
0.00140685
0.00160024
0.00175206
0.00185674
0.00187448
0.00174179
0.00148512
0.00147257
0.00172806
0.00191212
0.00193955
0.00185449
0.00170739
0.00151879
0.00115089
0.000782102
0.000540611
0.000585684
0.000656126
0.000715142
0.000767579
0.000819181
0.000867246
0.0009095
0.000942996
0.000964001
0.000970508
0.000971625
0.000964995
0.000946753
0.00091705
0.000878013
0.000832167
0.000781803
0.000728613
0.000668343
0.000596745
0.000108511
0.000130895
0.000142351
0.000149027
0.000153271
0.000156441
0.000159678
0.000163759
0.000170449
0.000179849
0.000180853
0.000173439
0.000168576
0.000164716
0.00016101
0.000156575
0.000150654
0.000142281
0.000129065
0.000103936
0.000129579
0.000384186
0.000475799
0.00052223
0.000553008
0.000577453
0.000605044
0.000648559
0.000698585
0.000732976
0.000736529
0.000717756
0.000685435
0.000648391
0.000614718
0.000581349
0.000543815
0.000494023
0.000402739
0.000126261
0.000154221
0.00041532
0.000507895
0.000561408
0.000600566
0.000633293
0.000667635
0.000700596
0.000704119
0.000644509
0.000657043
0.000724217
0.000728253
0.000697267
0.00066092
0.000624109
0.000580805
0.000519961
0.00042041
0.000153124
0.000173882
0.000420235
0.000514804
0.000560873
0.000586094
0.00060575
0.000632943
0.000658211
0.00063448
0.000545053
0.00055833
0.000657414
0.000675451
0.000654056
0.000631848
0.000611448
0.00058432
0.000536896
0.000434813
0.000170532
0.000234193
0.000343623
0.000437934
0.000511707
0.000565124
0.00060149
0.000629038
0.000649144
0.000627355
0.000542929
0.000545237
0.000634683
0.00064697
0.000629694
0.000603541
0.000561809
0.000504073
0.000431995
0.000346367
0.000250946
0.000330801
0.000360308
0.000402747
0.000452111
0.000496372
0.000534139
0.000569476
0.000610539
0.000645027
0.000602405
0.000593727
0.000628267
0.000596589
0.000560102
0.000528161
0.000495477
0.000458574
0.000417839
0.000380661
0.000341406
0.000416229
0.000486912
0.00047734
0.000507851
0.000545472
0.00057458
0.000597165
0.000629859
0.000694143
0.000749981
0.000766693
0.000733231
0.00067234
0.000636133
0.000611151
0.000581317
0.000544043
0.000513262
0.000518155
0.000425271
0.000481584
0.00068432
0.000701826
0.000764597
0.000821487
0.000864808
0.000894992
0.000901918
0.00088686
0.000883144
0.00090899
0.000943376
0.000977684
0.000981074
0.000952093
0.000902197
0.000833226
0.000751226
0.000703548
0.000490963
0.00054131
0.000784715
0.00116388
0.00145219
0.00167647
0.00185674
0.00196296
0.00192805
0.0016721
0.00133306
0.00132643
0.00162885
0.00191757
0.00200871
0.00193455
0.00176626
0.00154441
0.0012236
0.000812722
0.0005515
0.000601831
0.000677159
0.000740181
0.00079751
0.000855151
0.0009095
0.000958341
0.000999142
0.00103004
0.00105282
0.00105526
0.00103141
0.00100156
0.000963755
0.000917992
0.000866029
0.00080976
0.000752143
0.00068801
0.000611684
0.000106643
0.000128207
0.000140582
0.000148486
0.000154112
0.00015878
0.000163759
0.000170464
0.000180966
0.000195568
0.000196999
0.000184111
0.000175303
0.000168151
0.000161895
0.000155486
0.000148121
0.000138743
0.000125245
0.000102143
0.000128302
0.000376145
0.000481313
0.00053978
0.000581011
0.00061483
0.000648559
0.000689921
0.000706653
0.000616075
0.000610755
0.000702665
0.000702784
0.000671917
0.000634919
0.0005955
0.000551227
0.000493911
0.000393554
0.000124969
0.000152632
0.000424327
0.000525227
0.00058837
0.000639474
0.000677078
0.000700596
0.000690753
0.000591506
0.000416681
0.000418758
0.000596458
0.000703978
0.000716434
0.000687121
0.000643778
0.000589278
0.000523498
0.000424226
0.000152033
0.000172236
0.000400165
0.000489998
0.000549106
0.000597311
0.000637012
0.000658211
0.000624016
0.000490298
0.000461437
0.000444776
0.000502411
0.000639024
0.000665699
0.000640767
0.000602732
0.000551544
0.000488828
0.000396549
0.000172753
0.000203477
0.000341402
0.000452475
0.000532858
0.000589809
0.000627583
0.000649144
0.000614924
0.00048601
0.000604156
0.000561081
0.00048658
0.000620197
0.000642213
0.000618688
0.000580411
0.000523983
0.000441886
0.000336323
0.000217164
0.000322021
0.000336039
0.000388154
0.000453609
0.000514641
0.000567684
0.000610539
0.00061774
0.000520749
0.000715975
0.000663823
0.000506751
0.000606599
0.000594075
0.000552796
0.000504085
0.000450025
0.000394681
0.000349973
0.000330648
0.000414875
0.000443658
0.000441359
0.00048796
0.000544172
0.000590722
0.000629859
0.000670109
0.000654324
0.000818651
0.000810382
0.000684013
0.000702315
0.000656975
0.000615833
0.000569355
0.000514696
0.000469671
0.000469347
0.000422202
0.000483986
0.000680189
0.000683422
0.000752441
0.00082025
0.000873416
0.000901917
0.000899447
0.000880879
0.000947726
0.000960825
0.000918072
0.00095277
0.00096482
0.000940469
0.000884156
0.00080706
0.000723171
0.000697079
0.000491964
0.000546928
0.000789308
0.0011866
0.00145781
0.00169854
0.00187448
0.00192805
0.00176309
0.00146001
0.00141944
0.00141912
0.00144311
0.00173136
0.00193001
0.00191668
0.00176277
0.00152797
0.00123688
0.000813402
0.000555818
0.000611785
0.000690987
0.000757477
0.000819258
0.000882546
0.000942996
0.000999142
0.00105066
0.00110263
0.00116023
0.00116386
0.00110625
0.00105369
0.00100325
0.000949431
0.000891222
0.00082942
0.000767695
0.000700411
0.000620473
0.000105235
0.000126361
0.00013988
0.000149282
0.000156571
0.000163074
0.000170449
0.000180966
0.000192197
0.000206603
0.000209822
0.000194151
0.000183149
0.000172001
0.000163192
0.000155158
0.000146658
0.000136524
0.000122827
0.000101085
0.00012811
0.000378369
0.000498343
0.000570924
0.000625148
0.000666614
0.000698586
0.000706653
0.00057624
0.000558429
0.000546693
0.000553069
0.000681196
0.000690861
0.000665154
0.000624507
0.000572554
0.00050559
0.000394822
0.000125044
0.000153395
0.000444986
0.000560229
0.000635688
0.000696624
0.000723791
0.000704119
0.000591506
0.000405083
0.000739016
0.000729046
0.000409912
0.000573761
0.000697512
0.000719215
0.000688559
0.000625425
0.000551278
0.000443538
0.000153636
0.000172897
0.000423801
0.00051797
0.000586354
0.000643674
0.000673886
0.000634481
0.000490297
0.000479659
0.00110528
0.00108997
0.000490198
0.000489461
0.000635182
0.000667945
0.000635579
0.000571871
0.000500332
0.000403466
0.00017506
0.000192492
0.000393036
0.000492309
0.000562439
0.000623173
0.000657397
0.000627354
0.000486009
0.000671475
0.00152893
0.00150762
0.000668431
0.000482639
0.000620702
0.000638293
0.000600832
0.000545041
0.000473716
0.000356968
0.000201214
0.000312719
0.000328136
0.00039118
0.000479988
0.000565231
0.000630849
0.000645026
0.000520748
0.000825543
0.00187647
0.00184636
0.000802415
0.000507463
0.000623947
0.000603238
0.000539524
0.000463
0.000387589
0.000336076
0.000321125
0.000409086
0.000405382
0.000415955
0.000482821
0.000565661
0.000639914
0.000694142
0.000654323
0.000946119
0.00206469
0.00204173
0.000936031
0.00067179
0.000705287
0.000648305
0.000574663
0.000495706
0.000434498
0.000425907
0.000415537
0.00048009
0.000651717
0.000654797
0.000729403
0.000807307
0.000864302
0.000886859
0.000880878
0.00107325
0.00208145
0.00207136
0.00107664
0.000909533
0.000922849
0.000905471
0.000849339
0.00076728
0.0006842
0.000666879
0.000486892
0.000544265
0.000761342
0.00116538
0.00139516
0.00162486
0.00174179
0.0016721
0.00146001
0.00152257
0.00199713
0.00199312
0.00152384
0.0014486
0.00165617
0.00175212
0.00166185
0.00144499
0.00120349
0.000778777
0.000551963
0.000613406
0.000694818
0.000763616
0.000828695
0.000897329
0.000964001
0.00103004
0.00110263
0.00119205
0.00128945
0.0012934
0.00119775
0.0011078
0.0010346
0.00096936
0.000904295
0.000837146
0.000772405
0.000703075
0.000621149
0.000104408
0.000125376
0.000139719
0.000150463
0.000159497
0.000168272
0.000179849
0.000195568
0.000206603
0.000211009
0.000213908
0.00020818
0.000193516
0.000177181
0.000165125
0.000155678
0.000146342
0.000135791
0.000122072
0.000100868
0.000128811
0.000388278
0.000518966
0.000603539
0.000668731
0.000712056
0.000732977
0.000616076
0.00055843
0.00034685
0.000336617
0.000528981
0.000548299
0.000686644
0.000687862
0.000654716
0.000597902
0.000523733
0.000405587
0.000126095
0.00015518
0.000465563
0.000589094
0.000670135
0.000733543
0.000737226
0.00064451
0.000416681
0.000739016
0.000526395
0.000511356
0.000770051
0.000402577
0.00060023
0.000716383
0.00072221
0.000661578
0.000584908
0.000469218
0.00015641
0.00017548
0.000451327
0.000547621
0.000617655
0.000674007
0.000674685
0.000545053
0.000461436
0.00110528
0.000742612
0.000723014
0.00117037
0.00047909
0.000526096
0.00066458
0.000667838
0.000605898
0.00053396
0.000439066
0.000178712
0.000194318
0.000423278
0.000504711
0.000575645
0.000646225
0.000663534
0.000542929
0.000604155
0.00152893
0.000998527
0.000974235
0.00160482
0.00061537
0.000529536
0.000646816
0.000628709
0.000555474
0.000486985
0.000406722
0.000201221
0.000304964
0.00032595
0.000404587
0.000527591
0.000635734
0.000692144
0.000602405
0.000715973
0.00187647
0.00127962
0.00125149
0.00194202
0.000718797
0.000587062
0.000664122
0.000602244
0.000500939
0.000394413
0.00033272
0.000312306
0.000398894
0.000388287
0.000406762
0.000498237
0.000622501
0.000736208
0.00074998
0.000818648
0.00206468
0.0015502
0.00151983
0.00211479
0.000824238
0.00074441
0.000729599
0.000616432
0.000497853
0.000415929
0.000400491
0.000404894
0.000468103
0.000601078
0.000614573
0.000701331
0.000795329
0.000862351
0.000883143
0.000947725
0.00208144
0.00175166
0.00171939
0.00211714
0.000960807
0.000898374
0.000879734
0.000815675
0.000723244
0.000635742
0.000612858
0.000474954
0.000530403
0.000690729
0.00106713
0.00127494
0.00146856
0.00148512
0.00133306
0.00141944
0.00199712
0.00187766
0.0018494
0.00202088
0.00142837
0.00132702
0.00147687
0.00148347
0.00130664
0.00111063
0.000704308
0.000538279
0.00060188
0.000684236
0.000753435
0.000822077
0.000896343
0.000970508
0.00105282
0.00116023
0.00128945
0.0013389
0.00133546
0.00129844
0.0011682
0.00105905
0.000975921
0.000902506
0.000829548
0.000762146
0.00069257
0.000609979
0.000103665
0.000124229
0.000138584
0.000149596
0.000159134
0.000168597
0.000180854
0.000196999
0.000209822
0.000213908
0.000213488
0.000208608
0.000194114
0.000177325
0.000164749
0.000155043
0.000145521
0.000134922
0.000121331
0.000100567
0.000129059
0.000390969
0.000520641
0.000606224
0.000673163
0.000717477
0.000736531
0.000610757
0.000546694
0.000336617
0.000323079
0.000520856
0.000532925
0.000685361
0.000689772
0.000656273
0.000597715
0.000522513
0.000405978
0.000126276
0.000156129
0.000468536
0.000588453
0.000668245
0.000732914
0.000743735
0.000657045
0.000418759
0.000729047
0.000511356
0.000496695
0.000773762
0.000399785
0.000609295
0.000721402
0.000720447
0.000658815
0.000583465
0.000470474
0.000157358
0.000176545
0.000448134
0.000543987
0.000614592
0.000673636
0.000682595
0.000558331
0.000444778
0.00108997
0.000723014
0.000706837
0.00117141
0.000463455
0.000538539
0.000671047
0.000665304
0.000602249
0.000529777
0.000434701
0.00017925
0.000193326
0.000406382
0.000494634
0.000563796
0.000634508
0.000659112
0.000545238
0.000561084
0.00150762
0.000974235
0.000954926
0.00159591
0.000574779
0.000535518
0.000645208
0.000618305
0.000547369
0.000476395
0.00038688
0.00019767
0.000305087
0.000326347
0.000395684
0.000502853
0.000604977
0.000668223
0.000593729
0.000663826
0.00184636
0.00125149
0.00122808
0.0019164
0.000666731
0.000585473
0.00065074
0.000583889
0.00048588
0.000390476
0.000333068
0.000309461
0.000397426
0.000388523
0.000409885
0.000507421
0.000639713
0.000756421
0.000766694
0.000810386
0.00204174
0.00151983
0.00149317
0.00208991
0.000807223
0.000756748
0.000745519
0.000633264
0.000511067
0.000421963
0.000399425
0.000400788
0.000466647
0.000591982
0.000613761
0.00071101
0.000817397
0.000891091
0.000908991
0.000960828
0.00207137
0.00171939
0.00169113
0.00209662
0.000962403
0.000916709
0.000901394
0.000834366
0.000733947
0.000636054
0.00060433
0.000471179
0.000529404
0.00067894
0.00106171
0.00126932
0.00146149
0.00147257
0.00132643
0.00141912
0.00199312
0.0018494
0.00182377
0.00200691
0.00142421
0.00132958
0.00147682
0.00148384
0.00130469
0.00110564
0.000692409
0.000535113
0.000601981
0.000684648
0.000753843
0.000822335
0.000896835
0.000971626
0.00105526
0.00116386
0.0012934
0.00133546
0.00133588
0.00130256
0.0011719
0.00106228
0.000978223
0.000903913
0.000830102
0.00076196
0.000691512
0.000607941
0.000102761
0.000122802
0.000136843
0.000147487
0.000156382
0.00016462
0.000173439
0.000184111
0.000194151
0.00020818
0.000208608
0.00019309
0.000181928
0.00016986
0.000160376
0.00015195
0.000143169
0.000132954
0.000119483
9.94842e-05
0.000128269
0.000386256
0.000508534
0.000587335
0.000647909
0.000691874
0.000717758
0.000702667
0.00055307
0.000528981
0.000520857
0.000512651
0.000659187
0.000689196
0.000669044
0.000626614
0.000570407
0.000500506
0.000391012
0.000124762
0.000154857
0.000454436
0.000566914
0.000641847
0.000704815
0.000740081
0.00072422
0.00059646
0.000409913
0.000770051
0.000773762
0.000409957
0.000566909
0.000703135
0.000725
0.000690804
0.000627378
0.000555738
0.000448659
0.000155123
0.000175853
0.000421319
0.000522929
0.000592816
0.000649072
0.000684515
0.000657416
0.000502413
0.000490199
0.00117037
0.00117141
0.000504656
0.000497154
0.000650144
0.000675317
0.000640742
0.000580597
0.00050967
0.000410327
0.000176563
0.000203215
0.000353397
0.000472336
0.000548638
0.000607187
0.000646643
0.000634685
0.000486582
0.000668433
0.00160482
0.00159591
0.000671243
0.000485105
0.00062789
0.000633336
0.000591699
0.000532563
0.000454929
0.000340959
0.000206881
0.000315193
0.000333643
0.000389865
0.000466848
0.000543523
0.000605786
0.000628269
0.000506753
0.000802418
0.00194202
0.0019164
0.000782037
0.000501468
0.00061671
0.000590847
0.000530559
0.000460044
0.000392027
0.000342255
0.000318023
0.000406877
0.000415286
0.000436814
0.000516903
0.00060869
0.000683764
0.000733232
0.000684015
0.000936034
0.00211479
0.00208991
0.00091892
0.00068534
0.000730707
0.000681332
0.000611122
0.000527551
0.000454418
0.000427615
0.000410138
0.000477446
0.000631988
0.000670115
0.000776298
0.000873015
0.000932551
0.000943377
0.000918074
0.00107664
0.00211714
0.00209663
0.00106811
0.000928706
0.000954939
0.00094614
0.000891254
0.000800622
0.000698735
0.000654051
0.000482093
0.000542605
0.000742141
0.0011663
0.00141387
0.00164044
0.00172806
0.00162885
0.00144311
0.00152384
0.00202089
0.00200692
0.00152097
0.00145323
0.00165403
0.00176653
0.00168546
0.00146094
0.00120199
0.000764694
0.000548299
0.000614158
0.000696174
0.000765484
0.000830725
0.000898988
0.000964996
0.00103141
0.00110625
0.00119775
0.00129844
0.00130256
0.00120359
0.00111257
0.00103832
0.000972557
0.000906999
0.000838934
0.000772936
0.00070236
0.000619426
0.000102663
0.000122854
0.000136745
0.000147075
0.000155291
0.000162208
0.000168576
0.000175303
0.000183149
0.000193516
0.000194114
0.000181928
0.000172224
0.000163647
0.000156283
0.00014896
0.000140673
0.000130587
0.000117194
9.78581e-05
0.0001282
0.000388754
0.000500906
0.000569632
0.000619817
0.000656965
0.000685437
0.000702786
0.000681196
0.0005483
0.000532925
0.000659187
0.000687347
0.00066814
0.000633387
0.000591984
0.000543302
0.000482151
0.000381955
0.000123409
0.000156317
0.000446838
0.000551166
0.00061754
0.000669953
0.000707655
0.000728256
0.00070398
0.000573762
0.000402578
0.000399785
0.000566909
0.000697507
0.000720053
0.000694967
0.000653633
0.000599498
0.000534844
0.000435627
0.000154779
0.000178539
0.000420706
0.000520515
0.000583676
0.000628432
0.000659516
0.000675453
0.000639026
0.000489462
0.000479091
0.000463455
0.000497154
0.000644413
0.000674697
0.000655321
0.000623779
0.000579412
0.000517293
0.00042021
0.000174432
0.000229406
0.000336697
0.000444203
0.000527135
0.000585873
0.000625075
0.000646972
0.000620198
0.00048264
0.000615371
0.000574779
0.000485105
0.000621833
0.000637959
0.000611358
0.000569221
0.000509352
0.000428683
0.000333622
0.000230451
0.000327569
0.000354922
0.000401323
0.000457079
0.000510658
0.000557551
0.000596591
0.0006066
0.000507464
0.0007188
0.000666731
0.000501468
0.00059947
0.000585673
0.000548539
0.000505531
0.000457333
0.000407154
0.000362913
0.000329245
0.000415294
0.000463329
0.000478096
0.000537085
0.000597826
0.000641364
0.000672341
0.000702316
0.000671791
0.00082424
0.000807224
0.000685341
0.000716517
0.000682157
0.000649122
0.000606454
0.000549734
0.00049511
0.000476128
0.00041786
0.000483992
0.000667078
0.000718807
0.000824984
0.000911097
0.000964595
0.000977685
0.000952771
0.000909534
0.000960809
0.000962404
0.000928707
0.000975233
0.000998867
0.000984149
0.000931171
0.000847714
0.000745007
0.000689255
0.000487866
0.000548104
0.000785074
0.00121213
0.00151668
0.00176129
0.00191212
0.00191757
0.00173136
0.0014486
0.00142837
0.00142421
0.00145323
0.00175022
0.00195544
0.00195498
0.00180259
0.001558
0.00123976
0.000802919
0.000552685
0.000614972
0.000695262
0.000762838
0.000825175
0.000887829
0.000946753
0.00100156
0.0010537
0.0011078
0.0011682
0.0011719
0.00111257
0.0010594
0.00100838
0.000954183
0.000895305
0.000832416
0.000769138
0.000700286
0.000619168
0.000103724
0.000125524
0.000139287
0.000148943
0.000155885
0.000160894
0.000164716
0.000168151
0.000172001
0.000177181
0.000177325
0.00016986
0.000163647
0.000157976
0.000152528
0.000146563
0.000139232
0.000129691
0.000116374
9.73647e-05
0.000128829
0.000392137
0.000495913
0.000557725
0.000599088
0.000626522
0.000648393
0.000671919
0.000690862
0.000686644
0.000685361
0.000689197
0.00066814
0.000634369
0.000601468
0.000566872
0.000525113
0.000469911
0.000376233
0.000123034
0.00015824
0.000436856
0.00054301
0.000607272
0.000648095
0.000674403
0.00069727
0.000716436
0.000697513
0.00060023
0.000609296
0.000703136
0.000720053
0.000695859
0.000666071
0.000632168
0.000583806
0.000519513
0.000419166
0.000154762
0.000178266
0.000418694
0.000530292
0.000595184
0.000629605
0.000644352
0.000654058
0.000665701
0.000635184
0.000526097
0.000538539
0.000650144
0.000674697
0.000661849
0.000649484
0.00062939
0.000587223
0.00051716
0.000404144
0.000171864
0.000256325
0.000339536
0.000426194
0.000502373
0.00056385
0.000605732
0.000629695
0.000642215
0.000620703
0.000529537
0.000535519
0.00062789
0.000637959
0.000618624
0.000588928
0.000544079
0.000485551
0.00041756
0.00034024
0.000257103
0.000338967
0.000386624
0.000424451
0.00046423
0.000499501
0.000530573
0.000560103
0.000594076
0.000623948
0.000587063
0.000585473
0.00061671
0.000585673
0.000554516
0.000528504
0.000501116
0.000468897
0.000431321
0.000393456
0.000341096
0.000419836
0.000511899
0.000519796
0.000559046
0.000597743
0.000622256
0.000636133
0.000656976
0.000705288
0.00074441
0.000756748
0.000730707
0.000682157
0.000655652
0.000638064
0.000612015
0.000574036
0.000536722
0.000527095
0.000422301
0.000484587
0.000682381
0.000748952
0.000846903
0.000920189
0.000964354
0.000981075
0.000964821
0.00092285
0.000898375
0.00091671
0.00095494
0.000998867
0.00101249
0.00099167
0.000945157
0.00087146
0.000773803
0.000701709
0.000487915
0.000545393
0.000790675
0.00120409
0.00153991
0.00177183
0.00193955
0.00200871
0.00193001
0.00165617
0.00132702
0.00132958
0.00165403
0.00195544
0.00205331
0.00198059
0.00180998
0.00157749
0.00122258
0.000804094
0.000549005
0.000607477
0.000684372
0.000748956
0.000807274
0.000864346
0.00091705
0.000963755
0.00100325
0.0010346
0.00105905
0.00106228
0.00103832
0.00100838
0.000970166
0.000923751
0.00087083
0.000813267
0.000753929
0.000688184
0.00061071
0.000105473
0.000128555
0.000142166
0.000151222
0.000156894
0.00015974
0.00016101
0.000161895
0.000163192
0.000165126
0.000164749
0.000160377
0.000156283
0.000152528
0.000148835
0.000144576
0.000139033
0.000130763
0.000117846
9.78143e-05
0.000130535
0.000388425
0.000484118
0.000541108
0.000579276
0.000600637
0.00061472
0.000634921
0.000665156
0.000687863
0.000689773
0.000669045
0.000633388
0.000601468
0.000574183
0.00054172
0.000504205
0.00045863
0.000375414
0.000123922
0.000160465
0.000412477
0.000516415
0.000585694
0.000629829
0.000648341
0.000660922
0.000687124
0.000719217
0.000716385
0.000721403
0.000725001
0.000694967
0.000666071
0.000643972
0.000607046
0.000560682
0.000509458
0.000423962
0.000155393
0.000188008
0.000372805
0.000498217
0.000583248
0.00063068
0.00064117
0.00063185
0.000640769
0.000667947
0.000664581
0.000671047
0.000675317
0.000655321
0.000649484
0.000646879
0.000615823
0.000553622
0.000467274
0.000358861
0.000200179
0.000278598
0.000354669
0.000421077
0.000479106
0.000531147
0.000575054
0.000603542
0.000618689
0.000638295
0.000646817
0.000645209
0.000633336
0.000611358
0.000588928
0.000556249
0.000514968
0.000470449
0.00042128
0.000357922
0.00027589
0.00034846
0.000422506
0.000452762
0.000478354
0.000497527
0.000512634
0.000528161
0.000552797
0.000603239
0.000664123
0.000650741
0.000590847
0.000548539
0.000528504
0.000516467
0.000504529
0.000487607
0.000462733
0.000430678
0.00035124
0.000420223
0.000541652
0.000555095
0.000579935
0.000601341
0.000610647
0.000611152
0.000615834
0.000648306
0.000729599
0.00074552
0.000681332
0.000649122
0.000638064
0.000632533
0.000620326
0.000597969
0.000572984
0.000556242
0.000422928
0.000479723
0.000674128
0.000762283
0.000848636
0.000910543
0.000941979
0.000952094
0.00094047
0.000905471
0.000879734
0.000901394
0.00094614
0.00098415
0.00099167
0.000975816
0.000940442
0.000875823
0.000786638
0.000691146
0.000482848
0.000535822
0.000764685
0.00113362
0.00150915
0.00170876
0.0018545
0.00193455
0.00191668
0.00175212
0.00147687
0.00147682
0.00176653
0.00195498
0.00198059
0.00189767
0.00174806
0.00154765
0.00114863
0.000776712
0.000538902
0.000593541
0.000665805
0.000726536
0.000780341
0.000831473
0.000878013
0.000917993
0.000949431
0.00096936
0.000975921
0.000978223
0.000972557
0.000954183
0.000923751
0.000883895
0.00083695
0.000785162
0.000730331
0.000668608
0.000596075
0.000106319
0.000129079
0.000142254
0.000150953
0.000156019
0.000157382
0.000156575
0.000155486
0.000155159
0.000155678
0.000155043
0.00015195
0.00014896
0.000146563
0.000144576
0.000142095
0.000137349
0.000129549
0.000117295
9.82379e-05
0.000132792
0.000386667
0.00047401
0.000521207
0.000553008
0.000571771
0.000581351
0.000595501
0.000624508
0.000654717
0.000656274
0.000626615
0.000591984
0.000566872
0.00054172
0.000514154
0.000485828
0.000442886
0.000360923
0.000125454
0.000163506
0.000417479
0.000504984
0.000554343
0.000594508
0.000617325
0.000624111
0.00064378
0.00068856
0.000722212
0.000720449
0.000690804
0.000653634
0.000632168
0.000607046
0.000576384
0.000556126
0.000522031
0.000436432
0.000155991
0.000217551
0.000352839
0.000451802
0.00053735
0.000600428
0.000629324
0.000611449
0.000602733
0.000635581
0.000667839
0.000665305
0.000640743
0.000623779
0.00062939
0.000615823
0.000566569
0.000501879
0.000431797
0.000351398
0.000225611
0.000297599
0.000384231
0.00043366
0.000467405
0.000497864
0.000531943
0.00056181
0.000580412
0.000600833
0.00062871
0.000618306
0.0005917
0.000569222
0.000544079
0.000514968
0.000490041
0.000467957
0.000439194
0.000390675
0.000299048
0.000355669
0.000451564
0.000483815
0.000496394
0.000497756
0.000495539
0.000495477
0.000504086
0.000539526
0.000602245
0.000583891
0.00053056
0.000505532
0.000501116
0.000504529
0.000509725
0.000510385
0.000498335
0.000463827
0.00035894
0.000417
0.000549375
0.000582485
0.000596628
0.000602063
0.000595489
0.000581318
0.000569356
0.000574664
0.000616433
0.000633265
0.000611122
0.000606454
0.000612015
0.000620326
0.000623461
0.000616898
0.000602167
0.000563219
0.000420146
0.000470149
0.000646842
0.000744938
0.000822672
0.00088007
0.000903918
0.000902198
0.000884157
0.00084934
0.000815675
0.000834366
0.000891254
0.000931171
0.000945157
0.000940442
0.000910942
0.000848982
0.000766641
0.000662543
0.000473354
0.000520644
0.000721323
0.00102551
0.00139288
0.00159726
0.00170739
0.00176626
0.00176277
0.00166185
0.00148347
0.00148384
0.00168546
0.0018026
0.00180998
0.00174806
0.00163176
0.00141376
0.00104106
0.000733471
0.000523544
0.00057393
0.000640954
0.000697568
0.0007469
0.000791819
0.000832167
0.000866029
0.000891222
0.000904295
0.000902506
0.000903913
0.000906999
0.000895305
0.00087083
0.00083695
0.000796043
0.000750512
0.000700216
0.000642885
0.000576018
0.00010606
0.000127323
0.000139847
0.000147919
0.000152378
0.00015285
0.000150654
0.000148121
0.000146658
0.000146342
0.000145522
0.000143169
0.000140673
0.000139232
0.000139033
0.000137349
0.000132619
0.000125714
0.000115888
9.8482e-05
0.000134315
0.000369088
0.00045455
0.00049792
0.000520898
0.000535011
0.000543816
0.000551228
0.000572554
0.000597903
0.000597716
0.000570408
0.000543302
0.000525113
0.000504205
0.000485828
0.000457092
0.000406457
0.000332413
0.000126841
0.000160141
0.000425717
0.000510545
0.000536854
0.000548255
0.000569009
0.000580806
0.00058928
0.000625426
0.00066158
0.000658817
0.000627379
0.000599498
0.000583805
0.000560682
0.000556126
0.000550312
0.00048038
0.000375481
0.000153996
0.000252
0.000348456
0.000409789
0.000472245
0.000534171
0.000588711
0.00058432
0.000551545
0.000571872
0.000605899
0.000602251
0.000580597
0.000579412
0.000587223
0.000553622
0.000501879
0.000450336
0.000400287
0.000348957
0.000254124
0.000315395
0.000418571
0.000455759
0.000464029
0.000467563
0.000481385
0.000504073
0.000523984
0.000545042
0.000555475
0.00054737
0.000532564
0.000509352
0.000485551
0.000470449
0.000467957
0.000469436
0.000465473
0.000430224
0.000321805
0.000361674
0.000471159
0.000509246
0.000512946
0.00049603
0.000475141
0.000458575
0.000450026
0.000463001
0.00050094
0.000485881
0.000460045
0.000457333
0.000468897
0.000487607
0.000510385
0.000529504
0.000526724
0.000485724
0.000366635
0.000411139
0.000540055
0.000587736
0.000603028
0.000596374
0.000574127
0.000544043
0.000514696
0.000495707
0.000497853
0.000511067
0.000527551
0.000549734
0.000574035
0.000597969
0.000616898
0.000623462
0.000606809
0.000554353
0.000415185
0.000456425
0.000608802
0.000700155
0.000772363
0.000823388
0.000844138
0.000833226
0.000807061
0.00076728
0.000723244
0.000733947
0.000800623
0.000847715
0.00087146
0.000875823
0.000848982
0.000794426
0.000720135
0.000623585
0.000460056
0.0005004
0.000669842
0.000891889
0.00116417
0.00140203
0.00151879
0.00154441
0.00152797
0.00144499
0.00130664
0.00130469
0.00146094
0.001558
0.00157749
0.00154765
0.00141376
0.00117374
0.000906829
0.000681915
0.000503457
0.000548669
0.00061029
0.000662867
0.000708002
0.000747639
0.000781803
0.00080976
0.00082942
0.000837146
0.000829548
0.000830102
0.000838935
0.000832416
0.000813267
0.000785162
0.000750512
0.000710184
0.000664428
0.000611587
0.000550659
0.000106966
0.000124303
0.000134895
0.000142276
0.000145726
0.000145374
0.000142281
0.000138743
0.000136524
0.000135792
0.000134922
0.000132954
0.000130587
0.000129691
0.000130763
0.000129549
0.000125714
0.000121544
0.000114744
9.89777e-05
0.000134496
0.000311546
0.000403883
0.000460391
0.000480431
0.000486091
0.000494024
0.000493912
0.000505591
0.000523733
0.000522514
0.000500507
0.000482151
0.000469911
0.00045863
0.000442886
0.000406457
0.000365102
0.000312177
0.000129481
0.000161621
0.000310493
0.000452595
0.000513113
0.000498789
0.000500564
0.000519962
0.000523499
0.000551279
0.000584909
0.000583466
0.000555739
0.000534844
0.000519513
0.000509458
0.000522031
0.000480381
0.00036692
0.000272983
0.000170728
0.000283501
0.000362105
0.000383767
0.000410238
0.000448717
0.000513166
0.000536896
0.000488829
0.000500333
0.000533962
0.000529778
0.00050967
0.000517294
0.00051716
0.000467274
0.000431797
0.000400287
0.000380233
0.000366184
0.00028738
0.0003315
0.000442241
0.000470021
0.000457324
0.000434332
0.000424829
0.000431995
0.000441886
0.000473717
0.000486987
0.000476396
0.00045493
0.000428684
0.00041756
0.00042128
0.000439193
0.000465473
0.000482981
0.000456872
0.000339066
0.00036717
0.000479125
0.000514628
0.000512166
0.000485976
0.000450275
0.000417839
0.000394681
0.00038759
0.000394414
0.000390477
0.000392027
0.000407154
0.000431321
0.000462732
0.000498334
0.000526724
0.000530156
0.000493653
0.000373674
0.000403492
0.000523748
0.000571982
0.000590687
0.000586148
0.000554604
0.000513262
0.000469671
0.000434498
0.000415929
0.000421963
0.000454418
0.00049511
0.000536721
0.000572984
0.000602167
0.000606808
0.000588364
0.000537805
0.000408805
0.000438953
0.000571029
0.000645332
0.000704278
0.000750518
0.00076806
0.000751226
0.000723171
0.000684199
0.000635741
0.000636053
0.000698735
0.000745007
0.000773804
0.000786638
0.000766642
0.000720135
0.000661597
0.00058453
0.00044343
0.000475182
0.00061779
0.000755044
0.000900488
0.00104132
0.00115089
0.0012236
0.00123688
0.00120349
0.00111063
0.00110564
0.00120199
0.00123976
0.00122258
0.00114863
0.00104106
0.000906829
0.000766767
0.000629104
0.000478842
0.000517161
0.000573568
0.00062235
0.000663482
0.000698874
0.000728613
0.000752144
0.000767695
0.000772405
0.000762146
0.000761961
0.000772936
0.000769139
0.00075393
0.000730331
0.000700216
0.000664428
0.000623131
0.000574679
0.000519561
0.000107163
0.000119484
0.000125481
0.000131313
0.000133872
0.000132615
0.000129066
0.000125245
0.000122827
0.000122072
0.000121332
0.000119483
0.000117194
0.000116374
0.000117846
0.000117295
0.000115888
0.000114744
0.000111878
9.98623e-05
0.000136815
0.000266493
0.000327946
0.000382905
0.000402206
0.000399158
0.00040274
0.000393555
0.000394823
0.000405588
0.000405978
0.000391012
0.000381955
0.000376233
0.000375414
0.000360923
0.000332413
0.000312177
0.000281869
0.000130883
0.000193535
0.00022386
0.000344684
0.000434703
0.00041296
0.00039735
0.000420411
0.000424227
0.000443539
0.000469219
0.000470475
0.000448659
0.000435627
0.000419166
0.000423962
0.000436432
0.000375483
0.000272983
0.000232444
0.000196037
0.000306178
0.000373457
0.000365225
0.000349757
0.00034981
0.000392612
0.000434813
0.00039655
0.000403467
0.000439067
0.000434702
0.000410327
0.000420211
0.000404146
0.000358861
0.000351398
0.000348957
0.000366184
0.000383313
0.00031437
0.000343901
0.000435148
0.000446512
0.000423958
0.000386108
0.000358899
0.000346367
0.000336324
0.000356969
0.000406724
0.000386882
0.00034096
0.000333623
0.00034024
0.000357922
0.000390675
0.000430224
0.000456872
0.000447822
0.000351793
0.000369835
0.000461531
0.000482922
0.000477115
0.000457024
0.000422769
0.000380661
0.000349973
0.000336076
0.00033272
0.000333068
0.000342255
0.000362913
0.000393455
0.000430678
0.000463827
0.000485724
0.000493653
0.000473636
0.000377308
0.000393628
0.000491701
0.000526774
0.000544969
0.000554922
0.000548517
0.000518155
0.000469347
0.000425907
0.000400491
0.000399425
0.000427615
0.000476128
0.000527095
0.000556242
0.000563219
0.000554353
0.000537805
0.000503346
0.000400239
0.000417633
0.00052524
0.00057442
0.000615307
0.000655848
0.000687656
0.000703547
0.000697078
0.000666878
0.000612857
0.00060433
0.000654051
0.000689255
0.00070171
0.000691147
0.000662543
0.000623585
0.00058453
0.000536111
0.000423348
0.000444287
0.000558261
0.000623701
0.000680103
0.000735504
0.000782102
0.000812722
0.000813401
0.000778777
0.000704307
0.000692409
0.000764694
0.00080292
0.000804095
0.000776713
0.000733472
0.000681915
0.000629104
0.00056635
0.000449053
0.000477226
0.000528873
0.000574114
0.000611396
0.000642702
0.000668343
0.00068801
0.000700411
0.000703075
0.00069257
0.000691512
0.00070236
0.000700286
0.000688184
0.000668608
0.000642885
0.000611587
0.000574679
0.000530452
0.000480704
0.00010339
0.000106654
0.000106703
0.00010763
0.000107521
0.000105797
0.000103936
0.000102143
0.000101085
0.000100868
0.000100567
9.94843e-05
9.78581e-05
9.73647e-05
9.78142e-05
9.82378e-05
9.84819e-05
9.89776e-05
9.98622e-05
9.83689e-05
0.000125917
0.000137074
0.000134777
0.000134313
0.000130655
0.000127372
0.000126261
0.000124969
0.000125044
0.000126095
0.000126277
0.000124762
0.000123409
0.000123034
0.000123922
0.000125454
0.000126841
0.000129481
0.000130883
0.000124648
0.000227314
0.000192988
0.000156782
0.000156623
0.000156584
0.000154392
0.000153124
0.000152033
0.000153636
0.00015641
0.000157359
0.000155123
0.000154779
0.000154762
0.000155393
0.000155991
0.000153996
0.000170728
0.000196036
0.000236095
0.000320642
0.000308285
0.000285297
0.000249799
0.000212847
0.000175294
0.000170533
0.000172753
0.00017506
0.000178713
0.00017925
0.000176563
0.000174432
0.000171864
0.000200179
0.00022561
0.000254123
0.00028738
0.00031437
0.000329051
0.000350079
0.000346189
0.000335216
0.000319291
0.000299123
0.000279607
0.000250946
0.000217164
0.000201214
0.000201221
0.00019767
0.00020688
0.000230451
0.000257103
0.000275889
0.000299047
0.000321805
0.000339065
0.000351793
0.000358199
0.000367093
0.00037163
0.00037072
0.00036605
0.000360173
0.000352346
0.000341406
0.000330648
0.000321124
0.000312306
0.00030946
0.000318023
0.000329245
0.000341096
0.00035124
0.00035894
0.000366635
0.000373674
0.000377307
0.000375183
0.000380442
0.000394756
0.000406068
0.000414572
0.000421036
0.000424842
0.000425271
0.000422202
0.000415537
0.000404894
0.000400787
0.000410138
0.00041786
0.000422301
0.000422929
0.000420146
0.000415185
0.000408805
0.000400239
0.000388198
0.000394096
0.000418506
0.000440979
0.000459444
0.00047413
0.000484772
0.000490963
0.000491964
0.000486892
0.000474954
0.000471179
0.000482094
0.000487867
0.000487915
0.000482849
0.000473354
0.000460056
0.000443431
0.000423348
0.000401231
0.00040994
0.000445127
0.000477037
0.000503181
0.000524381
0.000540611
0.0005515
0.000555817
0.000551963
0.000538279
0.000535113
0.000548299
0.000552685
0.000549006
0.000538902
0.000523544
0.000503457
0.000478843
0.000449054
0.000416236
0.000430393
0.000477804
0.000518356
0.000550462
0.000576365
0.000596745
0.000611684
0.000620473
0.000621149
0.000609978
0.000607941
0.000619426
0.000619168
0.00061071
0.000596075
0.000576018
0.000550659
0.000519561
0.000480704
0.000435711
)
;

boundaryField
{
    floor
    {
        type            alphatWallFunction;
        Prt             0.85;
        value           nonuniform List<scalar> 
400
(
5.57584e-06
5.77802e-06
5.43026e-06
5.36315e-06
5.23606e-06
4.92302e-06
4.55946e-06
4.22012e-06
3.96032e-06
3.807e-06
3.6693e-06
3.49913e-06
3.46383e-06
3.63636e-06
3.95461e-06
4.10919e-06
4.03287e-06
4.19598e-06
4.20275e-06
3.53197e-06
5.77802e-06
7.72492e-06
8.72322e-06
9.41692e-06
9.593e-06
9.2831e-06
8.72205e-06
8.24368e-06
7.91001e-06
7.72796e-06
7.52296e-06
7.27002e-06
7.25486e-06
7.69371e-06
8.23643e-06
8.32384e-06
7.95801e-06
7.4049e-06
6.506e-06
4.09481e-06
5.43025e-06
8.7232e-06
1.03823e-05
1.12074e-05
1.15197e-05
1.12787e-05
1.08187e-05
1.05033e-05
1.03751e-05
1.03396e-05
1.01445e-05
9.85023e-06
9.81335e-06
1.02181e-05
1.07224e-05
1.07369e-05
1.0266e-05
9.33794e-06
7.61333e-06
4.12689e-06
5.36312e-06
9.41689e-06
1.12074e-05
1.21224e-05
1.24997e-05
1.23364e-05
1.2042e-05
1.19396e-05
1.20726e-05
1.22721e-05
1.21353e-05
1.17915e-05
1.17058e-05
1.19895e-05
1.23733e-05
1.23274e-05
1.17716e-05
1.07304e-05
8.71694e-06
4.3308e-06
5.23603e-06
9.59295e-06
1.15197e-05
1.24997e-05
1.29048e-05
1.2888e-05
1.28272e-05
1.2968e-05
1.33902e-05
1.38949e-05
1.38628e-05
1.342e-05
1.32177e-05
1.32758e-05
1.34201e-05
1.32548e-05
1.2597e-05
1.13895e-05
9.22572e-06
4.32832e-06
4.92299e-06
9.28305e-06
1.12786e-05
1.23363e-05
1.2888e-05
1.31661e-05
1.3421e-05
1.38285e-05
1.45733e-05
1.54754e-05
1.55842e-05
1.49348e-05
1.44955e-05
1.42142e-05
1.39608e-05
1.35129e-05
1.26874e-05
1.13313e-05
8.9986e-06
4.00451e-06
4.55943e-06
8.72199e-06
1.08187e-05
1.20419e-05
1.28272e-05
1.3421e-05
1.40231e-05
1.47447e-05
1.59095e-05
1.75447e-05
1.77999e-05
1.65512e-05
1.56686e-05
1.49329e-05
1.4222e-05
1.33915e-05
1.23049e-05
1.078e-05
8.35975e-06
3.66174e-06
4.22008e-06
8.24362e-06
1.05033e-05
1.19396e-05
1.29679e-05
1.38285e-05
1.47447e-05
1.59401e-05
1.77802e-05
2.03141e-05
2.06703e-05
1.84889e-05
1.68976e-05
1.55738e-05
1.44111e-05
1.3229e-05
1.18822e-05
1.01715e-05
7.69096e-06
3.34065e-06
3.96029e-06
7.90996e-06
1.0375e-05
1.20725e-05
1.33902e-05
1.45733e-05
1.59094e-05
1.77802e-05
1.97502e-05
2.22926e-05
2.29447e-05
2.02766e-05
1.83039e-05
1.62775e-05
1.46677e-05
1.3201e-05
1.16543e-05
9.80697e-06
7.28246e-06
3.16224e-06
3.80697e-06
7.72792e-06
1.03395e-05
1.22721e-05
1.38949e-05
1.54754e-05
1.75446e-05
2.03141e-05
2.22926e-05
4.0798e-06
4.40389e-06
2.2682e-05
2.01211e-05
1.7214e-05
1.50342e-05
1.33217e-05
1.16277e-05
9.70473e-06
7.17255e-06
3.14091e-06
3.66928e-06
7.52293e-06
1.01445e-05
1.21353e-05
1.38627e-05
1.55842e-05
1.77999e-05
2.06702e-05
2.29447e-05
4.40388e-06
4.34845e-06
2.27309e-05
2.02419e-05
1.72612e-05
1.49906e-05
1.32306e-05
1.14982e-05
9.56371e-06
7.05339e-06
3.09818e-06
3.49911e-06
7.26999e-06
9.8502e-06
1.17915e-05
1.342e-05
1.49347e-05
1.65511e-05
1.84888e-05
2.02766e-05
2.2682e-05
2.27309e-05
2.00837e-05
1.80814e-05
1.58995e-05
1.41829e-05
1.26612e-05
1.10737e-05
9.21292e-06
6.72147e-06
2.90287e-06
3.46382e-06
7.25484e-06
9.81332e-06
1.17058e-05
1.32177e-05
1.44955e-05
1.56686e-05
1.68976e-05
1.83039e-05
2.01211e-05
2.02419e-05
1.80814e-05
1.63048e-05
1.47307e-05
1.33908e-05
1.20716e-05
1.05821e-05
8.75458e-06
6.28238e-06
2.59506e-06
3.63635e-06
7.69369e-06
1.02181e-05
1.19894e-05
1.32757e-05
1.42141e-05
1.49328e-05
1.55737e-05
1.62775e-05
1.72139e-05
1.72612e-05
1.58995e-05
1.47307e-05
1.36633e-05
1.2652e-05
1.15608e-05
1.02297e-05
8.50262e-06
6.06363e-06
2.49098e-06
3.95459e-06
8.2364e-06
1.07224e-05
1.23733e-05
1.34201e-05
1.39607e-05
1.42219e-05
1.4411e-05
1.46677e-05
1.50342e-05
1.49905e-05
1.41829e-05
1.33908e-05
1.2652e-05
1.19345e-05
1.11378e-05
1.01396e-05
8.66088e-06
6.31092e-06
2.56189e-06
4.10917e-06
8.32379e-06
1.07368e-05
1.23273e-05
1.32547e-05
1.35129e-05
1.33915e-05
1.32289e-05
1.3201e-05
1.33217e-05
1.32306e-05
1.26611e-05
1.20716e-05
1.15608e-05
1.11378e-05
1.06812e-05
9.83956e-06
8.4421e-06
6.21812e-06
2.6453e-06
4.03285e-06
7.95797e-06
1.02659e-05
1.17715e-05
1.25969e-05
1.26874e-05
1.23049e-05
1.18822e-05
1.16543e-05
1.16277e-05
1.14981e-05
1.10736e-05
1.05821e-05
1.02296e-05
1.01396e-05
9.83956e-06
8.99337e-06
7.74972e-06
5.95044e-06
2.67891e-06
4.19598e-06
7.40486e-06
9.3379e-06
1.07303e-05
1.13895e-05
1.13312e-05
1.078e-05
1.01714e-05
9.80694e-06
9.70469e-06
9.56367e-06
9.21289e-06
8.75456e-06
8.50261e-06
8.66088e-06
8.4421e-06
7.74972e-06
6.96248e-06
5.67298e-06
2.70896e-06
4.20276e-06
6.50599e-06
7.6133e-06
8.71691e-06
9.22569e-06
8.99857e-06
8.35972e-06
7.69093e-06
7.28243e-06
7.17252e-06
7.05336e-06
6.72144e-06
6.28235e-06
6.06363e-06
6.31093e-06
6.21813e-06
5.95045e-06
5.67299e-06
5.0961e-06
2.84206e-06
3.53202e-06
4.09481e-06
4.12687e-06
4.33078e-06
4.3283e-06
4.00449e-06
3.66171e-06
3.34062e-06
3.16222e-06
3.14089e-06
3.09817e-06
2.90285e-06
2.59505e-06
2.49098e-06
2.5619e-06
2.64531e-06
2.67892e-06
2.70897e-06
2.84207e-06
2.53336e-06
)
;
    }
    ceiling
    {
        type            alphatWallFunction;
        Prt             0.85;
        value           nonuniform List<scalar> 
400
(
5.62283e-05
6.35299e-05
6.98367e-05
7.48695e-05
7.89687e-05
8.22471e-05
8.47149e-05
8.62491e-05
8.65348e-05
8.48535e-05
8.4868e-05
8.66722e-05
8.67676e-05
8.56122e-05
8.34851e-05
8.0494e-05
7.66358e-05
7.18114e-05
6.56736e-05
5.84314e-05
6.35299e-05
7.136e-05
7.82627e-05
8.39726e-05
8.88026e-05
9.28277e-05
9.59887e-05
9.8075e-05
9.86844e-05
9.71679e-05
9.72424e-05
9.89256e-05
9.87628e-05
9.71177e-05
9.43287e-05
9.05911e-05
8.59647e-05
8.04015e-05
7.35956e-05
6.57652e-05
6.98367e-05
7.82627e-05
8.55425e-05
9.16829e-05
9.70119e-05
0.000101598
0.000105314
0.000107884
0.000108824
0.000107385
0.000107469
0.000109151
0.000108737
0.000106671
0.000103343
9.90352e-05
9.38542e-05
8.77754e-05
8.04947e-05
7.20107e-05
7.48695e-05
8.39726e-05
9.16829e-05
9.82755e-05
0.000104116
0.000109323
0.000113716
0.000116908
0.000118317
0.000117402
0.000117472
0.000118675
0.000117846
0.000115216
0.000111262
0.000106337
0.00010058
9.39557e-05
8.61525e-05
7.69389e-05
7.89687e-05
8.88026e-05
9.70119e-05
0.000104116
0.000110756
0.000116854
0.000122085
0.000126066
0.000128231
0.000128133
0.000128238
0.000128537
0.000126912
0.000123503
0.000118723
0.000112934
0.000106453
9.92461e-05
9.08829e-05
8.09045e-05
8.22471e-05
9.28277e-05
0.000101598
0.000109323
0.000116854
0.000123822
0.000129923
0.000134751
0.000137788
0.000138754
0.000138945
0.000137992
0.000135373
0.000131102
0.00012547
0.000118826
0.000111486
0.000103673
9.47445e-05
8.40199e-05
8.47149e-05
9.59887e-05
0.000105314
0.000113716
0.000122085
0.000129923
0.000136933
0.000142772
0.000147186
0.00015043
0.000150802
0.000147424
0.000143183
0.000137793
0.000131238
0.000123751
0.000115592
0.000107167
9.77023e-05
8.63056e-05
8.62491e-05
9.8075e-05
0.000107884
0.000116908
0.000126066
0.000134751
0.000142772
0.000150095
0.000157427
0.000165502
0.000166036
0.000157966
0.000150562
0.000143418
0.000135752
0.000127405
0.000118478
0.000109482
9.95776e-05
8.76643e-05
8.65348e-05
9.86844e-05
0.000108824
0.000118317
0.000128231
0.000137788
0.000147186
0.000157427
0.000169925
0.000183427
0.000184006
0.000170742
0.000158174
0.000147862
0.000138605
0.000129303
0.000119626
0.000110205
0.000100011
8.78072e-05
8.48535e-05
9.71679e-05
0.000107385
0.000117402
0.000128133
0.000138754
0.00015043
0.000165502
0.000183427
0.000190143
0.000189815
0.000184643
0.00016661
0.000151316
0.000139546
0.000129062
0.000118551
0.000108745
9.8504e-05
8.61835e-05
8.48679e-05
9.72424e-05
0.000107469
0.000117472
0.000128238
0.000138945
0.000150802
0.000166036
0.000184006
0.000189815
0.00019001
0.000185169
0.000167089
0.000151739
0.000139837
0.000129224
0.000118585
0.000108668
9.82992e-05
8.58406e-05
8.66722e-05
9.89255e-05
0.000109151
0.000118675
0.000128537
0.000137991
0.000147424
0.000157966
0.000170742
0.000184643
0.000185169
0.000171504
0.000158806
0.000148349
0.000139017
0.000129643
0.000119835
0.000110237
9.98694e-05
8.75312e-05
8.67675e-05
9.87628e-05
0.000108737
0.000117846
0.000126912
0.000135373
0.000143183
0.000150562
0.000158174
0.00016661
0.000167089
0.000158806
0.000151321
0.000144097
0.000136375
0.000127932
0.000118852
0.000109642
9.95252e-05
8.74599e-05
8.56121e-05
9.71176e-05
0.000106671
0.000115216
0.000123503
0.000131102
0.000137793
0.000143418
0.000147862
0.000151316
0.000151739
0.000148349
0.000144097
0.000138647
0.000131996
0.000124374
0.000116036
0.000107378
9.77004e-05
8.61623e-05
8.3485e-05
9.43287e-05
0.000103343
0.000111261
0.000118723
0.00012547
0.000131238
0.000135752
0.000138605
0.000139546
0.000139837
0.000139017
0.000136375
0.000131996
0.000126245
0.000119449
0.000111913
0.000103883
9.47679e-05
8.39377e-05
8.04939e-05
9.0591e-05
9.90352e-05
0.000106337
0.000112934
0.000118826
0.000123751
0.000127405
0.000129303
0.000129062
0.000129224
0.000129643
0.000127932
0.000124374
0.000119449
0.000113487
0.000106823
9.94189e-05
9.09148e-05
8.08929e-05
7.66357e-05
8.59647e-05
9.38541e-05
0.00010058
0.000106452
0.000111486
0.000115592
0.000118478
0.000119626
0.000118551
0.000118585
0.000119835
0.000118852
0.000116036
0.000111913
0.000106823
0.000100878
9.40997e-05
8.62157e-05
7.70383e-05
7.18114e-05
8.04014e-05
8.77754e-05
9.39557e-05
9.9246e-05
0.000103673
0.000107167
0.000109482
0.000110205
0.000108745
0.000108668
0.000110237
0.000109642
0.000107378
0.000103883
9.94189e-05
9.40997e-05
8.79331e-05
8.06513e-05
7.22959e-05
6.56736e-05
7.35956e-05
8.04947e-05
8.61524e-05
9.08829e-05
9.47444e-05
9.77023e-05
9.95776e-05
0.000100011
9.8504e-05
9.82992e-05
9.98694e-05
9.95252e-05
9.77003e-05
9.47678e-05
9.09148e-05
8.62157e-05
8.06513e-05
7.3944e-05
6.63387e-05
5.84314e-05
6.57652e-05
7.20107e-05
7.69389e-05
8.09045e-05
8.40199e-05
8.63055e-05
8.76643e-05
8.78072e-05
8.61835e-05
8.58406e-05
8.75312e-05
8.74598e-05
8.61623e-05
8.39377e-05
8.08929e-05
7.70382e-05
7.22958e-05
6.63387e-05
5.93872e-05
)
;
    }
    fixedWalls
    {
        type            alphatWallFunction;
        Prt             0.85;
        value           nonuniform List<scalar> 
800
(
5.55956e-06
9.26227e-06
2.1048e-05
3.85104e-05
4.36087e-05
4.63543e-05
4.84368e-05
5.0531e-05
5.29878e-05
5.61699e-05
5.76169e-06
1.00126e-05
1.54875e-05
3.60817e-05
4.26999e-05
4.68127e-05
5.04921e-05
5.42295e-05
5.83548e-05
6.34652e-05
5.41431e-06
9.76814e-06
1.35501e-05
3.17613e-05
4.07486e-05
4.64944e-05
5.22219e-05
5.77538e-05
6.33379e-05
6.97663e-05
5.34734e-06
9.83111e-06
1.4257e-05
2.57753e-05
3.79675e-05
4.57605e-05
5.36801e-05
6.07641e-05
6.74888e-05
7.47944e-05
5.22041e-06
9.30993e-06
1.39778e-05
1.91663e-05
3.49925e-05
4.49736e-05
5.49182e-05
6.32443e-05
7.09116e-05
7.88897e-05
4.90766e-06
8.72966e-06
1.33369e-05
1.64211e-05
3.15233e-05
4.3856e-05
5.57809e-05
6.51296e-05
7.36037e-05
8.21648e-05
4.54436e-06
8.49707e-06
1.29713e-05
1.64566e-05
2.66186e-05
4.24832e-05
5.61456e-05
6.63266e-05
7.54701e-05
8.46302e-05
4.20523e-06
8.26034e-06
1.26911e-05
1.61544e-05
2.13131e-05
4.10368e-05
5.59478e-05
6.67276e-05
7.63634e-05
8.61627e-05
3.94559e-06
8.22144e-06
1.28319e-05
1.62768e-05
1.95022e-05
3.9557e-05
5.50634e-05
6.61645e-05
7.60052e-05
8.64481e-05
3.79237e-06
8.35183e-06
1.3159e-05
1.67479e-05
1.98989e-05
3.83699e-05
5.35028e-05
6.43448e-05
7.39366e-05
8.47683e-05
3.65479e-06
8.40038e-06
1.33305e-05
1.69457e-05
1.97413e-05
3.84468e-05
5.32829e-05
6.41156e-05
7.37759e-05
8.47827e-05
3.48477e-06
8.25375e-06
1.30884e-05
1.68011e-05
2.13772e-05
4.00864e-05
5.47601e-05
6.57637e-05
7.576e-05
8.65852e-05
3.44955e-06
8.2306e-06
1.33328e-05
1.72576e-05
2.58388e-05
4.20735e-05
5.60691e-05
6.67538e-05
7.65667e-05
8.66806e-05
3.62199e-06
8.33324e-06
1.36768e-05
1.71673e-05
3.03603e-05
4.39055e-05
5.67669e-05
6.68251e-05
7.61241e-05
8.55264e-05
3.93998e-06
8.62493e-06
1.40498e-05
1.87615e-05
3.4046e-05
4.54347e-05
5.68144e-05
6.60569e-05
7.4643e-05
8.34015e-05
4.09441e-06
9.01295e-06
1.45438e-05
2.37682e-05
3.71904e-05
4.65861e-05
5.62972e-05
6.4562e-05
7.23071e-05
8.04134e-05
4.01811e-06
9.28274e-06
1.39483e-05
2.9479e-05
4.01459e-05
4.75562e-05
5.53714e-05
6.24249e-05
6.91909e-05
7.65589e-05
4.18104e-06
9.28763e-06
1.40312e-05
3.47772e-05
4.2773e-05
4.8453e-05
5.41774e-05
5.97081e-05
6.53028e-05
7.17391e-05
4.18771e-06
9.6287e-06
1.91826e-05
3.85977e-05
4.47876e-05
4.8913e-05
5.26526e-05
5.63968e-05
6.05274e-05
6.56069e-05
3.51733e-06
7.74848e-06
2.49444e-05
4.1014e-05
4.58118e-05
4.85199e-05
5.06126e-05
5.27365e-05
5.51975e-05
5.8371e-05
3.51738e-06
7.7485e-06
2.49444e-05
4.1014e-05
4.58118e-05
4.85199e-05
5.06125e-05
5.27365e-05
5.51974e-05
5.8371e-05
4.07985e-06
9.6844e-06
1.90764e-05
3.89589e-05
4.5161e-05
4.9202e-05
5.28273e-05
5.65291e-05
6.06572e-05
6.56984e-05
4.11197e-06
9.38635e-06
1.32822e-05
3.50874e-05
4.33834e-05
4.90306e-05
5.45888e-05
6.00288e-05
6.56003e-05
7.19382e-05
4.31574e-06
9.31622e-06
1.33857e-05
2.91641e-05
4.08016e-05
4.82778e-05
5.59271e-05
6.29107e-05
6.9643e-05
7.68617e-05
4.31328e-06
8.66378e-06
1.33455e-05
2.30806e-05
3.74664e-05
4.73414e-05
5.69566e-05
6.5207e-05
7.29163e-05
8.08235e-05
3.98972e-06
8.08483e-06
1.29701e-05
1.6639e-05
3.42897e-05
4.61018e-05
5.75753e-05
6.68777e-05
7.54231e-05
8.39358e-05
3.64716e-06
7.88605e-06
1.2762e-05
1.59059e-05
2.95668e-05
4.43621e-05
5.76697e-05
6.78636e-05
7.71154e-05
8.62191e-05
3.32625e-06
7.6591e-06
1.25764e-05
1.62802e-05
2.39018e-05
4.26543e-05
5.72224e-05
6.80554e-05
7.78146e-05
8.75764e-05
3.14793e-06
7.6869e-06
1.28759e-05
1.66831e-05
2.12688e-05
4.11584e-05
5.62164e-05
6.73143e-05
7.72747e-05
8.77191e-05
3.1266e-06
7.89043e-06
1.33867e-05
1.73405e-05
2.13697e-05
3.98035e-05
5.45891e-05
6.55123e-05
7.52405e-05
8.6097e-05
3.08393e-06
7.93258e-06
1.35701e-05
1.74566e-05
2.08672e-05
3.9437e-05
5.39811e-05
6.49331e-05
7.47389e-05
8.57542e-05
2.88882e-06
7.65541e-06
1.31634e-05
1.69926e-05
2.23767e-05
4.08606e-05
5.54478e-05
6.65993e-05
7.67158e-05
8.74432e-05
2.58135e-06
7.39666e-06
1.30817e-05
1.66309e-05
2.63072e-05
4.26121e-05
5.66373e-05
6.74681e-05
7.73526e-05
8.7372e-05
2.4774e-06
7.30493e-06
1.3061e-05
1.61207e-05
3.06647e-05
4.44649e-05
5.7304e-05
6.7455e-05
7.67692e-05
8.60758e-05
2.54825e-06
7.44826e-06
1.31552e-05
2.10382e-05
3.37076e-05
4.60344e-05
5.7375e-05
6.66558e-05
7.5214e-05
8.38534e-05
2.63156e-06
7.70555e-06
1.32758e-05
2.53124e-05
3.75082e-05
4.7243e-05
5.69186e-05
6.51753e-05
7.28587e-05
8.08117e-05
2.66513e-06
7.94742e-06
1.2924e-05
3.00025e-05
4.12729e-05
4.84669e-05
5.61302e-05
6.31083e-05
6.97767e-05
7.69608e-05
2.69518e-06
8.46224e-06
1.59538e-05
3.55439e-05
4.40831e-05
4.95964e-05
5.51303e-05
6.05261e-05
6.59913e-05
7.22229e-05
2.82814e-06
8.68372e-06
2.02503e-05
4.00718e-05
4.61396e-05
5.01908e-05
5.37967e-05
5.74052e-05
6.13922e-05
6.62712e-05
2.51964e-06
7.55442e-06
2.70864e-05
4.25042e-05
4.718e-05
4.98739e-05
5.19216e-05
5.39592e-05
5.62987e-05
5.93259e-05
5.55956e-06
9.26227e-06
2.1048e-05
3.85104e-05
4.36087e-05
4.63543e-05
4.84368e-05
5.0531e-05
5.29878e-05
5.61699e-05
5.76169e-06
1.00126e-05
1.54875e-05
3.60817e-05
4.26999e-05
4.68127e-05
5.04921e-05
5.42295e-05
5.83548e-05
6.34652e-05
5.4143e-06
9.76812e-06
1.35501e-05
3.17613e-05
4.07486e-05
4.64944e-05
5.22219e-05
5.77538e-05
6.33379e-05
6.97663e-05
5.34731e-06
9.83108e-06
1.4257e-05
2.57753e-05
3.79675e-05
4.57606e-05
5.36801e-05
6.07641e-05
6.74888e-05
7.47944e-05
5.22038e-06
9.3099e-06
1.39778e-05
1.91664e-05
3.49925e-05
4.49737e-05
5.49182e-05
6.32443e-05
7.09116e-05
7.88897e-05
4.90762e-06
8.72962e-06
1.33368e-05
1.64212e-05
3.15233e-05
4.38561e-05
5.57809e-05
6.51296e-05
7.36037e-05
8.21648e-05
4.54433e-06
8.49703e-06
1.29713e-05
1.64566e-05
2.66186e-05
4.24832e-05
5.61457e-05
6.63266e-05
7.54701e-05
8.46302e-05
4.20519e-06
8.2603e-06
1.26911e-05
1.61544e-05
2.13132e-05
4.10368e-05
5.59478e-05
6.67276e-05
7.63634e-05
8.61627e-05
3.94556e-06
8.2214e-06
1.28319e-05
1.62768e-05
1.95022e-05
3.9557e-05
5.50634e-05
6.61645e-05
7.60052e-05
8.64481e-05
3.79235e-06
8.35179e-06
1.31589e-05
1.67479e-05
1.98989e-05
3.83699e-05
5.35028e-05
6.43448e-05
7.39366e-05
8.47683e-05
3.65477e-06
8.40034e-06
1.33304e-05
1.69457e-05
1.97413e-05
3.84469e-05
5.32829e-05
6.41156e-05
7.37759e-05
8.47827e-05
3.48475e-06
8.25371e-06
1.30884e-05
1.6801e-05
2.13773e-05
4.00864e-05
5.47601e-05
6.57636e-05
7.576e-05
8.65852e-05
3.44954e-06
8.23056e-06
1.33328e-05
1.72575e-05
2.58388e-05
4.20735e-05
5.60691e-05
6.67538e-05
7.65666e-05
8.66805e-05
3.62198e-06
8.3332e-06
1.36768e-05
1.71673e-05
3.03603e-05
4.39056e-05
5.67669e-05
6.68251e-05
7.61241e-05
8.55264e-05
3.93996e-06
8.62489e-06
1.40498e-05
1.87616e-05
3.40461e-05
4.54347e-05
5.68144e-05
6.60569e-05
7.4643e-05
8.34015e-05
4.09438e-06
9.01293e-06
1.45438e-05
2.37683e-05
3.71904e-05
4.65861e-05
5.62972e-05
6.4562e-05
7.23071e-05
8.04133e-05
4.0181e-06
9.28274e-06
1.39483e-05
2.94791e-05
4.0146e-05
4.75562e-05
5.53714e-05
6.24249e-05
6.91908e-05
7.65588e-05
4.18104e-06
9.28764e-06
1.40313e-05
3.47772e-05
4.2773e-05
4.8453e-05
5.41774e-05
5.97081e-05
6.53028e-05
7.17391e-05
4.18772e-06
9.62871e-06
1.91826e-05
3.85977e-05
4.47876e-05
4.8913e-05
5.26526e-05
5.63968e-05
6.05273e-05
6.56068e-05
3.51738e-06
7.7485e-06
2.49444e-05
4.1014e-05
4.58118e-05
4.85199e-05
5.06125e-05
5.27365e-05
5.51974e-05
5.8371e-05
3.51733e-06
7.74848e-06
2.49444e-05
4.1014e-05
4.58118e-05
4.85199e-05
5.06126e-05
5.27365e-05
5.51975e-05
5.8371e-05
4.07985e-06
9.6844e-06
1.90764e-05
3.89589e-05
4.5161e-05
4.9202e-05
5.28274e-05
5.65292e-05
6.06572e-05
6.56984e-05
4.11198e-06
9.38634e-06
1.32822e-05
3.50874e-05
4.33834e-05
4.90307e-05
5.45888e-05
6.00288e-05
6.56003e-05
7.19382e-05
4.31576e-06
9.31621e-06
1.33857e-05
2.91642e-05
4.08016e-05
4.82778e-05
5.59271e-05
6.29107e-05
6.9643e-05
7.68618e-05
4.3133e-06
8.66379e-06
1.33455e-05
2.30806e-05
3.74664e-05
4.73414e-05
5.69566e-05
6.5207e-05
7.29163e-05
8.08235e-05
3.98974e-06
8.08485e-06
1.29701e-05
1.6639e-05
3.42897e-05
4.61018e-05
5.75753e-05
6.68778e-05
7.54231e-05
8.39358e-05
3.64719e-06
7.88607e-06
1.2762e-05
1.5906e-05
2.95668e-05
4.43621e-05
5.76697e-05
6.78636e-05
7.71154e-05
8.62191e-05
3.32627e-06
7.65912e-06
1.25764e-05
1.62802e-05
2.39018e-05
4.26543e-05
5.72224e-05
6.80554e-05
7.78146e-05
8.75765e-05
3.14795e-06
7.68692e-06
1.28759e-05
1.66831e-05
2.12687e-05
4.11583e-05
5.62164e-05
6.73143e-05
7.72747e-05
8.77191e-05
3.12661e-06
7.89046e-06
1.33868e-05
1.73405e-05
2.13697e-05
3.98034e-05
5.45891e-05
6.55123e-05
7.52404e-05
8.6097e-05
3.08395e-06
7.93261e-06
1.35701e-05
1.74566e-05
2.08672e-05
3.9437e-05
5.39811e-05
6.49331e-05
7.47389e-05
8.57542e-05
2.88884e-06
7.65545e-06
1.31634e-05
1.69927e-05
2.23766e-05
4.08606e-05
5.54478e-05
6.65993e-05
7.67158e-05
8.74432e-05
2.58137e-06
7.3967e-06
1.30817e-05
1.66309e-05
2.63071e-05
4.26121e-05
5.66373e-05
6.74681e-05
7.73527e-05
8.7372e-05
2.4774e-06
7.30495e-06
1.3061e-05
1.61207e-05
3.06647e-05
4.44648e-05
5.7304e-05
6.74551e-05
7.67693e-05
8.60758e-05
2.54824e-06
7.44826e-06
1.31552e-05
2.10382e-05
3.37075e-05
4.60344e-05
5.7375e-05
6.66558e-05
7.5214e-05
8.38535e-05
2.63155e-06
7.70553e-06
1.32758e-05
2.53123e-05
3.75081e-05
4.72429e-05
5.69186e-05
6.51753e-05
7.28587e-05
8.08117e-05
2.66512e-06
7.9474e-06
1.29239e-05
3.00024e-05
4.12729e-05
4.84669e-05
5.61302e-05
6.31083e-05
6.97768e-05
7.69608e-05
2.69517e-06
8.46222e-06
1.59537e-05
3.55438e-05
4.40831e-05
4.95964e-05
5.51303e-05
6.05262e-05
6.59914e-05
7.22229e-05
2.82812e-06
8.6837e-06
2.02502e-05
4.00717e-05
4.61396e-05
5.01908e-05
5.37967e-05
5.74052e-05
6.13922e-05
6.62712e-05
2.51964e-06
7.55442e-06
2.70864e-05
4.25042e-05
4.718e-05
4.98739e-05
5.19216e-05
5.39592e-05
5.62987e-05
5.93259e-05
)
;
    }
}


// ************************************************************************* //
