/*--------------------------------*- C++ -*----------------------------------*\
| =========                 |                                                 |
| \\      /  F ield         | OpenFOAM: The Open Source CFD Toolbox           |
|  \\    /   O peration     | Version:  1.7.1                                 |
|   \\  /    A nd           | Web:      www.OpenFOAM.com                      |
|    \\/     M anipulation  |                                                 |
\*---------------------------------------------------------------------------*/
FoamFile
{
    version     2.0;
    format      ascii;
    class       volScalarField;
    location    "1600";
    object      mut;
}
// * * * * * * * * * * * * * * * * * * * * * * * * * * * * * * * * * * * * * //

dimensions      [1 -1 -1 0 0 0 0];

internalField   nonuniform List<scalar> 
4000
(
0.00011439
0.000115494
0.000113605
0.000113078
0.000112207
0.000110499
0.000108511
0.000106642
0.000105235
0.000104408
0.000103665
0.000102761
0.000102663
0.000103724
0.000105473
0.000106319
0.00010606
0.000106966
0.000107164
0.000103391
0.0001349
0.000138597
0.000136932
0.000137113
0.00013405
0.000130838
0.000129579
0.000128302
0.00012811
0.000128811
0.000129059
0.000128269
0.0001282
0.000128829
0.000130535
0.000132792
0.000134315
0.000134496
0.000136815
0.000125917
0.000202623
0.00017029
0.000157877
0.000161641
0.000159973
0.000156362
0.000154221
0.000152632
0.000153395
0.00015518
0.000156129
0.000154856
0.000156316
0.000158239
0.000160465
0.000163505
0.000160141
0.000161621
0.000193535
0.000227314
0.000304562
0.000290105
0.000264472
0.00022842
0.000189306
0.000173884
0.000173882
0.000172236
0.000172897
0.00017548
0.000176545
0.000175853
0.000178539
0.000178266
0.000188008
0.000217552
0.000252
0.000283501
0.000306178
0.000320642
0.000335832
0.000330432
0.000318558
0.000301841
0.000284177
0.000263241
0.000234194
0.000203477
0.000192492
0.000194318
0.000193326
0.000203216
0.000229406
0.000256325
0.000278598
0.000297599
0.000315395
0.0003315
0.000343901
0.000350079
0.000353113
0.000356325
0.000354678
0.000350373
0.000345697
0.000338996
0.000330801
0.000322022
0.000312719
0.000304965
0.000305088
0.000315194
0.000327569
0.000338967
0.00034846
0.00035567
0.000361674
0.00036717
0.000369835
0.000367093
0.00036645
0.000379803
0.00039107
0.000400492
0.000408431
0.000413938
0.000416229
0.000414875
0.000409086
0.000398894
0.000397426
0.000406877
0.000415294
0.000419836
0.000420223
0.000417
0.000411139
0.000403492
0.000393628
0.000380442
0.000379974
0.000403832
0.000426563
0.000445944
0.000461889
0.000473981
0.000481584
0.000483986
0.00048009
0.000468103
0.000466647
0.000477446
0.000483991
0.000484587
0.000479723
0.000470149
0.000456424
0.000438953
0.000417632
0.000394096
0.000395863
0.000430487
0.000462714
0.000489602
0.000511804
0.000529271
0.00054131
0.000546929
0.000544265
0.000530403
0.000529403
0.000542605
0.000548104
0.000545393
0.000535821
0.000520644
0.000500399
0.000475182
0.000444286
0.00040994
0.000416433
0.000463664
0.000504639
0.00053744
0.000564225
0.000585684
0.000601831
0.000611785
0.000613406
0.00060188
0.000601981
0.000614158
0.000614971
0.000607476
0.00059354
0.00057393
0.000548669
0.000517161
0.000477226
0.000430393
0.000115494
0.000126048
0.000131573
0.000135018
0.000135695
0.000133968
0.000130894
0.000128207
0.000126361
0.000125376
0.000124229
0.000122802
0.000122854
0.000125524
0.000128555
0.000129078
0.000127323
0.000124303
0.000119484
0.000106654
0.000138597
0.000253744
0.000328137
0.000373933
0.000384915
0.000385249
0.000384185
0.000376144
0.000378368
0.000388276
0.000390968
0.000386255
0.000388752
0.000392135
0.000388423
0.000386665
0.000369086
0.000311546
0.000266494
0.000137074
0.000170289
0.00024742
0.000385731
0.000408912
0.000387933
0.000398854
0.000415319
0.000424327
0.000444985
0.000465562
0.000468534
0.000454434
0.000446836
0.000436854
0.000412475
0.000417478
0.000425716
0.000310491
0.00022386
0.000192988
0.000290105
0.000345727
0.000341257
0.000340941
0.000354662
0.00041991
0.000420235
0.000400164
0.0004238
0.000451326
0.000448132
0.000421317
0.000420705
0.000418692
0.000372803
0.000352838
0.000348456
0.000362105
0.000373457
0.000308285
0.000330432
0.000419923
0.000426811
0.000398066
0.000366382
0.000351078
0.000343623
0.000341402
0.000393036
0.000423277
0.000406379
0.000353395
0.000336696
0.000339536
0.000354668
0.000384232
0.000418571
0.000442241
0.000435148
0.000346189
0.000356325
0.000446244
0.000464852
0.000455689
0.00043188
0.000394464
0.000360309
0.000336039
0.000328136
0.00032595
0.000326347
0.000333643
0.000354922
0.000386625
0.000422506
0.000451565
0.000471159
0.000479125
0.000461531
0.00037163
0.000379803
0.000473537
0.000506431
0.000523661
0.000531964
0.000523224
0.000486913
0.000443658
0.000405383
0.000388287
0.000388523
0.000415287
0.00046333
0.0005119
0.000541653
0.000549375
0.000540055
0.000523748
0.0004917
0.000394756
0.000403832
0.000503675
0.000549079
0.000590705
0.000633661
0.000668221
0.00068432
0.000680189
0.000651717
0.000601078
0.000591982
0.000631989
0.000667079
0.000682381
0.000674128
0.000646842
0.000608802
0.000571029
0.000525239
0.000418506
0.000430487
0.000536418
0.000596408
0.000650291
0.000705701
0.000755213
0.000784716
0.000789308
0.000761343
0.00069073
0.00067894
0.000742141
0.000785074
0.000790675
0.000764685
0.000721322
0.000669842
0.000617789
0.000558261
0.000445127
0.000463664
0.000514649
0.000559863
0.00059745
0.000629396
0.000656126
0.000677159
0.000690987
0.000694818
0.000684236
0.000684647
0.000696174
0.000695261
0.000684372
0.000665804
0.000640953
0.00061029
0.000573568
0.000528873
0.000477804
0.000113605
0.000131573
0.000140482
0.000144658
0.000146148
0.000144844
0.000142351
0.000140581
0.000139879
0.000139718
0.000138583
0.000136842
0.000136744
0.000139287
0.000142166
0.000142254
0.000139847
0.000134895
0.00012548
0.000106703
0.000136933
0.000328138
0.000402659
0.00043917
0.000456105
0.000467835
0.000475798
0.000481312
0.000498341
0.000518965
0.000520639
0.000508532
0.000500904
0.000495911
0.000484115
0.000474008
0.000454549
0.000403882
0.000327946
0.000134777
0.000157877
0.000385732
0.000466862
0.000473838
0.000469092
0.000490873
0.000507895
0.000525226
0.000560228
0.000589092
0.000588451
0.000566911
0.000551164
0.000543007
0.000516412
0.000504983
0.000510544
0.000452594
0.000344684
0.000156782
0.000264472
0.000341257
0.00037507
0.000414307
0.000458975
0.000528236
0.000514803
0.000489997
0.00051797
0.000547619
0.000543984
0.000522926
0.000520513
0.00053029
0.000498216
0.000451802
0.000409788
0.000383767
0.000365225
0.000285297
0.000318558
0.000426811
0.000446803
0.000433511
0.000422194
0.00042672
0.000437934
0.000452475
0.000492308
0.000504709
0.000494632
0.000472333
0.000444201
0.000426192
0.000421077
0.00043366
0.00045576
0.000470021
0.000446511
0.000335216
0.000354678
0.000464852
0.000495643
0.000486827
0.000457246
0.000427068
0.000402747
0.000388154
0.00039118
0.000404586
0.000395683
0.000389864
0.000401322
0.000424451
0.000452762
0.000483815
0.000509246
0.000514628
0.000482922
0.00037072
0.00039107
0.00050643
0.000549562
0.000561635
0.000545153
0.00051567
0.000477341
0.00044136
0.000415956
0.000406762
0.000409885
0.000436814
0.000478097
0.000519796
0.000555095
0.000582485
0.000587736
0.000571982
0.000526774
0.000406068
0.000426563
0.000549079
0.000615072
0.000667198
0.000708778
0.000713378
0.000701827
0.000683423
0.000654798
0.000614573
0.000613761
0.000670116
0.000718807
0.000748952
0.000762283
0.000744938
0.000700155
0.000645332
0.00057442
0.000440979
0.000462714
0.000596408
0.000719896
0.000852802
0.000986025
0.00110181
0.00116388
0.00118661
0.00116538
0.00106713
0.00106171
0.0011663
0.00121213
0.00120409
0.00113362
0.00102551
0.000891888
0.000755044
0.000623701
0.000477036
0.000504639
0.000559863
0.000607927
0.000648723
0.000684334
0.000715142
0.000740181
0.000757477
0.000763617
0.000753435
0.000753843
0.000765483
0.000762837
0.000748956
0.000726535
0.000697567
0.000662866
0.000622349
0.000574114
0.000518356
0.000113078
0.000135018
0.000144658
0.000149484
0.000151451
0.000150597
0.000149027
0.000148485
0.000149281
0.000150463
0.000149595
0.000147487
0.000147074
0.000148943
0.000151222
0.000150953
0.000147919
0.000142276
0.000131313
0.00010763
0.000137113
0.000373933
0.00043917
0.000471523
0.000493576
0.00050986
0.000522229
0.00053978
0.000570922
0.000603537
0.000606221
0.000587332
0.000569629
0.000557722
0.000541106
0.000521205
0.000497919
0.00046039
0.000382905
0.000134313
0.000161641
0.000408912
0.000473838
0.000496387
0.000519507
0.000546812
0.000561407
0.00058837
0.000635687
0.000670133
0.000668242
0.000641843
0.000617538
0.000607269
0.000585691
0.000554341
0.000536853
0.000513112
0.000434702
0.000156623
0.00022842
0.000340941
0.000414307
0.000479624
0.000540745
0.000587072
0.000560873
0.000549106
0.000586353
0.000617653
0.00061459
0.000592813
0.000583674
0.000595182
0.000583247
0.000537349
0.000472244
0.000410238
0.000349757
0.000249799
0.00030184
0.000398066
0.000433511
0.000449869
0.000465534
0.000490235
0.000511707
0.000532858
0.000562439
0.000575644
0.000563794
0.000548636
0.000527133
0.000502372
0.000479105
0.000467405
0.000464029
0.000457324
0.000423957
0.000319291
0.000350372
0.000455689
0.000486827
0.000484833
0.000471995
0.00045976
0.000452111
0.000453609
0.000479988
0.00052759
0.00050285
0.000466847
0.000457078
0.000464229
0.000478354
0.000496394
0.000512946
0.000512166
0.000477115
0.00036605
0.000400492
0.000523661
0.000561635
0.000564971
0.000553564
0.000532462
0.000507852
0.00048796
0.000482821
0.000498237
0.000507421
0.000516903
0.000537085
0.000559046
0.000579935
0.000596628
0.000603028
0.000590687
0.00054497
0.000414572
0.000445944
0.000590705
0.000667198
0.000722825
0.000758601
0.000769533
0.000764597
0.000752441
0.000729404
0.000701331
0.000711011
0.000776297
0.000824983
0.000846903
0.000848635
0.000822672
0.000772363
0.000704278
0.000615308
0.000459444
0.000489602
0.000650291
0.000852801
0.00110455
0.00131353
0.00140685
0.0014522
0.00145781
0.00139516
0.00127494
0.00126932
0.00141387
0.00151668
0.00153991
0.00150915
0.00139288
0.00116417
0.000900488
0.000680103
0.000503181
0.00053744
0.00059745
0.000648723
0.000692877
0.000732248
0.000767579
0.00079751
0.000819258
0.000828695
0.000822077
0.000822335
0.000830725
0.000825175
0.000807274
0.000780341
0.000746899
0.000708002
0.000663482
0.000611396
0.000550462
0.000112207
0.000135695
0.000146149
0.000151451
0.000153642
0.000153566
0.000153271
0.000154112
0.00015657
0.000159496
0.000159134
0.000156382
0.000155291
0.000155885
0.000156894
0.000156019
0.000152377
0.000145726
0.000133872
0.000107521
0.00013405
0.000384915
0.000456106
0.000493576
0.000519429
0.00053633
0.000553007
0.000581011
0.000625147
0.000668729
0.000673161
0.000647906
0.000619814
0.000599086
0.000579273
0.000553006
0.000520896
0.00048043
0.000402205
0.000130655
0.000159973
0.000387933
0.000469092
0.000519507
0.000559072
0.000581764
0.000600565
0.000639474
0.000696623
0.000733541
0.000732911
0.000704812
0.00066995
0.000648092
0.000629826
0.000594506
0.000548254
0.000498788
0.00041296
0.000156584
0.000189306
0.000354662
0.000458975
0.000540746
0.000599682
0.000610025
0.000586094
0.000597311
0.000643674
0.000674006
0.000673633
0.000649069
0.000628429
0.000629603
0.000630678
0.000600427
0.00053417
0.000448717
0.00034981
0.000212847
0.000284177
0.000366382
0.000422194
0.000465534
0.000505019
0.000541692
0.000565125
0.000589809
0.000623173
0.000646223
0.000634506
0.000607185
0.000585871
0.000563849
0.000531146
0.000497863
0.000467563
0.000434332
0.000386108
0.000299122
0.000345697
0.00043188
0.000457246
0.000471995
0.000480597
0.000488002
0.000496372
0.000514642
0.000565231
0.000635733
0.000604975
0.000543522
0.000510656
0.0004995
0.000497527
0.000497756
0.00049603
0.000485976
0.000457024
0.000360173
0.000408431
0.000531963
0.000545152
0.000553564
0.000556802
0.000552691
0.000545472
0.000544172
0.000565662
0.000622501
0.000639712
0.000608689
0.000597825
0.000597743
0.000601341
0.000602063
0.000596374
0.000586148
0.000554922
0.000421036
0.000461889
0.000633661
0.000708777
0.000758601
0.000798714
0.000815834
0.000821488
0.00082025
0.000807308
0.00079533
0.000817397
0.000873014
0.000911096
0.000920188
0.000910543
0.00088007
0.000823387
0.000750518
0.000655848
0.00047413
0.000511804
0.000705701
0.000986025
0.00131353
0.00148628
0.00160024
0.00167647
0.00169854
0.00162486
0.00146856
0.00146149
0.00164044
0.00176129
0.00177182
0.00170876
0.00159725
0.00140203
0.00104131
0.000735504
0.00052438
0.000564225
0.000629396
0.000684334
0.000732248
0.000777414
0.000819181
0.000855151
0.000882546
0.000897329
0.000896343
0.000896835
0.000898988
0.000887828
0.000864346
0.000831473
0.000791819
0.000747639
0.000698874
0.000642702
0.000576365
0.000110499
0.000133968
0.000144844
0.000150597
0.000153566
0.000155039
0.000156441
0.00015878
0.000163074
0.000168271
0.000168597
0.00016462
0.000162208
0.000160894
0.000159739
0.000157382
0.00015285
0.000145374
0.000132615
0.000105797
0.000130839
0.00038525
0.000467836
0.00050986
0.000536331
0.000555048
0.000577452
0.000614829
0.000666614
0.000712055
0.000717475
0.000691871
0.000656962
0.00062652
0.000600635
0.00057177
0.000535009
0.00048609
0.000399157
0.000127372
0.000156362
0.000398855
0.000490873
0.000546812
0.000581764
0.000604196
0.000633293
0.000677078
0.00072379
0.000737224
0.000743733
0.000740078
0.000707651
0.000674401
0.000648339
0.000617323
0.000569007
0.000500563
0.000397349
0.000154392
0.000173884
0.000419911
0.000528237
0.000587073
0.000610025
0.000605041
0.00060575
0.000637012
0.000673885
0.000674684
0.000682593
0.000684512
0.000659513
0.000644351
0.000641169
0.000629323
0.00058871
0.000513165
0.000392612
0.000175294
0.000263241
0.000351078
0.00042672
0.000490235
0.000541692
0.000577719
0.00060149
0.000627583
0.000657397
0.000663533
0.00065911
0.000646641
0.000625073
0.000605731
0.000575053
0.000531942
0.000481384
0.000424828
0.000358899
0.000279607
0.000338996
0.000394463
0.000427068
0.00045976
0.000488002
0.000511595
0.000534139
0.000567685
0.00063085
0.000692144
0.000668221
0.000605784
0.00055755
0.000530572
0.000512634
0.000495538
0.000475141
0.000450275
0.000422769
0.000352346
0.000413938
0.000523224
0.000515669
0.000532462
0.000552691
0.000565994
0.00057458
0.000590722
0.000639915
0.000736208
0.00075642
0.000683763
0.000641363
0.000622256
0.000610647
0.000595489
0.000574126
0.000554604
0.000548518
0.000424842
0.000473981
0.000668221
0.000713378
0.000769532
0.000815834
0.000844662
0.000864808
0.000873417
0.000864303
0.000862352
0.000891091
0.00093255
0.000964594
0.000964353
0.000941978
0.000903917
0.000844137
0.00076806
0.000687656
0.000484772
0.000529271
0.000755213
0.00110181
0.00140685
0.00160024
0.00175206
0.00185674
0.00187448
0.00174179
0.00148512
0.00147257
0.00172806
0.00191212
0.00193955
0.00185449
0.00170739
0.00151879
0.00115089
0.000782102
0.000540611
0.000585684
0.000656126
0.000715142
0.000767579
0.000819181
0.000867246
0.0009095
0.000942996
0.000964001
0.000970508
0.000971625
0.000964995
0.000946753
0.00091705
0.000878013
0.000832167
0.000781803
0.000728613
0.000668343
0.000596745
0.000108511
0.000130895
0.000142351
0.000149027
0.000153271
0.000156441
0.000159678
0.000163759
0.000170449
0.000179849
0.000180853
0.000173439
0.000168576
0.000164716
0.00016101
0.000156575
0.000150654
0.000142281
0.000129065
0.000103936
0.000129579
0.000384186
0.000475799
0.00052223
0.000553008
0.000577453
0.000605044
0.000648559
0.000698585
0.000732976
0.000736529
0.000717756
0.000685435
0.000648391
0.000614718
0.000581349
0.000543815
0.000494023
0.000402739
0.000126261
0.000154221
0.00041532
0.000507895
0.000561408
0.000600566
0.000633293
0.000667635
0.000700596
0.000704119
0.000644509
0.000657043
0.000724217
0.000728253
0.000697267
0.00066092
0.000624109
0.000580805
0.000519961
0.00042041
0.000153124
0.000173882
0.000420235
0.000514804
0.000560873
0.000586094
0.00060575
0.000632943
0.000658211
0.00063448
0.000545053
0.00055833
0.000657414
0.000675451
0.000654056
0.000631848
0.000611448
0.00058432
0.000536896
0.000434813
0.000170532
0.000234193
0.000343623
0.000437934
0.000511707
0.000565124
0.00060149
0.000629038
0.000649144
0.000627355
0.000542929
0.000545237
0.000634683
0.00064697
0.000629694
0.000603541
0.000561809
0.000504073
0.000431995
0.000346367
0.000250946
0.000330801
0.000360308
0.000402747
0.000452111
0.000496372
0.000534139
0.000569476
0.000610539
0.000645027
0.000602405
0.000593727
0.000628267
0.000596589
0.000560102
0.000528161
0.000495477
0.000458574
0.000417839
0.000380661
0.000341406
0.000416229
0.000486912
0.00047734
0.000507851
0.000545472
0.00057458
0.000597165
0.000629859
0.000694143
0.000749981
0.000766693
0.000733231
0.00067234
0.000636133
0.000611151
0.000581317
0.000544043
0.000513262
0.000518155
0.000425271
0.000481584
0.00068432
0.000701826
0.000764597
0.000821487
0.000864808
0.000894992
0.000901918
0.00088686
0.000883144
0.00090899
0.000943376
0.000977684
0.000981074
0.000952093
0.000902197
0.000833226
0.000751226
0.000703548
0.000490963
0.00054131
0.000784715
0.00116388
0.00145219
0.00167647
0.00185674
0.00196296
0.00192805
0.0016721
0.00133306
0.00132643
0.00162885
0.00191757
0.00200871
0.00193455
0.00176626
0.00154441
0.0012236
0.000812722
0.0005515
0.000601831
0.000677159
0.000740181
0.00079751
0.000855151
0.0009095
0.000958341
0.000999142
0.00103004
0.00105282
0.00105526
0.00103141
0.00100156
0.000963755
0.000917992
0.000866029
0.00080976
0.000752143
0.00068801
0.000611684
0.000106643
0.000128207
0.000140582
0.000148486
0.000154112
0.00015878
0.000163759
0.000170464
0.000180966
0.000195568
0.000196999
0.000184111
0.000175303
0.000168151
0.000161895
0.000155486
0.000148121
0.000138743
0.000125245
0.000102143
0.000128302
0.000376145
0.000481313
0.00053978
0.000581011
0.00061483
0.000648559
0.000689921
0.000706653
0.000616075
0.000610755
0.000702665
0.000702784
0.000671917
0.000634919
0.0005955
0.000551227
0.000493911
0.000393554
0.000124969
0.000152632
0.000424327
0.000525227
0.00058837
0.000639474
0.000677078
0.000700596
0.000690753
0.000591506
0.000416681
0.000418758
0.000596458
0.000703978
0.000716434
0.000687121
0.000643778
0.000589278
0.000523498
0.000424226
0.000152033
0.000172236
0.000400165
0.000489998
0.000549106
0.000597311
0.000637012
0.000658211
0.000624016
0.000490298
0.000461437
0.000444776
0.000502411
0.000639024
0.000665699
0.000640767
0.000602732
0.000551544
0.000488828
0.000396549
0.000172753
0.000203477
0.000341402
0.000452475
0.000532858
0.000589809
0.000627583
0.000649144
0.000614924
0.00048601
0.000604156
0.000561081
0.00048658
0.000620197
0.000642213
0.000618688
0.000580411
0.000523983
0.000441886
0.000336323
0.000217164
0.000322021
0.000336039
0.000388154
0.000453609
0.000514641
0.000567684
0.000610539
0.00061774
0.000520749
0.000715975
0.000663823
0.000506751
0.000606599
0.000594075
0.000552796
0.000504085
0.000450025
0.000394681
0.000349973
0.000330648
0.000414875
0.000443658
0.000441359
0.00048796
0.000544172
0.000590722
0.000629859
0.000670109
0.000654324
0.000818651
0.000810382
0.000684013
0.000702315
0.000656975
0.000615833
0.000569355
0.000514696
0.000469671
0.000469347
0.000422202
0.000483986
0.000680189
0.000683422
0.000752441
0.00082025
0.000873416
0.000901917
0.000899447
0.000880879
0.000947726
0.000960825
0.000918072
0.00095277
0.00096482
0.000940469
0.000884156
0.00080706
0.000723171
0.000697079
0.000491964
0.000546928
0.000789308
0.0011866
0.00145781
0.00169854
0.00187448
0.00192805
0.00176309
0.00146001
0.00141944
0.00141912
0.00144311
0.00173136
0.00193001
0.00191668
0.00176277
0.00152797
0.00123688
0.000813402
0.000555818
0.000611785
0.000690987
0.000757477
0.000819258
0.000882546
0.000942996
0.000999142
0.00105066
0.00110263
0.00116023
0.00116386
0.00110625
0.00105369
0.00100325
0.000949431
0.000891222
0.00082942
0.000767695
0.000700411
0.000620473
0.000105235
0.000126361
0.00013988
0.000149282
0.000156571
0.000163074
0.000170449
0.000180966
0.000192197
0.000206603
0.000209822
0.000194151
0.000183149
0.000172001
0.000163192
0.000155158
0.000146658
0.000136524
0.000122827
0.000101085
0.00012811
0.000378369
0.000498343
0.000570924
0.000625148
0.000666614
0.000698586
0.000706653
0.00057624
0.000558429
0.000546693
0.000553069
0.000681196
0.000690861
0.000665154
0.000624507
0.000572554
0.00050559
0.000394822
0.000125044
0.000153395
0.000444986
0.000560229
0.000635688
0.000696624
0.000723791
0.000704119
0.000591506
0.000405083
0.000739016
0.000729046
0.000409912
0.000573761
0.000697512
0.000719215
0.000688559
0.000625425
0.000551278
0.000443538
0.000153636
0.000172897
0.000423801
0.00051797
0.000586354
0.000643674
0.000673886
0.000634481
0.000490297
0.000479659
0.00110528
0.00108997
0.000490198
0.000489461
0.000635182
0.000667945
0.000635579
0.000571871
0.000500332
0.000403466
0.00017506
0.000192492
0.000393036
0.000492309
0.000562439
0.000623173
0.000657397
0.000627354
0.000486009
0.000671475
0.00152893
0.00150762
0.000668431
0.000482639
0.000620702
0.000638293
0.000600832
0.000545041
0.000473716
0.000356968
0.000201214
0.000312719
0.000328136
0.00039118
0.000479988
0.000565231
0.000630849
0.000645026
0.000520748
0.000825543
0.00187647
0.00184636
0.000802415
0.000507463
0.000623947
0.000603238
0.000539524
0.000463
0.000387589
0.000336076
0.000321125
0.000409086
0.000405382
0.000415955
0.000482821
0.000565661
0.000639914
0.000694142
0.000654323
0.000946119
0.00206469
0.00204173
0.000936031
0.00067179
0.000705287
0.000648305
0.000574663
0.000495706
0.000434498
0.000425907
0.000415537
0.00048009
0.000651717
0.000654797
0.000729403
0.000807307
0.000864302
0.000886859
0.000880878
0.00107325
0.00208145
0.00207136
0.00107664
0.000909533
0.000922849
0.000905471
0.000849339
0.00076728
0.0006842
0.000666879
0.000486892
0.000544265
0.000761342
0.00116538
0.00139516
0.00162486
0.00174179
0.0016721
0.00146001
0.00152257
0.00199713
0.00199312
0.00152384
0.0014486
0.00165617
0.00175212
0.00166185
0.00144499
0.00120349
0.000778777
0.000551963
0.000613406
0.000694818
0.000763616
0.000828695
0.000897329
0.000964001
0.00103004
0.00110263
0.00119205
0.00128945
0.0012934
0.00119775
0.0011078
0.0010346
0.00096936
0.000904295
0.000837146
0.000772405
0.000703075
0.000621149
0.000104408
0.000125376
0.000139719
0.000150463
0.000159497
0.000168272
0.000179849
0.000195568
0.000206603
0.000211009
0.000213908
0.00020818
0.000193516
0.000177181
0.000165125
0.000155678
0.000146342
0.000135791
0.000122072
0.000100868
0.000128811
0.000388278
0.000518966
0.000603539
0.000668731
0.000712056
0.000732977
0.000616076
0.00055843
0.00034685
0.000336617
0.000528981
0.000548299
0.000686644
0.000687862
0.000654716
0.000597902
0.000523733
0.000405587
0.000126095
0.00015518
0.000465563
0.000589094
0.000670135
0.000733543
0.000737226
0.00064451
0.000416681
0.000739016
0.000526395
0.000511356
0.000770051
0.000402577
0.00060023
0.000716383
0.00072221
0.000661578
0.000584908
0.000469218
0.00015641
0.00017548
0.000451327
0.000547621
0.000617655
0.000674007
0.000674685
0.000545053
0.000461436
0.00110528
0.000742612
0.000723014
0.00117037
0.00047909
0.000526096
0.00066458
0.000667838
0.000605898
0.00053396
0.000439066
0.000178712
0.000194318
0.000423278
0.000504711
0.000575645
0.000646225
0.000663534
0.000542929
0.000604155
0.00152893
0.000998527
0.000974235
0.00160482
0.00061537
0.000529536
0.000646816
0.000628709
0.000555474
0.000486985
0.000406722
0.000201221
0.000304964
0.00032595
0.000404587
0.000527591
0.000635734
0.000692144
0.000602405
0.000715973
0.00187647
0.00127962
0.00125149
0.00194202
0.000718797
0.000587062
0.000664122
0.000602244
0.000500939
0.000394413
0.00033272
0.000312306
0.000398894
0.000388287
0.000406762
0.000498237
0.000622501
0.000736208
0.00074998
0.000818648
0.00206468
0.0015502
0.00151983
0.00211479
0.000824238
0.00074441
0.000729599
0.000616432
0.000497853
0.000415929
0.000400491
0.000404894
0.000468103
0.000601078
0.000614573
0.000701331
0.000795329
0.000862351
0.000883143
0.000947725
0.00208144
0.00175166
0.00171939
0.00211714
0.000960807
0.000898374
0.000879734
0.000815675
0.000723244
0.000635742
0.000612858
0.000474954
0.000530403
0.000690729
0.00106713
0.00127494
0.00146856
0.00148512
0.00133306
0.00141944
0.00199712
0.00187766
0.0018494
0.00202088
0.00142837
0.00132702
0.00147687
0.00148347
0.00130664
0.00111063
0.000704308
0.000538279
0.00060188
0.000684236
0.000753435
0.000822077
0.000896343
0.000970508
0.00105282
0.00116023
0.00128945
0.0013389
0.00133546
0.00129844
0.0011682
0.00105905
0.000975921
0.000902506
0.000829548
0.000762146
0.00069257
0.000609979
0.000103665
0.000124229
0.000138584
0.000149596
0.000159134
0.000168597
0.000180854
0.000196999
0.000209822
0.000213908
0.000213488
0.000208608
0.000194114
0.000177325
0.000164749
0.000155043
0.000145521
0.000134922
0.000121331
0.000100567
0.000129059
0.000390969
0.000520641
0.000606224
0.000673163
0.000717477
0.000736531
0.000610757
0.000546694
0.000336617
0.000323079
0.000520856
0.000532925
0.000685361
0.000689772
0.000656273
0.000597715
0.000522513
0.000405978
0.000126276
0.000156129
0.000468536
0.000588453
0.000668245
0.000732914
0.000743735
0.000657045
0.000418759
0.000729047
0.000511356
0.000496695
0.000773762
0.000399785
0.000609295
0.000721402
0.000720447
0.000658815
0.000583465
0.000470474
0.000157358
0.000176545
0.000448134
0.000543987
0.000614592
0.000673636
0.000682595
0.000558331
0.000444778
0.00108997
0.000723014
0.000706837
0.00117141
0.000463455
0.000538539
0.000671047
0.000665304
0.000602249
0.000529777
0.000434701
0.00017925
0.000193326
0.000406382
0.000494634
0.000563796
0.000634508
0.000659112
0.000545238
0.000561084
0.00150762
0.000974235
0.000954926
0.00159591
0.000574779
0.000535518
0.000645208
0.000618305
0.000547369
0.000476395
0.00038688
0.00019767
0.000305087
0.000326347
0.000395684
0.000502853
0.000604977
0.000668223
0.000593729
0.000663826
0.00184636
0.00125149
0.00122808
0.0019164
0.000666731
0.000585473
0.00065074
0.000583889
0.00048588
0.000390476
0.000333068
0.000309461
0.000397426
0.000388523
0.000409885
0.000507421
0.000639713
0.000756421
0.000766694
0.000810386
0.00204174
0.00151983
0.00149317
0.00208991
0.000807223
0.000756748
0.000745519
0.000633264
0.000511067
0.000421963
0.000399425
0.000400788
0.000466647
0.000591982
0.000613761
0.00071101
0.000817397
0.000891091
0.000908991
0.000960828
0.00207137
0.00171939
0.00169113
0.00209662
0.000962403
0.000916709
0.000901394
0.000834366
0.000733947
0.000636054
0.00060433
0.000471179
0.000529404
0.00067894
0.00106171
0.00126932
0.00146149
0.00147257
0.00132643
0.00141912
0.00199312
0.0018494
0.00182377
0.00200691
0.00142421
0.00132958
0.00147682
0.00148384
0.00130469
0.00110564
0.000692409
0.000535113
0.000601981
0.000684648
0.000753843
0.000822335
0.000896835
0.000971626
0.00105526
0.00116386
0.0012934
0.00133546
0.00133588
0.00130256
0.0011719
0.00106228
0.000978223
0.000903913
0.000830102
0.00076196
0.000691512
0.000607941
0.000102761
0.000122802
0.000136843
0.000147487
0.000156382
0.00016462
0.000173439
0.000184111
0.000194151
0.00020818
0.000208608
0.00019309
0.000181928
0.00016986
0.000160376
0.00015195
0.000143169
0.000132954
0.000119483
9.94842e-05
0.000128269
0.000386256
0.000508534
0.000587335
0.000647909
0.000691874
0.000717758
0.000702667
0.00055307
0.000528981
0.000520857
0.000512651
0.000659187
0.000689196
0.000669044
0.000626614
0.000570407
0.000500506
0.000391012
0.000124762
0.000154857
0.000454436
0.000566914
0.000641847
0.000704815
0.000740081
0.00072422
0.00059646
0.000409913
0.000770051
0.000773762
0.000409957
0.000566909
0.000703135
0.000725
0.000690804
0.000627378
0.000555738
0.000448659
0.000155123
0.000175853
0.000421319
0.000522929
0.000592816
0.000649072
0.000684515
0.000657416
0.000502413
0.000490199
0.00117037
0.00117141
0.000504656
0.000497154
0.000650144
0.000675317
0.000640742
0.000580597
0.00050967
0.000410327
0.000176563
0.000203215
0.000353397
0.000472336
0.000548638
0.000607187
0.000646643
0.000634685
0.000486582
0.000668433
0.00160482
0.00159591
0.000671243
0.000485105
0.00062789
0.000633336
0.000591699
0.000532563
0.000454929
0.000340959
0.000206881
0.000315193
0.000333643
0.000389865
0.000466848
0.000543523
0.000605786
0.000628269
0.000506753
0.000802418
0.00194202
0.0019164
0.000782037
0.000501468
0.00061671
0.000590847
0.000530559
0.000460044
0.000392027
0.000342255
0.000318023
0.000406877
0.000415286
0.000436814
0.000516903
0.00060869
0.000683764
0.000733232
0.000684015
0.000936034
0.00211479
0.00208991
0.00091892
0.00068534
0.000730707
0.000681332
0.000611122
0.000527551
0.000454418
0.000427615
0.000410138
0.000477446
0.000631988
0.000670115
0.000776298
0.000873015
0.000932551
0.000943377
0.000918074
0.00107664
0.00211714
0.00209663
0.00106811
0.000928706
0.000954939
0.00094614
0.000891254
0.000800622
0.000698735
0.000654051
0.000482093
0.000542605
0.000742141
0.0011663
0.00141387
0.00164044
0.00172806
0.00162885
0.00144311
0.00152384
0.00202089
0.00200692
0.00152097
0.00145323
0.00165403
0.00176653
0.00168546
0.00146094
0.00120199
0.000764694
0.000548299
0.000614158
0.000696174
0.000765484
0.000830725
0.000898988
0.000964996
0.00103141
0.00110625
0.00119775
0.00129844
0.00130256
0.00120359
0.00111257
0.00103832
0.000972557
0.000906999
0.000838934
0.000772936
0.00070236
0.000619426
0.000102663
0.000122854
0.000136745
0.000147075
0.000155291
0.000162208
0.000168576
0.000175303
0.000183149
0.000193516
0.000194114
0.000181928
0.000172224
0.000163647
0.000156283
0.00014896
0.000140673
0.000130587
0.000117194
9.78581e-05
0.0001282
0.000388754
0.000500906
0.000569632
0.000619817
0.000656965
0.000685437
0.000702786
0.000681196
0.0005483
0.000532925
0.000659187
0.000687347
0.00066814
0.000633387
0.000591984
0.000543302
0.000482151
0.000381955
0.000123409
0.000156317
0.000446838
0.000551166
0.00061754
0.000669953
0.000707655
0.000728256
0.00070398
0.000573762
0.000402578
0.000399785
0.000566909
0.000697507
0.000720053
0.000694967
0.000653633
0.000599498
0.000534844
0.000435627
0.000154779
0.000178539
0.000420706
0.000520515
0.000583676
0.000628432
0.000659516
0.000675453
0.000639026
0.000489462
0.000479091
0.000463455
0.000497154
0.000644413
0.000674697
0.000655321
0.000623779
0.000579412
0.000517293
0.00042021
0.000174432
0.000229406
0.000336697
0.000444203
0.000527135
0.000585873
0.000625075
0.000646972
0.000620198
0.00048264
0.000615371
0.000574779
0.000485105
0.000621833
0.000637959
0.000611358
0.000569221
0.000509352
0.000428683
0.000333622
0.000230451
0.000327569
0.000354922
0.000401323
0.000457079
0.000510658
0.000557551
0.000596591
0.0006066
0.000507464
0.0007188
0.000666731
0.000501468
0.00059947
0.000585673
0.000548539
0.000505531
0.000457333
0.000407154
0.000362913
0.000329245
0.000415294
0.000463329
0.000478096
0.000537085
0.000597826
0.000641364
0.000672341
0.000702316
0.000671791
0.00082424
0.000807224
0.000685341
0.000716517
0.000682157
0.000649122
0.000606454
0.000549734
0.00049511
0.000476128
0.00041786
0.000483992
0.000667078
0.000718807
0.000824984
0.000911097
0.000964595
0.000977685
0.000952771
0.000909534
0.000960809
0.000962404
0.000928707
0.000975233
0.000998867
0.000984149
0.000931171
0.000847714
0.000745007
0.000689255
0.000487866
0.000548104
0.000785074
0.00121213
0.00151668
0.00176129
0.00191212
0.00191757
0.00173136
0.0014486
0.00142837
0.00142421
0.00145323
0.00175022
0.00195544
0.00195498
0.00180259
0.001558
0.00123976
0.000802919
0.000552685
0.000614972
0.000695262
0.000762838
0.000825175
0.000887829
0.000946753
0.00100156
0.0010537
0.0011078
0.0011682
0.0011719
0.00111257
0.0010594
0.00100838
0.000954183
0.000895305
0.000832416
0.000769138
0.000700286
0.000619168
0.000103724
0.000125524
0.000139287
0.000148943
0.000155885
0.000160894
0.000164716
0.000168151
0.000172001
0.000177181
0.000177325
0.00016986
0.000163647
0.000157976
0.000152528
0.000146563
0.000139232
0.000129691
0.000116374
9.73647e-05
0.000128829
0.000392137
0.000495913
0.000557725
0.000599088
0.000626522
0.000648393
0.000671919
0.000690862
0.000686644
0.000685361
0.000689197
0.00066814
0.000634369
0.000601468
0.000566872
0.000525113
0.000469911
0.000376233
0.000123034
0.00015824
0.000436856
0.00054301
0.000607272
0.000648095
0.000674403
0.00069727
0.000716436
0.000697513
0.00060023
0.000609296
0.000703136
0.000720053
0.000695859
0.000666071
0.000632168
0.000583806
0.000519513
0.000419166
0.000154762
0.000178266
0.000418694
0.000530292
0.000595184
0.000629605
0.000644352
0.000654058
0.000665701
0.000635184
0.000526097
0.000538539
0.000650144
0.000674697
0.000661849
0.000649484
0.00062939
0.000587223
0.00051716
0.000404144
0.000171864
0.000256325
0.000339536
0.000426194
0.000502373
0.00056385
0.000605732
0.000629695
0.000642215
0.000620703
0.000529537
0.000535519
0.00062789
0.000637959
0.000618624
0.000588928
0.000544079
0.000485551
0.00041756
0.00034024
0.000257103
0.000338967
0.000386624
0.000424451
0.00046423
0.000499501
0.000530573
0.000560103
0.000594076
0.000623948
0.000587063
0.000585473
0.00061671
0.000585673
0.000554516
0.000528504
0.000501116
0.000468897
0.000431321
0.000393456
0.000341096
0.000419836
0.000511899
0.000519796
0.000559046
0.000597743
0.000622256
0.000636133
0.000656976
0.000705288
0.00074441
0.000756748
0.000730707
0.000682157
0.000655652
0.000638064
0.000612015
0.000574036
0.000536722
0.000527095
0.000422301
0.000484587
0.000682381
0.000748952
0.000846903
0.000920189
0.000964354
0.000981075
0.000964821
0.00092285
0.000898375
0.00091671
0.00095494
0.000998867
0.00101249
0.00099167
0.000945157
0.00087146
0.000773803
0.000701709
0.000487915
0.000545393
0.000790675
0.00120409
0.00153991
0.00177183
0.00193955
0.00200871
0.00193001
0.00165617
0.00132702
0.00132958
0.00165403
0.00195544
0.00205331
0.00198059
0.00180998
0.00157749
0.00122258
0.000804094
0.000549005
0.000607477
0.000684372
0.000748956
0.000807274
0.000864346
0.00091705
0.000963755
0.00100325
0.0010346
0.00105905
0.00106228
0.00103832
0.00100838
0.000970166
0.000923751
0.00087083
0.000813267
0.000753929
0.000688184
0.00061071
0.000105473
0.000128555
0.000142166
0.000151222
0.000156894
0.00015974
0.00016101
0.000161895
0.000163192
0.000165126
0.000164749
0.000160377
0.000156283
0.000152528
0.000148835
0.000144576
0.000139033
0.000130763
0.000117846
9.78143e-05
0.000130535
0.000388425
0.000484118
0.000541108
0.000579276
0.000600637
0.00061472
0.000634921
0.000665156
0.000687863
0.000689773
0.000669045
0.000633388
0.000601468
0.000574183
0.00054172
0.000504205
0.00045863
0.000375414
0.000123922
0.000160465
0.000412477
0.000516415
0.000585694
0.000629829
0.000648341
0.000660922
0.000687124
0.000719217
0.000716385
0.000721403
0.000725001
0.000694967
0.000666071
0.000643972
0.000607046
0.000560682
0.000509458
0.000423962
0.000155393
0.000188008
0.000372805
0.000498217
0.000583248
0.00063068
0.00064117
0.00063185
0.000640769
0.000667947
0.000664581
0.000671047
0.000675317
0.000655321
0.000649484
0.000646879
0.000615823
0.000553622
0.000467274
0.000358861
0.000200179
0.000278598
0.000354669
0.000421077
0.000479106
0.000531147
0.000575054
0.000603542
0.000618689
0.000638295
0.000646817
0.000645209
0.000633336
0.000611358
0.000588928
0.000556249
0.000514968
0.000470449
0.00042128
0.000357922
0.00027589
0.00034846
0.000422506
0.000452762
0.000478354
0.000497527
0.000512634
0.000528161
0.000552797
0.000603239
0.000664123
0.000650741
0.000590847
0.000548539
0.000528504
0.000516467
0.000504529
0.000487607
0.000462733
0.000430678
0.00035124
0.000420223
0.000541652
0.000555095
0.000579935
0.000601341
0.000610647
0.000611152
0.000615834
0.000648306
0.000729599
0.00074552
0.000681332
0.000649122
0.000638064
0.000632533
0.000620326
0.000597969
0.000572984
0.000556242
0.000422928
0.000479723
0.000674128
0.000762283
0.000848636
0.000910543
0.000941979
0.000952094
0.00094047
0.000905471
0.000879734
0.000901394
0.00094614
0.00098415
0.00099167
0.000975816
0.000940442
0.000875823
0.000786638
0.000691146
0.000482848
0.000535822
0.000764685
0.00113362
0.00150915
0.00170876
0.0018545
0.00193455
0.00191668
0.00175212
0.00147687
0.00147682
0.00176653
0.00195498
0.00198059
0.00189767
0.00174806
0.00154765
0.00114863
0.000776712
0.000538902
0.000593541
0.000665805
0.000726536
0.000780341
0.000831473
0.000878013
0.000917993
0.000949431
0.00096936
0.000975921
0.000978223
0.000972557
0.000954183
0.000923751
0.000883895
0.00083695
0.000785162
0.000730331
0.000668608
0.000596075
0.000106319
0.000129079
0.000142254
0.000150953
0.000156019
0.000157382
0.000156575
0.000155486
0.000155159
0.000155678
0.000155043
0.00015195
0.00014896
0.000146563
0.000144576
0.000142095
0.000137349
0.000129549
0.000117295
9.82379e-05
0.000132792
0.000386667
0.00047401
0.000521207
0.000553008
0.000571771
0.000581351
0.000595501
0.000624508
0.000654717
0.000656274
0.000626615
0.000591984
0.000566872
0.00054172
0.000514154
0.000485828
0.000442886
0.000360923
0.000125454
0.000163506
0.000417479
0.000504984
0.000554343
0.000594508
0.000617325
0.000624111
0.00064378
0.00068856
0.000722212
0.000720449
0.000690804
0.000653634
0.000632168
0.000607046
0.000576384
0.000556126
0.000522031
0.000436432
0.000155991
0.000217551
0.000352839
0.000451802
0.00053735
0.000600428
0.000629324
0.000611449
0.000602733
0.000635581
0.000667839
0.000665305
0.000640743
0.000623779
0.00062939
0.000615823
0.000566569
0.000501879
0.000431797
0.000351398
0.000225611
0.000297599
0.000384231
0.00043366
0.000467405
0.000497864
0.000531943
0.00056181
0.000580412
0.000600833
0.00062871
0.000618306
0.0005917
0.000569222
0.000544079
0.000514968
0.000490041
0.000467957
0.000439194
0.000390675
0.000299048
0.000355669
0.000451564
0.000483815
0.000496394
0.000497756
0.000495539
0.000495477
0.000504086
0.000539526
0.000602245
0.000583891
0.00053056
0.000505532
0.000501116
0.000504529
0.000509725
0.000510385
0.000498335
0.000463827
0.00035894
0.000417
0.000549375
0.000582485
0.000596628
0.000602063
0.000595489
0.000581318
0.000569356
0.000574664
0.000616433
0.000633265
0.000611122
0.000606454
0.000612015
0.000620326
0.000623461
0.000616898
0.000602167
0.000563219
0.000420146
0.000470149
0.000646842
0.000744938
0.000822672
0.00088007
0.000903918
0.000902198
0.000884157
0.00084934
0.000815675
0.000834366
0.000891254
0.000931171
0.000945157
0.000940442
0.000910942
0.000848982
0.000766641
0.000662543
0.000473354
0.000520644
0.000721323
0.00102551
0.00139288
0.00159726
0.00170739
0.00176626
0.00176277
0.00166185
0.00148347
0.00148384
0.00168546
0.0018026
0.00180998
0.00174806
0.00163176
0.00141376
0.00104106
0.000733471
0.000523544
0.00057393
0.000640954
0.000697568
0.0007469
0.000791819
0.000832167
0.000866029
0.000891222
0.000904295
0.000902506
0.000903913
0.000906999
0.000895305
0.00087083
0.00083695
0.000796043
0.000750512
0.000700216
0.000642885
0.000576018
0.00010606
0.000127323
0.000139847
0.000147919
0.000152378
0.00015285
0.000150654
0.000148121
0.000146658
0.000146342
0.000145522
0.000143169
0.000140673
0.000139232
0.000139033
0.000137349
0.000132619
0.000125714
0.000115888
9.8482e-05
0.000134315
0.000369088
0.00045455
0.00049792
0.000520898
0.000535011
0.000543816
0.000551228
0.000572554
0.000597903
0.000597716
0.000570408
0.000543302
0.000525113
0.000504205
0.000485828
0.000457092
0.000406457
0.000332413
0.000126841
0.000160141
0.000425717
0.000510545
0.000536854
0.000548255
0.000569009
0.000580806
0.00058928
0.000625426
0.00066158
0.000658817
0.000627379
0.000599498
0.000583805
0.000560682
0.000556126
0.000550312
0.00048038
0.000375481
0.000153996
0.000252
0.000348456
0.000409789
0.000472245
0.000534171
0.000588711
0.00058432
0.000551545
0.000571872
0.000605899
0.000602251
0.000580597
0.000579412
0.000587223
0.000553622
0.000501879
0.000450336
0.000400287
0.000348957
0.000254124
0.000315395
0.000418571
0.000455759
0.000464029
0.000467563
0.000481385
0.000504073
0.000523984
0.000545042
0.000555475
0.00054737
0.000532564
0.000509352
0.000485551
0.000470449
0.000467957
0.000469436
0.000465473
0.000430224
0.000321805
0.000361674
0.000471159
0.000509246
0.000512946
0.00049603
0.000475141
0.000458575
0.000450026
0.000463001
0.00050094
0.000485881
0.000460045
0.000457333
0.000468897
0.000487607
0.000510385
0.000529504
0.000526724
0.000485724
0.000366635
0.000411139
0.000540055
0.000587736
0.000603028
0.000596374
0.000574127
0.000544043
0.000514696
0.000495707
0.000497853
0.000511067
0.000527551
0.000549734
0.000574035
0.000597969
0.000616898
0.000623462
0.000606809
0.000554353
0.000415185
0.000456425
0.000608802
0.000700155
0.000772363
0.000823388
0.000844138
0.000833226
0.000807061
0.00076728
0.000723244
0.000733947
0.000800623
0.000847715
0.00087146
0.000875823
0.000848982
0.000794426
0.000720135
0.000623585
0.000460056
0.0005004
0.000669842
0.000891889
0.00116417
0.00140203
0.00151879
0.00154441
0.00152797
0.00144499
0.00130664
0.00130469
0.00146094
0.001558
0.00157749
0.00154765
0.00141376
0.00117374
0.000906829
0.000681915
0.000503457
0.000548669
0.00061029
0.000662867
0.000708002
0.000747639
0.000781803
0.00080976
0.00082942
0.000837146
0.000829548
0.000830102
0.000838935
0.000832416
0.000813267
0.000785162
0.000750512
0.000710184
0.000664428
0.000611587
0.000550659
0.000106966
0.000124303
0.000134895
0.000142276
0.000145726
0.000145374
0.000142281
0.000138743
0.000136524
0.000135792
0.000134922
0.000132954
0.000130587
0.000129691
0.000130763
0.000129549
0.000125714
0.000121544
0.000114744
9.89777e-05
0.000134496
0.000311546
0.000403883
0.000460391
0.000480431
0.000486091
0.000494024
0.000493912
0.000505591
0.000523733
0.000522514
0.000500507
0.000482151
0.000469911
0.00045863
0.000442886
0.000406457
0.000365102
0.000312177
0.000129481
0.000161621
0.000310493
0.000452595
0.000513113
0.000498789
0.000500564
0.000519962
0.000523499
0.000551279
0.000584909
0.000583466
0.000555739
0.000534844
0.000519513
0.000509458
0.000522031
0.000480381
0.00036692
0.000272983
0.000170728
0.000283501
0.000362105
0.000383767
0.000410238
0.000448717
0.000513166
0.000536896
0.000488829
0.000500333
0.000533962
0.000529778
0.00050967
0.000517294
0.00051716
0.000467274
0.000431797
0.000400287
0.000380233
0.000366184
0.00028738
0.0003315
0.000442241
0.000470021
0.000457324
0.000434332
0.000424829
0.000431995
0.000441886
0.000473717
0.000486987
0.000476396
0.00045493
0.000428684
0.00041756
0.00042128
0.000439193
0.000465473
0.000482981
0.000456872
0.000339066
0.00036717
0.000479125
0.000514628
0.000512166
0.000485976
0.000450275
0.000417839
0.000394681
0.00038759
0.000394414
0.000390477
0.000392027
0.000407154
0.000431321
0.000462732
0.000498334
0.000526724
0.000530156
0.000493653
0.000373674
0.000403492
0.000523748
0.000571982
0.000590687
0.000586148
0.000554604
0.000513262
0.000469671
0.000434498
0.000415929
0.000421963
0.000454418
0.00049511
0.000536721
0.000572984
0.000602167
0.000606808
0.000588364
0.000537805
0.000408805
0.000438953
0.000571029
0.000645332
0.000704278
0.000750518
0.00076806
0.000751226
0.000723171
0.000684199
0.000635741
0.000636053
0.000698735
0.000745007
0.000773804
0.000786638
0.000766642
0.000720135
0.000661597
0.00058453
0.00044343
0.000475182
0.00061779
0.000755044
0.000900488
0.00104132
0.00115089
0.0012236
0.00123688
0.00120349
0.00111063
0.00110564
0.00120199
0.00123976
0.00122258
0.00114863
0.00104106
0.000906829
0.000766767
0.000629104
0.000478842
0.000517161
0.000573568
0.00062235
0.000663482
0.000698874
0.000728613
0.000752144
0.000767695
0.000772405
0.000762146
0.000761961
0.000772936
0.000769139
0.00075393
0.000730331
0.000700216
0.000664428
0.000623131
0.000574679
0.000519561
0.000107163
0.000119484
0.000125481
0.000131313
0.000133872
0.000132615
0.000129066
0.000125245
0.000122827
0.000122072
0.000121332
0.000119483
0.000117194
0.000116374
0.000117846
0.000117295
0.000115888
0.000114744
0.000111878
9.98623e-05
0.000136815
0.000266493
0.000327946
0.000382905
0.000402206
0.000399158
0.00040274
0.000393555
0.000394823
0.000405588
0.000405978
0.000391012
0.000381955
0.000376233
0.000375414
0.000360923
0.000332413
0.000312177
0.000281869
0.000130883
0.000193535
0.00022386
0.000344684
0.000434703
0.00041296
0.00039735
0.000420411
0.000424227
0.000443539
0.000469219
0.000470475
0.000448659
0.000435627
0.000419166
0.000423962
0.000436432
0.000375483
0.000272983
0.000232444
0.000196037
0.000306178
0.000373457
0.000365225
0.000349757
0.00034981
0.000392612
0.000434813
0.00039655
0.000403467
0.000439067
0.000434702
0.000410327
0.000420211
0.000404146
0.000358861
0.000351398
0.000348957
0.000366184
0.000383313
0.00031437
0.000343901
0.000435148
0.000446512
0.000423958
0.000386108
0.000358899
0.000346367
0.000336324
0.000356969
0.000406724
0.000386882
0.00034096
0.000333623
0.00034024
0.000357922
0.000390675
0.000430224
0.000456872
0.000447822
0.000351793
0.000369835
0.000461531
0.000482922
0.000477115
0.000457024
0.000422769
0.000380661
0.000349973
0.000336076
0.00033272
0.000333068
0.000342255
0.000362913
0.000393455
0.000430678
0.000463827
0.000485724
0.000493653
0.000473636
0.000377308
0.000393628
0.000491701
0.000526774
0.000544969
0.000554922
0.000548517
0.000518155
0.000469347
0.000425907
0.000400491
0.000399425
0.000427615
0.000476128
0.000527095
0.000556242
0.000563219
0.000554353
0.000537805
0.000503346
0.000400239
0.000417633
0.00052524
0.00057442
0.000615307
0.000655848
0.000687656
0.000703547
0.000697078
0.000666878
0.000612857
0.00060433
0.000654051
0.000689255
0.00070171
0.000691147
0.000662543
0.000623585
0.00058453
0.000536111
0.000423348
0.000444287
0.000558261
0.000623701
0.000680103
0.000735504
0.000782102
0.000812722
0.000813401
0.000778777
0.000704307
0.000692409
0.000764694
0.00080292
0.000804095
0.000776713
0.000733472
0.000681915
0.000629104
0.00056635
0.000449053
0.000477226
0.000528873
0.000574114
0.000611396
0.000642702
0.000668343
0.00068801
0.000700411
0.000703075
0.00069257
0.000691512
0.00070236
0.000700286
0.000688184
0.000668608
0.000642885
0.000611587
0.000574679
0.000530452
0.000480704
0.00010339
0.000106654
0.000106703
0.00010763
0.000107521
0.000105797
0.000103936
0.000102143
0.000101085
0.000100868
0.000100567
9.94843e-05
9.78581e-05
9.73647e-05
9.78142e-05
9.82378e-05
9.84819e-05
9.89776e-05
9.98622e-05
9.83689e-05
0.000125917
0.000137074
0.000134777
0.000134313
0.000130655
0.000127372
0.000126261
0.000124969
0.000125044
0.000126095
0.000126277
0.000124762
0.000123409
0.000123034
0.000123922
0.000125454
0.000126841
0.000129481
0.000130883
0.000124648
0.000227314
0.000192988
0.000156782
0.000156623
0.000156584
0.000154392
0.000153124
0.000152033
0.000153636
0.00015641
0.000157359
0.000155123
0.000154779
0.000154762
0.000155393
0.000155991
0.000153996
0.000170728
0.000196036
0.000236095
0.000320642
0.000308285
0.000285297
0.000249799
0.000212847
0.000175294
0.000170533
0.000172753
0.00017506
0.000178713
0.00017925
0.000176563
0.000174432
0.000171864
0.000200179
0.00022561
0.000254123
0.00028738
0.00031437
0.000329051
0.000350079
0.000346189
0.000335216
0.000319291
0.000299123
0.000279607
0.000250946
0.000217164
0.000201214
0.000201221
0.00019767
0.00020688
0.000230451
0.000257103
0.000275889
0.000299047
0.000321805
0.000339065
0.000351793
0.000358199
0.000367093
0.00037163
0.00037072
0.00036605
0.000360173
0.000352346
0.000341406
0.000330648
0.000321124
0.000312306
0.00030946
0.000318023
0.000329245
0.000341096
0.00035124
0.00035894
0.000366635
0.000373674
0.000377307
0.000375183
0.000380442
0.000394756
0.000406068
0.000414572
0.000421036
0.000424842
0.000425271
0.000422202
0.000415537
0.000404894
0.000400787
0.000410138
0.00041786
0.000422301
0.000422929
0.000420146
0.000415185
0.000408805
0.000400239
0.000388198
0.000394096
0.000418506
0.000440979
0.000459444
0.00047413
0.000484772
0.000490963
0.000491964
0.000486892
0.000474954
0.000471179
0.000482094
0.000487867
0.000487915
0.000482849
0.000473354
0.000460056
0.000443431
0.000423348
0.000401231
0.00040994
0.000445127
0.000477037
0.000503181
0.000524381
0.000540611
0.0005515
0.000555817
0.000551963
0.000538279
0.000535113
0.000548299
0.000552685
0.000549006
0.000538902
0.000523544
0.000503457
0.000478843
0.000449054
0.000416236
0.000430393
0.000477804
0.000518356
0.000550462
0.000576365
0.000596745
0.000611684
0.000620473
0.000621149
0.000609978
0.000607941
0.000619426
0.000619168
0.00061071
0.000596075
0.000576018
0.000550659
0.000519561
0.000480704
0.000435711
)
;

boundaryField
{
    floor
    {
        type            mutkWallFunction;
        Cmu             0.09;
        kappa           0.41;
        E               9.8;
        value           nonuniform List<scalar> 
400
(
4.73946e-06
4.91132e-06
4.61572e-06
4.55868e-06
4.45065e-06
4.18457e-06
3.87554e-06
3.5871e-06
3.36627e-06
3.23595e-06
3.1189e-06
2.97426e-06
2.94426e-06
3.09091e-06
3.36142e-06
3.49281e-06
3.42794e-06
3.56659e-06
3.57233e-06
3.00217e-06
4.91132e-06
6.56618e-06
7.41474e-06
8.00438e-06
8.15405e-06
7.89064e-06
7.41374e-06
7.00713e-06
6.72351e-06
6.56877e-06
6.39452e-06
6.17952e-06
6.16663e-06
6.53966e-06
7.00097e-06
7.07526e-06
6.76431e-06
6.29416e-06
5.5301e-06
3.48059e-06
4.61571e-06
7.41472e-06
8.82492e-06
9.52628e-06
9.79179e-06
9.58688e-06
9.19594e-06
8.92783e-06
8.8188e-06
8.78864e-06
8.62283e-06
8.3727e-06
8.34135e-06
8.6854e-06
9.11406e-06
9.12636e-06
8.72609e-06
7.93725e-06
6.47133e-06
3.50786e-06
4.55865e-06
8.00435e-06
9.52626e-06
1.03041e-05
1.06247e-05
1.04859e-05
1.02357e-05
1.01487e-05
1.02617e-05
1.04313e-05
1.0315e-05
1.00228e-05
9.94994e-06
1.0191e-05
1.05173e-05
1.04783e-05
1.00058e-05
9.12083e-06
7.4094e-06
3.68118e-06
4.45062e-06
8.15401e-06
9.79175e-06
1.06247e-05
1.09691e-05
1.09548e-05
1.09031e-05
1.10228e-05
1.13817e-05
1.18107e-05
1.17833e-05
1.1407e-05
1.1235e-05
1.12844e-05
1.14071e-05
1.12666e-05
1.07074e-05
9.68111e-06
7.84186e-06
3.67907e-06
4.18454e-06
7.89059e-06
9.58684e-06
1.04859e-05
1.09548e-05
1.11911e-05
1.14079e-05
1.17542e-05
1.23873e-05
1.31541e-05
1.32466e-05
1.26946e-05
1.23212e-05
1.20821e-05
1.18667e-05
1.1486e-05
1.07843e-05
9.63158e-06
7.64881e-06
3.40384e-06
3.87551e-06
7.41369e-06
9.19589e-06
1.02356e-05
1.09031e-05
1.14079e-05
1.19197e-05
1.2533e-05
1.3523e-05
1.4913e-05
1.51299e-05
1.40685e-05
1.33183e-05
1.26929e-05
1.20887e-05
1.13828e-05
1.04592e-05
9.163e-06
7.10579e-06
3.11248e-06
3.58707e-06
7.00708e-06
8.92778e-06
1.01486e-05
1.10228e-05
1.17542e-05
1.2533e-05
1.35491e-05
1.51132e-05
1.7267e-05
1.75697e-05
1.57155e-05
1.4363e-05
1.32377e-05
1.22494e-05
1.12446e-05
1.00999e-05
8.64575e-06
6.53732e-06
2.83955e-06
3.36625e-06
6.72347e-06
8.81876e-06
1.02617e-05
1.13816e-05
1.23873e-05
1.3523e-05
1.51132e-05
1.67877e-05
1.89487e-05
1.9503e-05
1.72351e-05
1.55584e-05
1.38359e-05
1.24676e-05
1.12209e-05
9.90617e-06
8.33593e-06
6.19009e-06
2.68791e-06
3.23592e-06
6.56873e-06
8.7886e-06
1.04313e-05
1.18106e-05
1.31541e-05
1.49129e-05
1.7267e-05
1.89487e-05
3.46783e-06
3.74331e-06
1.92797e-05
1.71029e-05
1.46319e-05
1.27791e-05
1.13235e-05
9.88354e-06
8.24902e-06
6.09666e-06
2.66977e-06
3.11888e-06
6.39449e-06
8.6228e-06
1.0315e-05
1.17833e-05
1.32465e-05
1.51299e-05
1.75697e-05
1.9503e-05
3.7433e-06
3.69618e-06
1.93213e-05
1.72056e-05
1.46721e-05
1.2742e-05
1.1246e-05
9.77344e-06
8.12915e-06
5.99538e-06
2.63346e-06
2.97424e-06
6.1795e-06
8.37267e-06
1.00228e-05
1.1407e-05
1.26945e-05
1.40685e-05
1.57155e-05
1.72351e-05
1.92797e-05
1.93213e-05
1.70712e-05
1.53692e-05
1.35146e-05
1.20555e-05
1.0762e-05
9.41261e-06
7.83098e-06
5.71325e-06
2.46744e-06
2.94425e-06
6.16662e-06
8.34132e-06
9.94991e-06
1.1235e-05
1.23211e-05
1.33183e-05
1.4363e-05
1.55584e-05
1.71029e-05
1.72056e-05
1.53692e-05
1.38591e-05
1.25211e-05
1.13822e-05
1.02609e-05
8.99481e-06
7.4414e-06
5.34002e-06
2.2058e-06
3.0909e-06
6.53964e-06
8.68538e-06
1.0191e-05
1.12844e-05
1.2082e-05
1.26929e-05
1.32377e-05
1.38359e-05
1.46318e-05
1.4672e-05
1.35146e-05
1.25211e-05
1.16138e-05
1.07542e-05
9.82669e-06
8.69521e-06
7.22723e-06
5.15408e-06
2.11733e-06
3.3614e-06
7.00094e-06
9.11403e-06
1.05173e-05
1.14071e-05
1.18666e-05
1.20886e-05
1.22494e-05
1.24675e-05
1.27791e-05
1.2742e-05
1.20555e-05
1.13822e-05
1.07542e-05
1.01444e-05
9.46717e-06
8.61867e-06
7.36175e-06
5.36429e-06
2.1776e-06
3.49279e-06
7.07522e-06
9.12632e-06
1.04782e-05
1.12665e-05
1.14859e-05
1.13828e-05
1.12446e-05
1.12208e-05
1.13234e-05
1.1246e-05
1.0762e-05
1.02609e-05
9.82667e-06
9.46716e-06
9.07902e-06
8.36363e-06
7.17579e-06
5.2854e-06
2.24851e-06
3.42792e-06
6.76427e-06
8.72604e-06
1.00058e-05
1.07074e-05
1.07843e-05
1.04591e-05
1.00999e-05
9.90614e-06
9.88351e-06
9.77341e-06
9.41258e-06
8.99479e-06
8.6952e-06
8.61867e-06
8.36363e-06
7.64436e-06
6.58726e-06
5.05787e-06
2.27707e-06
3.56658e-06
6.29413e-06
7.93721e-06
9.12079e-06
9.68109e-06
9.63155e-06
9.16297e-06
8.64573e-06
8.3359e-06
8.24899e-06
8.12912e-06
7.83095e-06
7.44137e-06
7.22722e-06
7.36175e-06
7.17579e-06
6.58727e-06
5.9181e-06
4.82203e-06
2.30261e-06
3.57235e-06
5.53009e-06
6.4713e-06
7.40937e-06
7.84184e-06
7.64879e-06
7.10576e-06
6.53729e-06
6.19007e-06
6.09664e-06
5.99535e-06
5.71322e-06
5.34e-06
5.15408e-06
5.36429e-06
5.28541e-06
5.05788e-06
4.82204e-06
4.33168e-06
2.41575e-06
3.00221e-06
3.48059e-06
3.50784e-06
3.68117e-06
3.67906e-06
3.40381e-06
3.11246e-06
2.83953e-06
2.68789e-06
2.66976e-06
2.63344e-06
2.46742e-06
2.20579e-06
2.11733e-06
2.17761e-06
2.24852e-06
2.27708e-06
2.30262e-06
2.41576e-06
2.15336e-06
)
;
    }
    ceiling
    {
        type            mutkWallFunction;
        Cmu             0.09;
        kappa           0.41;
        E               9.8;
        value           nonuniform List<scalar> 
400
(
4.77941e-05
5.40004e-05
5.93612e-05
6.3639e-05
6.71234e-05
6.991e-05
7.20077e-05
7.33117e-05
7.35546e-05
7.21255e-05
7.21378e-05
7.36714e-05
7.37524e-05
7.27704e-05
7.09623e-05
6.84199e-05
6.51404e-05
6.10397e-05
5.58226e-05
4.96667e-05
5.40004e-05
6.0656e-05
6.65233e-05
7.13767e-05
7.54822e-05
7.89035e-05
8.15904e-05
8.33638e-05
8.38818e-05
8.25927e-05
8.2656e-05
8.40867e-05
8.39484e-05
8.255e-05
8.01794e-05
7.70024e-05
7.307e-05
6.83412e-05
6.25563e-05
5.59005e-05
5.93612e-05
6.65233e-05
7.27111e-05
7.79305e-05
8.24601e-05
8.63582e-05
8.9517e-05
9.17014e-05
9.25e-05
9.12769e-05
9.1349e-05
9.27783e-05
9.24268e-05
9.06701e-05
8.78418e-05
8.41799e-05
7.9776e-05
7.46091e-05
6.84205e-05
6.12091e-05
6.3639e-05
7.13767e-05
7.79305e-05
8.35342e-05
8.84986e-05
9.29249e-05
9.66586e-05
9.93722e-05
0.000100569
9.97916e-05
9.98513e-05
0.000100874
0.000100169
9.79335e-05
9.45723e-05
9.03865e-05
8.54931e-05
7.98624e-05
7.32296e-05
6.53981e-05
6.71234e-05
7.54822e-05
8.24601e-05
8.84986e-05
9.41425e-05
9.93256e-05
0.000103773
0.000107156
0.000108996
0.000108913
0.000109003
0.000109257
0.000107875
0.000104978
0.000100914
9.59943e-05
9.04846e-05
8.43592e-05
7.72505e-05
6.87688e-05
6.991e-05
7.89035e-05
8.63582e-05
9.29249e-05
9.93256e-05
0.000105249
0.000110434
0.000114538
0.00011712
0.000117941
0.000118103
0.000117293
0.000115067
0.000111437
0.00010665
0.000101002
9.47631e-05
8.81218e-05
8.05328e-05
7.14169e-05
7.20077e-05
8.15904e-05
8.9517e-05
9.66586e-05
0.000103773
0.000110434
0.000116393
0.000121357
0.000125108
0.000127866
0.000128182
0.000125311
0.000121706
0.000117124
0.000111552
0.000105189
9.82532e-05
9.10919e-05
8.3047e-05
7.33597e-05
7.33117e-05
8.33638e-05
9.17014e-05
9.93722e-05
0.000107156
0.000114538
0.000121357
0.000127581
0.000133813
0.000140677
0.000141131
0.000134271
0.000127978
0.000121906
0.000115389
0.000108294
0.000100706
9.30594e-05
8.4641e-05
7.45147e-05
7.35546e-05
8.38818e-05
9.25e-05
0.000100569
0.000108996
0.00011712
0.000125108
0.000133813
0.000144436
0.000155913
0.000156405
0.00014513
0.000134448
0.000125683
0.000117814
0.000109908
0.000101682
9.36743e-05
8.50093e-05
7.46361e-05
7.21255e-05
8.25927e-05
9.12769e-05
9.97916e-05
0.000108913
0.000117941
0.000127866
0.000140677
0.000155913
0.000161622
0.000161343
0.000156946
0.000141618
0.000128619
0.000118614
0.000109703
0.000100768
9.24333e-05
8.37284e-05
7.3256e-05
7.21377e-05
8.2656e-05
9.1349e-05
9.98513e-05
0.000109002
0.000118103
0.000128181
0.000141131
0.000156405
0.000161343
0.000161509
0.000157394
0.000142025
0.000128978
0.000118861
0.00010984
0.000100798
9.23676e-05
8.35543e-05
7.29645e-05
7.36713e-05
8.40867e-05
9.27783e-05
0.000100874
0.000109256
0.000117293
0.000125311
0.000134271
0.00014513
0.000156946
0.000157394
0.000145778
0.000134985
0.000126096
0.000118165
0.000110197
0.000101859
9.37016e-05
8.4889e-05
7.44015e-05
7.37524e-05
8.39484e-05
9.24268e-05
0.000100169
0.000107875
0.000115067
0.000121706
0.000127978
0.000134448
0.000141618
0.000142025
0.000134985
0.000128623
0.000122483
0.000115919
0.000108742
0.000101025
9.31961e-05
8.45964e-05
7.43409e-05
7.27703e-05
8.255e-05
9.067e-05
9.79335e-05
0.000104977
0.000111437
0.000117124
0.000121906
0.000125683
0.000128619
0.000128978
0.000126096
0.000122483
0.00011785
0.000112196
0.000105718
9.86306e-05
9.12715e-05
8.30453e-05
7.3238e-05
7.09623e-05
8.01794e-05
8.78417e-05
9.45722e-05
0.000100914
0.00010665
0.000111552
0.000115389
0.000117814
0.000118614
0.000118861
0.000118165
0.000115919
0.000112196
0.000107308
0.000101531
9.5126e-05
8.83003e-05
8.05527e-05
7.13471e-05
6.84198e-05
7.70024e-05
8.41799e-05
9.03864e-05
9.59942e-05
0.000101002
0.000105188
0.000108294
0.000109908
0.000109703
0.00010984
0.000110197
0.000108742
0.000105718
0.000101531
9.64643e-05
9.07992e-05
8.45061e-05
7.72776e-05
6.8759e-05
6.51403e-05
7.307e-05
7.9776e-05
8.5493e-05
9.04846e-05
9.47631e-05
9.82532e-05
0.000100706
0.000101682
0.000100768
0.000100798
0.000101859
0.000101025
9.86306e-05
9.5126e-05
9.07991e-05
8.57466e-05
7.99848e-05
7.32833e-05
6.54825e-05
6.10397e-05
6.83412e-05
7.46091e-05
7.98623e-05
8.43591e-05
8.81218e-05
9.10919e-05
9.30594e-05
9.36743e-05
9.24333e-05
9.23676e-05
9.37016e-05
9.31961e-05
9.12715e-05
8.83003e-05
8.45061e-05
7.99848e-05
7.47431e-05
6.85536e-05
6.14515e-05
5.58225e-05
6.25562e-05
6.84205e-05
7.32296e-05
7.72505e-05
8.05328e-05
8.30469e-05
8.4641e-05
8.50093e-05
8.37284e-05
8.35543e-05
8.4889e-05
8.45964e-05
8.30453e-05
8.05526e-05
7.72775e-05
7.32833e-05
6.85536e-05
6.28524e-05
5.63879e-05
4.96667e-05
5.59004e-05
6.12091e-05
6.53981e-05
6.87688e-05
7.14169e-05
7.33597e-05
7.45146e-05
7.46361e-05
7.3256e-05
7.29645e-05
7.44015e-05
7.43409e-05
7.32379e-05
7.1347e-05
6.8759e-05
6.54825e-05
6.14515e-05
5.63879e-05
5.04791e-05
)
;
    }
    fixedWalls
    {
        type            mutkWallFunction;
        Cmu             0.09;
        kappa           0.41;
        E               9.8;
        value           nonuniform List<scalar> 
800
(
4.72562e-06
7.87293e-06
1.78908e-05
3.27338e-05
3.70674e-05
3.94011e-05
4.11713e-05
4.29514e-05
4.50397e-05
4.77444e-05
4.89743e-06
8.51073e-06
1.31644e-05
3.06694e-05
3.62949e-05
3.97908e-05
4.29183e-05
4.60951e-05
4.96016e-05
5.39454e-05
4.60217e-06
8.30292e-06
1.15176e-05
2.69971e-05
3.46363e-05
3.95203e-05
4.43886e-05
4.90907e-05
5.38372e-05
5.93014e-05
4.54524e-06
8.35644e-06
1.21184e-05
2.1909e-05
3.22723e-05
3.88964e-05
4.56281e-05
5.16495e-05
5.73655e-05
6.35752e-05
4.43735e-06
7.91344e-06
1.18811e-05
1.62914e-05
2.97436e-05
3.82276e-05
4.66805e-05
5.37577e-05
6.02748e-05
6.70563e-05
4.17151e-06
7.42021e-06
1.13363e-05
1.3958e-05
2.67948e-05
3.72776e-05
4.74137e-05
5.53602e-05
6.25631e-05
6.98401e-05
3.86271e-06
7.22251e-06
1.10256e-05
1.39881e-05
2.26258e-05
3.61107e-05
4.77238e-05
5.63776e-05
6.41496e-05
7.19356e-05
3.57444e-06
7.02129e-06
1.07874e-05
1.37312e-05
1.81161e-05
3.48813e-05
4.75556e-05
5.67185e-05
6.49089e-05
7.32383e-05
3.35375e-06
6.98822e-06
1.09071e-05
1.38353e-05
1.65769e-05
3.36235e-05
4.68039e-05
5.62398e-05
6.46044e-05
7.34809e-05
3.22352e-06
7.09905e-06
1.11851e-05
1.42357e-05
1.69141e-05
3.26144e-05
4.54774e-05
5.46931e-05
6.28461e-05
7.20531e-05
3.10657e-06
7.14032e-06
1.13309e-05
1.44039e-05
1.67801e-05
3.26798e-05
4.52904e-05
5.44982e-05
6.27095e-05
7.20653e-05
2.96206e-06
7.01569e-06
1.11252e-05
1.42809e-05
1.81707e-05
3.40734e-05
4.65461e-05
5.58991e-05
6.4396e-05
7.35974e-05
2.93212e-06
6.99601e-06
1.13329e-05
1.46689e-05
2.1963e-05
3.57624e-05
4.76587e-05
5.67407e-05
6.50817e-05
7.36785e-05
3.07869e-06
7.08326e-06
1.16253e-05
1.45922e-05
2.58062e-05
3.73197e-05
4.82519e-05
5.68014e-05
6.47055e-05
7.26975e-05
3.34898e-06
7.33119e-06
1.19423e-05
1.59473e-05
2.89391e-05
3.86195e-05
4.82922e-05
5.61484e-05
6.34466e-05
7.08913e-05
3.48025e-06
7.66101e-06
1.23622e-05
2.0203e-05
3.16118e-05
3.95982e-05
4.78526e-05
5.48777e-05
6.14611e-05
6.83514e-05
3.4154e-06
7.89033e-06
1.1856e-05
2.50572e-05
3.4124e-05
4.04228e-05
4.70657e-05
5.30612e-05
5.88122e-05
6.50751e-05
3.55388e-06
7.89448e-06
1.19265e-05
2.95606e-05
3.6357e-05
4.1185e-05
4.60508e-05
5.07519e-05
5.55074e-05
6.09783e-05
3.55955e-06
8.18439e-06
1.63052e-05
3.2808e-05
3.80695e-05
4.1576e-05
4.47547e-05
4.79373e-05
5.14483e-05
5.57658e-05
2.98973e-06
6.5862e-06
2.12027e-05
3.48619e-05
3.894e-05
4.12419e-05
4.30207e-05
4.4826e-05
4.69178e-05
4.96154e-05
2.98977e-06
6.58623e-06
2.12027e-05
3.48619e-05
3.894e-05
4.12419e-05
4.30206e-05
4.4826e-05
4.69178e-05
4.96153e-05
3.46787e-06
8.23174e-06
1.62149e-05
3.31151e-05
3.83868e-05
4.18217e-05
4.49032e-05
4.80498e-05
5.15586e-05
5.58436e-05
3.49517e-06
7.9784e-06
1.12898e-05
2.98243e-05
3.68759e-05
4.1676e-05
4.64005e-05
5.10245e-05
5.57602e-05
6.11474e-05
3.66838e-06
7.91878e-06
1.13778e-05
2.47895e-05
3.46813e-05
4.10361e-05
4.7538e-05
5.34741e-05
5.91965e-05
6.53325e-05
3.66628e-06
7.36421e-06
1.13437e-05
1.96185e-05
3.18464e-05
4.02402e-05
4.84131e-05
5.5426e-05
6.19788e-05
6.87e-05
3.39126e-06
6.87211e-06
1.10246e-05
1.41431e-05
2.91462e-05
3.91865e-05
4.8939e-05
5.68461e-05
6.41096e-05
7.13454e-05
3.10008e-06
6.70314e-06
1.08477e-05
1.352e-05
2.51317e-05
3.77078e-05
4.90192e-05
5.7684e-05
6.55481e-05
7.32863e-05
2.82731e-06
6.51023e-06
1.06899e-05
1.38381e-05
2.03165e-05
3.62562e-05
4.8639e-05
5.78471e-05
6.61424e-05
7.444e-05
2.67574e-06
6.53386e-06
1.09445e-05
1.41806e-05
1.80784e-05
3.49846e-05
4.7784e-05
5.72172e-05
6.56835e-05
7.45612e-05
2.65761e-06
6.70687e-06
1.13787e-05
1.47394e-05
1.81642e-05
3.3833e-05
4.64008e-05
5.56854e-05
6.39544e-05
7.31824e-05
2.62134e-06
6.74269e-06
1.15346e-05
1.48381e-05
1.77371e-05
3.35215e-05
4.58839e-05
5.51931e-05
6.35281e-05
7.28911e-05
2.4555e-06
6.5071e-06
1.11889e-05
1.44437e-05
1.90202e-05
3.47315e-05
4.71306e-05
5.66094e-05
6.52084e-05
7.43267e-05
2.19415e-06
6.28716e-06
1.11195e-05
1.41363e-05
2.23611e-05
3.62203e-05
4.81417e-05
5.73479e-05
6.57497e-05
7.42662e-05
2.10579e-06
6.20919e-06
1.11018e-05
1.37026e-05
2.6065e-05
3.77951e-05
4.87084e-05
5.73368e-05
6.52538e-05
7.31644e-05
2.16602e-06
6.33102e-06
1.11819e-05
1.78825e-05
2.86515e-05
3.91293e-05
4.87687e-05
5.66574e-05
6.39319e-05
7.12754e-05
2.23682e-06
6.54972e-06
1.12844e-05
2.15155e-05
3.1882e-05
4.01565e-05
4.83808e-05
5.5399e-05
6.19299e-05
6.86899e-05
2.26536e-06
6.75531e-06
1.09854e-05
2.55021e-05
3.5082e-05
4.11969e-05
4.77107e-05
5.36421e-05
5.93102e-05
6.54167e-05
2.29091e-06
7.19291e-06
1.35607e-05
3.02123e-05
3.74707e-05
4.2157e-05
4.68608e-05
5.14472e-05
5.60926e-05
6.13895e-05
2.40392e-06
7.38116e-06
1.72127e-05
3.4061e-05
3.92187e-05
4.26622e-05
4.57272e-05
4.87944e-05
5.21833e-05
5.63305e-05
2.14169e-06
6.42126e-06
2.30234e-05
3.61285e-05
4.0103e-05
4.23928e-05
4.41333e-05
4.58653e-05
4.78539e-05
5.0427e-05
4.72562e-06
7.87293e-06
1.78908e-05
3.27338e-05
3.70674e-05
3.94011e-05
4.11713e-05
4.29514e-05
4.50397e-05
4.77444e-05
4.89743e-06
8.51072e-06
1.31644e-05
3.06694e-05
3.62949e-05
3.97908e-05
4.29183e-05
4.60951e-05
4.96016e-05
5.39454e-05
4.60216e-06
8.3029e-06
1.15176e-05
2.69971e-05
3.46363e-05
3.95203e-05
4.43886e-05
4.90907e-05
5.38372e-05
5.93014e-05
4.54521e-06
8.35642e-06
1.21184e-05
2.1909e-05
3.22724e-05
3.88965e-05
4.56281e-05
5.16495e-05
5.73655e-05
6.35752e-05
4.43732e-06
7.91341e-06
1.18811e-05
1.62914e-05
2.97436e-05
3.82276e-05
4.66805e-05
5.37577e-05
6.02748e-05
6.70563e-05
4.17148e-06
7.42018e-06
1.13363e-05
1.3958e-05
2.67948e-05
3.72777e-05
4.74137e-05
5.53602e-05
6.25631e-05
6.98401e-05
3.86268e-06
7.22248e-06
1.10256e-05
1.39881e-05
2.26258e-05
3.61107e-05
4.77238e-05
5.63776e-05
6.41496e-05
7.19357e-05
3.57441e-06
7.02126e-06
1.07874e-05
1.37312e-05
1.81162e-05
3.48813e-05
4.75556e-05
5.67185e-05
6.49089e-05
7.32383e-05
3.35372e-06
6.98819e-06
1.09071e-05
1.38353e-05
1.65769e-05
3.36235e-05
4.68039e-05
5.62398e-05
6.46044e-05
7.34809e-05
3.2235e-06
7.09902e-06
1.11851e-05
1.42357e-05
1.69141e-05
3.26145e-05
4.54774e-05
5.46931e-05
6.28461e-05
7.20531e-05
3.10656e-06
7.14029e-06
1.13309e-05
1.44038e-05
1.67801e-05
3.26799e-05
4.52905e-05
5.44982e-05
6.27095e-05
7.20653e-05
2.96204e-06
7.01565e-06
1.11251e-05
1.42809e-05
1.81707e-05
3.40735e-05
4.65461e-05
5.58991e-05
6.4396e-05
7.35974e-05
2.93211e-06
6.99598e-06
1.13329e-05
1.46689e-05
2.1963e-05
3.57625e-05
4.76587e-05
5.67407e-05
6.50817e-05
7.36785e-05
3.07868e-06
7.08322e-06
1.16253e-05
1.45922e-05
2.58063e-05
3.73197e-05
4.82519e-05
5.68013e-05
6.47054e-05
7.26974e-05
3.34897e-06
7.33116e-06
1.19423e-05
1.59473e-05
2.89392e-05
3.86195e-05
4.82922e-05
5.61483e-05
6.34465e-05
7.08912e-05
3.48023e-06
7.66099e-06
1.23622e-05
2.0203e-05
3.16118e-05
3.95982e-05
4.78526e-05
5.48777e-05
6.1461e-05
6.83513e-05
3.41538e-06
7.89033e-06
1.1856e-05
2.50572e-05
3.41241e-05
4.04228e-05
4.70657e-05
5.30612e-05
5.88122e-05
6.5075e-05
3.55388e-06
7.89449e-06
1.19266e-05
2.95606e-05
3.6357e-05
4.1185e-05
4.60508e-05
5.07519e-05
5.55074e-05
6.09782e-05
3.55957e-06
8.18441e-06
1.63052e-05
3.2808e-05
3.80695e-05
4.1576e-05
4.47547e-05
4.79373e-05
5.14482e-05
5.57658e-05
2.98977e-06
6.58623e-06
2.12027e-05
3.48619e-05
3.894e-05
4.12419e-05
4.30206e-05
4.4826e-05
4.69178e-05
4.96153e-05
2.98973e-06
6.5862e-06
2.12027e-05
3.48619e-05
3.894e-05
4.12419e-05
4.30207e-05
4.4826e-05
4.69178e-05
4.96154e-05
3.46787e-06
8.23174e-06
1.6215e-05
3.31151e-05
3.83868e-05
4.18217e-05
4.49033e-05
4.80498e-05
5.15586e-05
5.58436e-05
3.49518e-06
7.97838e-06
1.12899e-05
2.98243e-05
3.68759e-05
4.16761e-05
4.64005e-05
5.10245e-05
5.57602e-05
6.11475e-05
3.6684e-06
7.91878e-06
1.13778e-05
2.47895e-05
3.46813e-05
4.10361e-05
4.7538e-05
5.34741e-05
5.91966e-05
6.53325e-05
3.6663e-06
7.36422e-06
1.13437e-05
1.96185e-05
3.18464e-05
4.02402e-05
4.84131e-05
5.5426e-05
6.19789e-05
6.87e-05
3.39128e-06
6.87213e-06
1.10246e-05
1.41431e-05
2.91462e-05
3.91865e-05
4.8939e-05
5.68461e-05
6.41097e-05
7.13454e-05
3.10011e-06
6.70316e-06
1.08477e-05
1.35201e-05
2.51318e-05
3.77078e-05
4.90192e-05
5.7684e-05
6.55481e-05
7.32863e-05
2.82733e-06
6.51025e-06
1.06899e-05
1.38382e-05
2.03165e-05
3.62562e-05
4.8639e-05
5.78471e-05
6.61424e-05
7.444e-05
2.67576e-06
6.53388e-06
1.09445e-05
1.41807e-05
1.80784e-05
3.49846e-05
4.77839e-05
5.72172e-05
6.56835e-05
7.45612e-05
2.65762e-06
6.70689e-06
1.13788e-05
1.47395e-05
1.81642e-05
3.38329e-05
4.64007e-05
5.56854e-05
6.39544e-05
7.31824e-05
2.62135e-06
6.74272e-06
1.15346e-05
1.48381e-05
1.77371e-05
3.35214e-05
4.58839e-05
5.51931e-05
6.35281e-05
7.28911e-05
2.45551e-06
6.50713e-06
1.11889e-05
1.44438e-05
1.90201e-05
3.47315e-05
4.71306e-05
5.66094e-05
6.52084e-05
7.43267e-05
2.19416e-06
6.28719e-06
1.11195e-05
1.41363e-05
2.2361e-05
3.62203e-05
4.81417e-05
5.73479e-05
6.57498e-05
7.42662e-05
2.10579e-06
6.2092e-06
1.11018e-05
1.37026e-05
2.6065e-05
3.77951e-05
4.87084e-05
5.73368e-05
6.52539e-05
7.31644e-05
2.16601e-06
6.33102e-06
1.11819e-05
1.78824e-05
2.86514e-05
3.91293e-05
4.87687e-05
5.66574e-05
6.39319e-05
7.12755e-05
2.23681e-06
6.5497e-06
1.12844e-05
2.15155e-05
3.18819e-05
4.01565e-05
4.83808e-05
5.5399e-05
6.19299e-05
6.869e-05
2.26535e-06
6.75529e-06
1.09854e-05
2.55021e-05
3.50819e-05
4.11969e-05
4.77107e-05
5.36421e-05
5.93102e-05
6.54167e-05
2.2909e-06
7.19288e-06
1.35607e-05
3.02122e-05
3.74706e-05
4.21569e-05
4.68608e-05
5.14472e-05
5.60927e-05
6.13895e-05
2.40391e-06
7.38114e-06
1.72127e-05
3.4061e-05
3.92186e-05
4.26622e-05
4.57272e-05
4.87945e-05
5.21834e-05
5.63305e-05
2.14169e-06
6.42126e-06
2.30234e-05
3.61285e-05
4.0103e-05
4.23928e-05
4.41333e-05
4.58653e-05
4.78539e-05
5.0427e-05
)
;
    }
}


// ************************************************************************* //
