/*--------------------------------*- C++ -*----------------------------------*\
| =========                 |                                                 |
| \\      /  F ield         | OpenFOAM: The Open Source CFD Toolbox           |
|  \\    /   O peration     | Version:  1.7.1                                 |
|   \\  /    A nd           | Web:      www.OpenFOAM.com                      |
|    \\/     M anipulation  |                                                 |
\*---------------------------------------------------------------------------*/
FoamFile
{
    version     2.0;
    format      ascii;
    class       volScalarField;
    location    "1600";
    object      p_rgh;
}
// * * * * * * * * * * * * * * * * * * * * * * * * * * * * * * * * * * * * * //

dimensions      [1 -1 -2 0 0 0 0];

internalField   nonuniform List<scalar> 
4000
(
100122
100122
100122
100122
100122
100122
100122
100122
100122
100122
100122
100122
100122
100122
100122
100122
100122
100122
100122
100122
100122
100122
100122
100122
100122
100122
100122
100122
100122
100122
100122
100122
100122
100122
100122
100122
100122
100122
100122
100122
100122
100122
100122
100122
100122
100122
100122
100122
100122
100122
100122
100122
100122
100122
100122
100122
100122
100122
100122
100122
100122
100122
100122
100122
100122
100122
100122
100122
100122
100122
100122
100122
100122
100122
100122
100122
100122
100122
100122
100122
100122
100122
100122
100122
100122
100122
100122
100122
100122
100122
100122
100122
100122
100122
100122
100122
100122
100122
100122
100122
100122
100122
100122
100122
100122
100122
100122
100122
100122
100122
100122
100122
100122
100122
100122
100122
100122
100122
100122
100122
100122
100122
100122
100122
100122
100122
100122
100122
100122
100122
100122
100122
100122
100122
100122
100122
100122
100122
100122
100122
100122
100122
100122
100122
100122
100122
100122
100122
100122
100122
100122
100122
100122
100122
100122
100122
100122
100122
100122
100122
100122
100122
100122
100122
100122
100122
100122
100122
100122
100122
100122
100122
100122
100122
100122
100122
100122
100122
100122
100122
100122
100122
100122
100122
100122
100122
100122
100122
100122
100122
100122
100122
100122
100122
100122
100122
100122
100122
100122
100122
100122
100122
100122
100122
100122
100122
100122
100122
100122
100122
100122
100122
100122
100122
100122
100122
100122
100122
100122
100122
100122
100122
100122
100122
100122
100122
100122
100122
100122
100122
100122
100122
100122
100122
100122
100122
100122
100122
100122
100122
100122
100122
100122
100122
100122
100122
100122
100122
100122
100122
100122
100122
100122
100122
100122
100122
100122
100122
100122
100122
100122
100122
100122
100122
100122
100122
100122
100122
100122
100122
100122
100122
100122
100122
100122
100122
100122
100122
100122
100122
100122
100122
100122
100122
100122
100122
100122
100122
100122
100122
100122
100122
100122
100122
100122
100122
100122
100122
100122
100122
100122
100122
100122
100122
100122
100122
100122
100122
100122
100122
100122
100122
100122
100122
100122
100122
100122
100122
100122
100122
100122
100122
100122
100122
100122
100122
100122
100122
100122
100122
100122
100122
100122
100122
100122
100122
100122
100122
100122
100122
100122
100122
100122
100122
100122
100122
100122
100122
100122
100122
100122
100122
100122
100122
100122
100122
100122
100122
100122
100122
100122
100122
100122
100122
100122
100122
100122
100122
100122
100122
100122
100122
100122
100122
100122
100122
100122
100122
100122
100122
100122
100122
100122
100122
100122
100122
100122
100122
100122
100122
100122
100122
100122
100122
100122
100122
100122
100122
100122
100122
100122
100122
100122
100122
100122
100122
100122
100122
100122
100122
100122
100122
100122
100122
100122
100122
100122
100122
100122
100122
100122
100122
100122
100122
100122
100122
100122
100122
100122
100122
100122
100122
100122
100122
100122
100122
100122
100122
100122
100122
100122
100122
100122
100122
100122
100122
100122
100122
100122
100122
100122
100122
100122
100122
100122
100122
100122
100122
100122
100122
100122
100122
100122
100122
100122
100122
100122
100122
100122
100122
100122
100122
100122
100122
100122
100122
100122
100122
100122
100122
100122
100122
100122
100122
100122
100122
100122
100122
100122
100122
100122
100122
100122
100122
100122
100122
100122
100122
100122
100122
100122
100122
100122
100122
100122
100122
100122
100122
100122
100122
100122
100122
100122
100122
100122
100122
100122
100122
100122
100122
100122
100122
100122
100122
100122
100122
100122
100122
100122
100122
100122
100122
100122
100122
100122
100122
100122
100122
100122
100122
100122
100122
100122
100122
100122
100122
100122
100122
100122
100122
100122
100122
100122
100122
100122
100122
100122
100122
100122
100122
100122
100122
100122
100122
100122
100122
100122
100122
100122
100122
100122
100122
100122
100122
100122
100122
100122
100122
100122
100122
100122
100122
100122
100122
100122
100122
100122
100122
100122
100122
100122
100122
100122
100122
100122
100122
100122
100122
100122
100122
100122
100122
100122
100122
100122
100122
100122
100122
100122
100122
100122
100122
100122
100122
100122
100122
100122
100122
100122
100122
100122
100122
100122
100122
100122
100122
100122
100122
100122
100122
100122
100122
100122
100122
100122
100122
100122
100122
100122
100122
100122
100122
100122
100122
100122
100122
100122
100122
100122
100122
100122
100122
100122
100122
100122
100122
100122
100122
100122
100122
100122
100122
100122
100122
100122
100122
100122
100122
100122
100122
100122
100122
100122
100122
100122
100122
100122
100122
100122
100122
100122
100122
100122
100122
100122
100122
100122
100122
100122
100122
100122
100122
100122
100122
100122
100122
100122
100122
100122
100122
100122
100122
100122
100122
100122
100122
100122
100122
100122
100122
100122
100122
100122
100122
100122
100122
100122
100122
100122
100122
100122
100122
100122
100122
100122
100122
100122
100122
100122
100122
100122
100122
100122
100122
100122
100122
100122
100122
100122
100122
100122
100122
100122
100122
100122
100122
100122
100122
100122
100122
100122
100122
100122
100122
100122
100122
100122
100122
100122
100122
100122
100122
100122
100122
100122
100122
100122
100122
100122
100122
100122
100122
100122
100122
100122
100122
100122
100122
100122
100122
100122
100122
100122
100122
100122
100122
100122
100122
100122
100122
100122
100122
100122
100122
100122
100122
100122
100122
100122
100122
100122
100122
100122
100122
100122
100122
100122
100122
100122
100122
100122
100122
100122
100122
100122
100122
100122
100122
100122
100122
100122
100122
100122
100122
100122
100122
100122
100122
100122
100122
100122
100122
100122
100122
100122
100122
100122
100122
100122
100122
100122
100122
100122
100122
100122
100122
100122
100122
100122
100122
100122
100122
100122
100122
100122
100122
100122
100122
100122
100122
100122
100122
100122
100122
100122
100122
100122
100122
100122
100122
100122
100122
100122
100122
100122
100122
100122
100122
100122
100122
100122
100122
100122
100122
100122
100122
100122
100122
100122
100122
100122
100122
100122
100122
100122
100122
100122
100122
100122
100122
100122
100122
100122
100122
100122
100122
100122
100122
100122
100122
100122
100122
100122
100122
100122
100122
100122
100122
100122
100122
100122
100122
100122
100122
100122
100122
100122
100122
100122
100122
100122
100122
100122
100122
100122
100122
100122
100122
100122
100122
100122
100122
100122
100122
100122
100122
100122
100122
100122
100122
100122
100122
100122
100122
100122
100122
100122
100122
100122
100122
100122
100122
100122
100122
100122
100122
100122
100122
100122
100122
100122
100122
100122
100122
100122
100122
100122
100122
100122
100122
100122
100122
100122
100122
100122
100122
100122
100122
100122
100122
100122
100122
100122
100122
100122
100122
100122
100122
100122
100122
100122
100122
100122
100122
100122
100122
100122
100122
100122
100122
100122
100122
100122
100122
100122
100122
100122
100122
100122
100122
100122
100122
100122
100122
100122
100122
100122
100122
100122
100122
100122
100122
100122
100122
100122
100122
100122
100122
100122
100122
100122
100122
100122
100122
100122
100122
100122
100122
100122
100122
100122
100122
100122
100122
100122
100122
100122
100122
100122
100122
100122
100122
100122
100122
100122
100122
100122
100122
100122
100122
100122
100122
100122
100122
100122
100122
100122
100122
100122
100122
100122
100122
100122
100122
100122
100122
100122
100122
100122
100122
100122
100122
100122
100122
100122
100122
100122
100122
100122
100122
100122
100122
100122
100122
100122
100122
100122
100122
100122
100122
100122
100122
100122
100122
100122
100122
100122
100122
100122
100122
100122
100122
100122
100122
100122
100122
100122
100122
100122
100122
100122
100122
100122
100122
100122
100122
100122
100122
100122
100122
100122
100122
100122
100122
100122
100122
100122
100122
100122
100122
100122
100122
100122
100122
100122
100122
100122
100122
100122
100122
100122
100122
100122
100122
100122
100122
100122
100122
100122
100122
100122
100122
100122
100122
100122
100122
100122
100122
100122
100122
100122
100122
100122
100122
100122
100122
100122
100122
100122
100122
100122
100122
100122
100122
100122
100122
100122
100122
100122
100122
100122
100122
100122
100122
100122
100122
100122
100122
100122
100122
100122
100122
100122
100122
100122
100122
100122
100122
100122
100122
100122
100122
100122
100122
100122
100122
100122
100122
100122
100122
100122
100122
100122
100122
100122
100122
100122
100122
100122
100122
100122
100122
100122
100122
100122
100122
100122
100122
100122
100122
100122
100122
100122
100122
100122
100122
100122
100122
100122
100122
100122
100122
100122
100122
100122
100122
100122
100122
100122
100122
100122
100122
100122
100122
100122
100122
100122
100122
100122
100122
100122
100122
100122
100122
100122
100122
100122
100122
100122
100122
100122
100122
100122
100122
100122
100122
100122
100122
100122
100122
100122
100122
100122
100122
100122
100122
100122
100122
100122
100122
100122
100122
100122
100122
100122
100122
100122
100122
100122
100122
100122
100122
100122
100122
100122
100122
100122
100122
100122
100122
100122
100122
100122
100122
100122
100122
100122
100122
100122
100122
100122
100122
100122
100122
100122
100122
100122
100122
100122
100122
100122
100122
100122
100122
100122
100122
100122
100122
100122
100122
100122
100122
100122
100122
100122
100122
100122
100122
100122
100122
100122
100122
100122
100122
100122
100122
100122
100122
100122
100122
100122
100122
100122
100122
100122
100122
100122
100122
100122
100122
100122
100122
100122
100122
100122
100122
100122
100122
100122
100122
100122
100122
100122
100122
100122
100122
100122
100122
100122
100122
100122
100122
100122
100122
100122
100122
100122
100122
100122
100122
100122
100122
100122
100122
100122
100122
100122
100122
100122
100122
100122
100122
100122
100122
100122
100122
100122
100122
100122
100122
100122
100122
100122
100122
100122
100122
100122
100122
100122
100122
100122
100122
100122
100122
100122
100122
100122
100122
100122
100122
100122
100122
100122
100122
100122
100122
100122
100122
100122
100122
100122
100122
100122
100122
100122
100122
100122
100122
100122
100122
100122
100122
100122
100122
100122
100122
100122
100122
100122
100122
100122
100122
100122
100122
100122
100122
100122
100122
100122
100122
100122
100122
100122
100122
100122
100122
100122
100122
100122
100122
100122
100122
100122
100122
100122
100122
100122
100122
100122
100122
100122
100122
100122
100122
100122
100122
100122
100122
100122
100122
100122
100122
100122
100122
100122
100122
100122
100122
100122
100122
100122
100122
100122
100122
100122
100122
100122
100122
100122
100122
100122
100122
100122
100122
100122
100122
100122
100122
100122
100122
100122
100122
100122
100122
100122
100122
100122
100122
100122
100122
100122
100122
100122
100122
100122
100122
100122
100122
100122
100122
100122
100122
100122
100122
100122
100122
100122
100122
100122
100122
100122
100122
100122
100122
100122
100122
100122
100122
100122
100122
100122
100122
100122
100122
100122
100122
100122
100122
100122
100122
100122
100122
100122
100122
100122
100122
100122
100122
100122
100122
100122
100122
100122
100122
100122
100122
100122
100122
100122
100122
100122
100122
100122
100122
100122
100122
100122
100122
100122
100122
100122
100122
100122
100122
100122
100122
100122
100122
100122
100122
100122
100122
100122
100122
100122
100122
100122
100122
100122
100122
100122
100122
100122
100122
100122
100122
100122
100122
100122
100122
100122
100122
100122
100122
100122
100122
100122
100122
100122
100122
100122
100122
100122
100122
100122
100122
100122
100122
100122
100122
100122
100122
100122
100122
100122
100122
100122
100122
100122
100122
100122
100122
100122
100122
100122
100122
100122
100122
100122
100122
100122
100122
100122
100122
100122
100122
100122
100122
100122
100122
100122
100122
100122
100122
100122
100122
100122
100122
100122
100122
100122
100122
100122
100122
100122
100122
100122
100122
100122
100122
100122
100122
100122
100122
100122
100122
100122
100122
100122
100122
100122
100122
100122
100122
100122
100122
100122
100122
100122
100122
100122
100122
100122
100122
100122
100122
100122
100122
100122
100122
100122
100122
100122
100122
100122
100122
100122
100122
100122
100122
100122
100122
100122
100122
100122
100122
100122
100122
100122
100122
100122
100122
100122
100122
100122
100122
100122
100122
100122
100122
100122
100122
100122
100122
100122
100122
100122
100122
100122
100122
100122
100122
100122
100122
100122
100122
100122
100122
100122
100122
100122
100122
100122
100122
100122
100122
100122
100122
100122
100122
100122
100122
100122
100122
100122
100122
100122
100122
100122
100122
100122
100122
100122
100122
100122
100122
100122
100122
100122
100122
100122
100122
100122
100122
100122
100122
100122
100122
100122
100122
100122
100122
100122
100122
100122
100122
100122
100122
100122
100122
100122
100122
100122
100122
100122
100122
100122
100122
100122
100122
100122
100122
100122
100122
100122
100122
100122
100122
100122
100122
100122
100122
100122
100122
100122
100122
100122
100122
100122
100122
100122
100122
100122
100122
100122
100122
100122
100122
100122
100122
100122
100122
100122
100122
100122
100122
100122
100122
100122
100122
100122
100122
100122
100122
100122
100122
100122
100122
100122
100122
100122
100122
100122
100122
100122
100122
100122
100122
100122
100122
100122
100122
100122
100122
100122
100122
100122
100122
100122
100122
100122
100122
100122
100122
100122
100122
100122
100122
100122
100122
100122
100122
100122
100122
100122
100122
100122
100122
100122
100122
100122
100122
100122
100122
100122
100122
100122
100122
100122
100122
100122
100122
100122
100122
100122
100122
100122
100122
100122
100122
100122
100122
100122
100122
100122
100122
100122
100122
100122
100122
100122
100122
100122
100122
100122
100122
100122
100122
100122
100122
100122
100122
100122
100122
100122
100122
100122
100122
100122
100122
100122
100122
100122
100122
100122
100122
100122
100122
100122
100122
100122
100122
100122
100122
100122
100122
100122
100122
100122
100122
100122
100122
100122
100122
100122
100122
100122
100122
100122
100122
100122
100122
100122
100122
100122
100122
100122
100122
100122
100122
100122
100122
100122
100122
100122
100122
100122
100122
100122
100122
100122
100122
100122
100122
100122
100122
100122
100122
100122
100122
100122
100122
100122
100122
100122
100122
100122
100122
100122
100122
100122
100122
100122
100122
100122
100122
100122
100122
100122
100122
100122
100122
100122
100122
100122
100122
100122
100122
100122
100122
100122
100122
100122
100122
100122
100122
100122
100122
100122
100122
100122
100122
100122
100122
100122
100122
100122
100122
100122
100122
100122
100122
100122
100122
100122
100122
100122
100122
100122
100122
100122
100122
100122
100122
100122
100122
100122
100122
100122
100122
100122
100122
100122
100122
100122
100122
100122
100122
100122
100122
100122
100122
100122
100122
100122
100122
100122
100122
100122
100122
100122
100122
100122
100122
100122
100122
100122
100122
100122
100122
100122
100122
100122
100122
100122
100122
100122
100122
100122
100122
100122
100122
100122
100122
100122
100122
100122
100122
100122
100122
100122
100122
100122
100122
100122
100122
100122
100122
100122
100122
100122
100122
100122
100122
100122
100122
100122
100122
100122
100122
100122
100122
100122
100122
100122
100122
100122
100122
100122
100122
100122
100122
100122
100122
100122
100122
100122
100122
100122
100122
100122
100122
100122
100122
100122
100122
100122
100122
100122
100122
100122
100122
100122
100122
100122
100122
100122
100122
100122
100122
100122
100122
100122
100122
100122
100122
100122
100122
100122
100122
100122
100122
100122
100122
100122
100122
100122
100122
100122
100122
100122
100122
100122
100122
100122
100122
100122
100122
100122
100122
100122
100122
100122
100122
100122
100122
100122
100122
100122
100122
100122
100122
100122
100122
100122
100122
100122
100122
100122
100122
100122
100122
100122
100122
100122
100122
100122
100122
100122
100122
100122
100122
100122
100122
100122
100122
100122
100122
100122
100122
100122
100122
100122
100122
100122
100122
100122
100122
100122
100122
100122
100122
100122
100122
100122
100122
100122
100122
100122
100122
100122
100122
100122
100122
100122
100122
100122
100122
100122
100122
100122
100122
100122
100122
100122
100122
100122
100122
100122
100122
100122
100122
100122
100122
100122
100122
100122
100122
100122
100122
100122
100122
100122
100122
100122
100122
100122
100122
100122
100122
100122
100122
100122
100122
100122
100122
100122
100122
100122
100122
100122
100122
100122
100122
100122
100122
100122
100122
100122
100122
100122
100122
100122
100122
100122
100122
100122
100122
100122
100122
100122
100122
100122
100122
100122
100122
100122
100122
100122
100122
100122
100122
100122
100122
100122
100122
100122
100122
100122
100122
100122
100122
100122
100122
100122
100122
100122
100122
100122
100122
100122
100122
100122
100122
100122
100122
100122
100122
100122
100122
100122
100122
100122
100122
100122
100122
100122
100122
100122
100122
100122
100122
100122
100122
100122
100122
100122
100122
100122
100122
100122
100122
100122
100122
100122
100122
100122
100122
100122
100122
100122
100122
100122
100122
100122
100122
100122
100122
100122
100122
100122
100122
100122
100122
100122
100122
100122
100122
100122
100122
100122
100122
100122
100122
100122
100122
100122
100122
100122
100122
100122
100122
100122
100122
100122
100122
100122
100122
100122
100122
100122
100122
100122
100122
100122
100122
100122
100122
100122
100122
100122
100122
100122
100122
100122
100122
100122
100122
100122
100122
100122
100122
100122
100122
100122
100122
100122
100122
100122
100122
100122
100122
100122
100122
100122
100122
100122
100122
100122
100122
100122
100122
100122
100122
100122
100122
100122
100122
100122
100122
100122
100122
100122
100122
100122
100122
100122
100122
100122
100122
100122
100122
100122
100122
100122
100122
100122
100122
100122
100122
100122
100122
100122
100122
100122
100122
100122
100122
100122
100122
100122
100122
100122
100122
100122
100122
100122
100122
100122
100122
100122
100122
100122
100122
100122
100122
100122
100122
100122
100122
100122
100122
100122
100122
100122
100122
100122
100122
100122
100122
100122
100122
100122
100122
100122
100122
100122
100122
100122
100122
100122
100122
100122
100122
100122
100122
100122
100122
100122
100122
100122
100122
100122
100122
100122
100122
100122
100122
100122
100122
100122
100122
100122
100122
100122
100122
100122
100122
100122
100122
100122
100122
100122
100122
100122
100122
100122
100122
100122
100122
100122
100122
100122
100122
100122
100122
100122
100122
100122
100122
100122
100122
100122
100122
100122
100122
100122
100122
100122
100122
100122
100122
100122
100122
100122
100122
100122
100122
100122
100122
100122
100122
100122
100122
100122
100122
100122
100122
100122
100122
100122
100122
100122
100122
100122
100122
100122
100122
100122
100122
100122
100122
100122
100122
100122
100122
100122
100122
100122
100122
100122
100122
100122
100122
100122
100122
100122
100122
100122
100122
100122
100122
100122
100122
100122
100122
100122
100122
100122
100122
100122
100122
100122
100122
100122
100122
100122
100122
100122
100122
100122
100122
100122
100122
100122
100122
100122
100122
100122
100122
100122
100122
100122
100122
100122
100122
100122
100122
100122
100122
100122
100122
100122
100122
100122
100122
100122
100122
100122
100122
100122
100122
100122
100122
100122
100122
100122
100122
100122
100122
100122
100122
100122
100122
100122
100122
100122
100122
100122
100122
100122
100122
100122
100122
100122
100122
100122
100122
100122
100122
100122
100122
100122
100122
100122
100122
100122
100122
100122
100122
100122
100122
100122
100122
100122
100122
100122
100122
100122
100122
100122
100122
100122
100122
100122
100122
100122
100122
100122
100122
100122
100122
100122
100122
100122
100122
100122
100122
100122
100122
100122
100122
100122
100122
100122
100122
100122
100122
100122
100122
100122
100122
100122
100122
100122
100122
100122
100122
100122
100122
100122
100122
100122
100122
100122
100122
100122
100122
100122
100122
100122
100122
100122
100122
100122
100122
100122
100122
100122
100122
100122
100122
100122
100122
100122
100122
100122
100122
100122
100122
100122
100122
100122
100122
100122
100122
100122
100122
100122
100122
100122
100122
100122
100122
100122
100122
100122
100122
100122
100122
100122
100122
100122
100122
100122
100122
100122
100122
100122
100122
100122
100122
100122
100122
100122
100122
100122
100122
100122
100122
100122
100122
100122
100122
100122
100122
100122
100122
100122
100122
100122
100122
100122
100122
100122
100122
100122
100122
100122
100122
100122
100122
100122
100122
100122
100122
100122
100122
100122
100122
100122
100122
100122
100122
100122
100122
100122
100122
100122
100122
100122
100122
100122
100122
100122
100122
100122
100122
100122
100122
100122
100122
100122
100122
100122
100122
100122
100122
100122
100122
100122
100122
100122
100122
100122
100122
100122
100122
100122
100122
100122
100122
100122
100122
100122
100122
100122
100122
100122
100122
100122
100122
100122
100122
100122
100122
100122
100122
100122
100122
100122
100122
100122
100122
100122
100122
100122
100122
100122
100122
100122
100122
100122
100122
100122
100122
100122
100122
100122
100122
100122
100122
100122
100122
100122
100122
100122
100122
100122
100122
100122
100122
100122
100122
100122
100122
100122
100122
100122
100122
100122
100122
100122
100122
100122
100122
100122
100122
100122
100122
100122
100122
100122
100122
100122
100122
100122
100122
100122
100122
100122
100122
100122
100122
100122
100122
100122
100122
100122
100122
100122
100122
100122
100122
100122
100122
100122
100122
100122
100122
100122
100122
100122
100122
100122
100122
100122
100122
100122
100122
100122
100122
100122
100122
100122
100122
100122
100122
100122
100122
100122
100122
100122
100122
100122
100122
100122
100122
100122
100122
100122
100122
100122
100122
100122
100122
100122
100122
100122
100122
100122
100122
100122
100122
100122
100122
100122
100122
100122
100122
100122
100122
100122
100122
100122
100122
100122
100122
100122
100122
100122
100122
100122
100122
100122
100122
100122
100122
100122
100122
100122
100122
100122
100122
100122
100122
100122
100122
100122
100122
100122
100122
100122
100122
100122
100122
100122
100122
100122
100122
100122
100122
100122
100122
100122
100122
100122
100122
100122
100122
100122
100122
100122
100122
100122
100122
100122
100122
100122
100122
100122
100122
100122
100122
100122
100122
100122
100122
100122
100122
100122
100122
100122
100122
100122
100122
100122
100122
100122
100122
100122
100122
100122
100122
100122
100122
100122
100122
100122
100122
100122
100122
100122
100122
100122
100122
100122
100122
100122
100122
100122
100122
100122
100122
100122
100122
100122
100122
100122
100122
100122
100122
100122
100122
100122
100122
100122
100122
100122
100122
100122
100122
100122
100122
100122
100122
100122
100122
100122
100122
100122
100122
100122
100122
100122
100122
100122
100122
100122
100122
100122
100122
100122
100122
100122
100122
100122
100122
100122
100122
100122
100122
100122
100122
100122
100122
100122
100122
100122
100122
100122
100122
100122
100122
100122
100122
100122
100122
100122
100122
100122
100122
100122
100122
100122
100122
100122
100122
100122
100122
100122
100122
100122
100122
100122
100122
100122
100122
100122
100122
100122
100122
100122
100122
100122
100122
100122
100122
100122
100122
100122
100122
100122
100122
100122
100122
100122
100122
100122
100122
100122
100122
100122
100122
100122
100122
100122
100122
100122
100122
100122
100122
100122
100122
100122
100122
100122
100122
100122
100122
100122
100122
100122
100122
100122
100122
100122
100122
100122
100122
100122
100122
100122
100122
100122
100122
100122
100122
100122
100122
100122
100122
100122
100122
100122
100122
100122
100122
100122
100122
100122
100122
100122
100122
100122
100122
100122
100122
100122
100122
100122
100122
100122
100122
100122
100122
100122
100122
100122
100122
100122
100122
100122
100122
100122
100122
100122
100122
100122
100122
100122
100122
100122
100122
100122
100122
100122
100122
100122
100122
100122
100122
100122
100122
100122
100122
100122
100122
100122
100122
100122
100122
100122
100122
100122
100122
100122
100122
100122
100122
100122
100122
100122
100122
100122
100122
100122
100122
100122
100122
100122
100122
100122
100122
100122
100122
100122
100122
100122
100122
100122
100122
100122
100122
100122
100122
100122
100122
100122
100122
100122
100122
100122
100122
100122
100122
100122
100122
100122
100122
100122
100122
100122
100122
100122
100122
100122
100122
100122
100122
100122
100122
100122
100122
100122
100122
100122
100122
100122
100122
100122
100122
100122
100122
100122
100122
100122
100122
100122
100122
100122
100122
100122
100122
100122
100122
100122
100122
100122
100122
100122
100122
100122
100122
100122
100122
100122
100122
100122
100122
100122
100122
100122
100122
100122
100122
100122
100122
100122
100122
100122
100122
100122
100122
100122
100122
100122
100122
100122
100122
100122
100122
100122
100122
100122
100122
100122
100122
100122
100122
100122
100122
100122
100122
100122
100122
100122
100122
100122
100122
100122
100122
100122
100122
100122
100122
100122
100122
100122
100122
100122
100122
100122
100122
100122
100122
100122
100122
100122
100122
100122
100122
100122
100122
100122
100122
100122
100122
100122
100122
100122
100122
100122
100122
100122
100122
100122
100122
100122
100122
100122
100122
100122
100122
100122
100122
100122
100122
100122
100122
100122
100122
100122
100122
100122
100122
100122
100122
100122
100122
100122
100122
100122
100122
100122
100122
100122
100122
100122
100122
100122
100122
100122
100122
100122
100122
100122
100122
100122
100122
100122
100122
100122
100122
100122
100122
100122
100122
100122
100122
100122
100122
100122
100122
100122
100122
100122
100122
100122
100122
100122
100122
100122
100122
100122
100122
100122
100122
100122
100122
100122
100122
100122
100122
100122
100122
100122
100122
100122
100122
100122
100122
100122
100122
100122
100122
100122
100122
100122
100122
100122
100122
100122
100122
100122
100122
100122
100122
100122
100122
100122
100122
100122
100122
100122
100122
100122
100122
100122
100122
100122
100122
100122
100122
100122
100122
100122
100122
100122
100122
100122
100122
100122
100122
100122
100122
100122
100122
100122
100122
100122
100122
100122
100122
100122
100122
100122
100122
100122
100122
100122
100122
100122
100122
100122
100122
100122
100122
100122
100122
100122
100122
100122
100122
100122
100122
100122
100122
100122
100122
100122
100122
100122
100122
100122
100122
100122
100122
100122
100122
100122
100122
100122
100122
100122
100122
100122
100122
100122
100122
100122
100122
100122
100122
100122
100122
100122
100122
100122
100122
100122
100122
100122
100122
100122
100122
100122
100122
100122
100122
100122
100122
100122
100122
100122
100122
100122
100122
100122
100122
100122
100122
100122
100122
100122
100122
100122
100122
100122
100122
100122
100122
100122
100122
100122
100122
100122
100122
100122
100122
100122
100122
100122
100122
100122
100122
100122
100122
100122
100122
100122
100122
100122
100122
100122
100122
100122
100122
100122
100122
100122
100122
100122
100122
100122
100122
100122
100122
100122
100122
100122
100122
100122
100122
100122
100122
100122
100122
100122
100122
100122
100122
100122
100122
100122
100122
100122
100122
100122
100122
100122
100122
100122
100122
100122
100122
100122
100122
100122
100122
100122
100122
100122
100122
100122
100122
100122
100122
100122
100122
100122
100122
100122
100122
100122
100122
100122
100122
100122
100122
100122
100122
100122
100122
100122
100122
100122
100122
100122
100122
)
;

boundaryField
{
    floor
    {
        type            buoyantPressure;
        gradient        uniform -0;
        rho             rho;
        value           nonuniform List<scalar> 
400
(
100122
100122
100122
100122
100122
100122
100122
100122
100122
100122
100122
100122
100122
100122
100122
100122
100122
100122
100122
100122
100122
100122
100122
100122
100122
100122
100122
100122
100122
100122
100122
100122
100122
100122
100122
100122
100122
100122
100122
100122
100122
100122
100122
100122
100122
100122
100122
100122
100122
100122
100122
100122
100122
100122
100122
100122
100122
100122
100122
100122
100122
100122
100122
100122
100122
100122
100122
100122
100122
100122
100122
100122
100122
100122
100122
100122
100122
100122
100122
100122
100122
100122
100122
100122
100122
100122
100122
100122
100122
100122
100122
100122
100122
100122
100122
100122
100122
100122
100122
100122
100122
100122
100122
100122
100122
100122
100122
100122
100122
100122
100122
100122
100122
100122
100122
100122
100122
100122
100122
100122
100122
100122
100122
100122
100122
100122
100122
100122
100122
100122
100122
100122
100122
100122
100122
100122
100122
100122
100122
100122
100122
100122
100122
100122
100122
100122
100122
100122
100122
100122
100122
100122
100122
100122
100122
100122
100122
100122
100122
100122
100122
100122
100122
100122
100122
100122
100122
100122
100122
100122
100122
100122
100122
100122
100122
100122
100122
100122
100122
100122
100122
100122
100122
100122
100122
100122
100122
100122
100122
100122
100122
100122
100122
100122
100122
100122
100122
100122
100122
100122
100122
100122
100122
100122
100122
100122
100122
100122
100122
100122
100122
100122
100122
100122
100122
100122
100122
100122
100122
100122
100122
100122
100122
100122
100122
100122
100122
100122
100122
100122
100122
100122
100122
100122
100122
100122
100122
100122
100122
100122
100122
100122
100122
100122
100122
100122
100122
100122
100122
100122
100122
100122
100122
100122
100122
100122
100122
100122
100122
100122
100122
100122
100122
100122
100122
100122
100122
100122
100122
100122
100122
100122
100122
100122
100122
100122
100122
100122
100122
100122
100122
100122
100122
100122
100122
100122
100122
100122
100122
100122
100122
100122
100122
100122
100122
100122
100122
100122
100122
100122
100122
100122
100122
100122
100122
100122
100122
100122
100122
100122
100122
100122
100122
100122
100122
100122
100122
100122
100122
100122
100122
100122
100122
100122
100122
100122
100122
100122
100122
100122
100122
100122
100122
100122
100122
100122
100122
100122
100122
100122
100122
100122
100122
100122
100122
100122
100122
100122
100122
100122
100122
100122
100122
100122
100122
100122
100122
100122
100122
100122
100122
100122
100122
100122
100122
100122
100122
100122
100122
100122
100122
100122
100122
100122
100122
100122
100122
100122
100122
100122
100122
100122
100122
100122
100122
100122
100122
100122
100122
100122
100122
100122
100122
100122
100122
100122
100122
100122
100122
100122
)
;
    }
    ceiling
    {
        type            buoyantPressure;
        gradient        nonuniform List<scalar> 
400
(
0.204014
0.205791
0.207787
0.209699
0.211422
0.212915
0.214126
0.214966
0.215291
0.214852
0.215061
0.215606
0.215434
0.214744
0.213681
0.212325
0.210721
0.208892
0.206893
0.20493
0.205791
0.207723
0.20988
0.211977
0.213911
0.215642
0.217093
0.218134
0.218564
0.218098
0.218311
0.218861
0.218572
0.217671
0.21636
0.214762
0.212955
0.210977
0.208904
0.206937
0.207787
0.20988
0.212102
0.214271
0.216326
0.218236
0.219904
0.221156
0.22173
0.221235
0.221461
0.222036
0.221592
0.220457
0.218904
0.217102
0.215156
0.213105
0.211002
0.208974
0.209699
0.211977
0.214271
0.216518
0.218705
0.220843
0.222798
0.224344
0.225138
0.22473
0.224993
0.225473
0.224783
0.223326
0.221461
0.21941
0.217305
0.215159
0.212989
0.21083
0.211422
0.213911
0.216326
0.218705
0.221128
0.223642
0.226038
0.228047
0.229273
0.22914
0.229507
0.229676
0.2285
0.226526
0.22418
0.221745
0.2194
0.2171
0.214801
0.212457
0.212915
0.215642
0.218236
0.220843
0.223642
0.226634
0.22957
0.232193
0.23408
0.234524
0.235089
0.234614
0.232709
0.23006
0.227119
0.224163
0.221438
0.218898
0.216408
0.21384
0.214126
0.217093
0.219904
0.222798
0.226038
0.22957
0.233185
0.236688
0.239681
0.241386
0.242288
0.240434
0.237333
0.233729
0.230045
0.226495
0.223295
0.220458
0.217742
0.214942
0.214966
0.218134
0.221156
0.224344
0.228047
0.232193
0.236688
0.241497
0.246424
0.250952
0.252397
0.247526
0.24234
0.237326
0.232689
0.228468
0.224766
0.221622
0.218688
0.215691
0.215291
0.218564
0.22173
0.225138
0.229273
0.23408
0.239681
0.246424
0.254755
0.265473
0.267924
0.256382
0.247515
0.240421
0.234592
0.229657
0.225493
0.222121
0.219044
0.215949
0.214852
0.218098
0.221235
0.22473
0.22914
0.234524
0.241386
0.250952
0.265473
0.29011
0.294564
0.267771
0.252268
0.24216
0.234987
0.229439
0.224987
0.221567
0.218551
0.215518
0.215061
0.218311
0.221461
0.224993
0.229507
0.235089
0.242288
0.252397
0.267924
0.294563
0.297833
0.269575
0.253323
0.24282
0.23541
0.229728
0.225211
0.22177
0.218751
0.215722
0.215606
0.218861
0.222036
0.225473
0.229676
0.234614
0.240434
0.247526
0.256382
0.267771
0.269575
0.257561
0.248317
0.240979
0.235012
0.230003
0.225806
0.222422
0.219357
0.2163
0.215434
0.218572
0.221592
0.224783
0.2285
0.232709
0.237333
0.24234
0.247515
0.252268
0.253323
0.248317
0.242959
0.237817
0.233105
0.228855
0.225154
0.222012
0.219093
0.216136
0.214744
0.217671
0.220457
0.223326
0.226526
0.23006
0.233729
0.237326
0.240421
0.24216
0.24282
0.240979
0.237817
0.234155
0.23045
0.226907
0.223731
0.220907
0.218217
0.215457
0.213681
0.21636
0.218904
0.221461
0.22418
0.227119
0.230045
0.232689
0.234592
0.234987
0.23541
0.235012
0.233105
0.23045
0.227523
0.224593
0.221912
0.219394
0.216937
0.214408
0.212325
0.214762
0.217102
0.21941
0.221745
0.224163
0.226495
0.228468
0.229657
0.229439
0.229728
0.230003
0.228855
0.226907
0.224593
0.222196
0.219888
0.217622
0.215366
0.213062
0.210721
0.212955
0.215156
0.217305
0.2194
0.221438
0.223295
0.224766
0.225493
0.224987
0.225211
0.225805
0.225154
0.223731
0.221912
0.219888
0.217814
0.215707
0.213584
0.211461
0.208892
0.210977
0.213105
0.215159
0.2171
0.218898
0.220458
0.221622
0.222121
0.221567
0.22177
0.222422
0.222012
0.220907
0.219394
0.217622
0.215707
0.213692
0.211629
0.209618
0.206893
0.208904
0.211002
0.212989
0.214801
0.216408
0.217742
0.218688
0.219044
0.218551
0.218751
0.219357
0.219093
0.218217
0.216937
0.215366
0.213584
0.211629
0.20957
0.207569
0.20493
0.206937
0.208974
0.21083
0.212457
0.21384
0.214942
0.215691
0.215949
0.215518
0.215722
0.2163
0.216136
0.215457
0.214408
0.213062
0.211461
0.209618
0.207569
0.205477
)
;
        rho             rho;
        value           nonuniform List<scalar> 
400
(
100122
100122
100122
100122
100122
100122
100122
100122
100122
100122
100122
100122
100122
100122
100122
100122
100122
100122
100122
100122
100122
100122
100122
100122
100122
100122
100122
100122
100122
100122
100122
100122
100122
100122
100122
100122
100122
100122
100122
100122
100122
100122
100122
100122
100122
100122
100122
100122
100122
100122
100122
100122
100122
100122
100122
100122
100122
100122
100122
100122
100122
100122
100122
100122
100122
100122
100122
100122
100122
100122
100122
100122
100122
100122
100122
100122
100122
100122
100122
100122
100122
100122
100122
100122
100122
100122
100122
100122
100122
100122
100122
100122
100122
100122
100122
100122
100122
100122
100122
100122
100122
100122
100122
100122
100122
100122
100122
100122
100122
100122
100122
100122
100122
100122
100122
100122
100122
100122
100122
100122
100122
100122
100122
100122
100122
100122
100122
100122
100122
100122
100122
100122
100122
100122
100122
100122
100122
100122
100122
100122
100122
100122
100122
100122
100122
100122
100122
100122
100122
100122
100122
100122
100122
100122
100122
100122
100122
100122
100122
100122
100122
100122
100122
100122
100122
100122
100122
100122
100122
100122
100122
100122
100122
100122
100122
100122
100122
100122
100122
100122
100122
100122
100122
100122
100122
100122
100122
100122
100122
100122
100122
100122
100122
100122
100122
100122
100122
100122
100122
100122
100122
100122
100122
100122
100122
100122
100122
100122
100122
100122
100122
100122
100122
100122
100122
100122
100122
100122
100122
100122
100122
100122
100122
100122
100122
100122
100122
100122
100122
100122
100122
100122
100122
100122
100122
100122
100122
100122
100122
100122
100122
100122
100122
100122
100122
100122
100122
100122
100122
100122
100122
100122
100122
100122
100122
100122
100122
100122
100122
100122
100122
100122
100122
100122
100122
100122
100122
100122
100122
100122
100122
100122
100122
100122
100122
100122
100122
100122
100122
100122
100122
100122
100122
100122
100122
100122
100122
100122
100122
100122
100122
100122
100122
100122
100122
100122
100122
100122
100122
100122
100122
100122
100122
100122
100122
100122
100122
100122
100122
100122
100122
100122
100122
100122
100122
100122
100122
100122
100122
100122
100122
100122
100122
100122
100122
100122
100122
100122
100122
100122
100122
100122
100122
100122
100122
100122
100122
100122
100122
100122
100122
100122
100122
100122
100122
100122
100122
100122
100122
100122
100122
100122
100122
100122
100122
100122
100122
100122
100122
100122
100122
100122
100122
100122
100122
100122
100122
100122
100122
100122
100122
100122
100122
100122
100122
100122
100122
100122
100122
100122
100122
100122
100122
100122
100122
100122
100122
100122
100122
100122
100122
100122
100122
100122
100122
100122
100122
100122
100122
100122
)
;
    }
    fixedWalls
    {
        type            buoyantPressure;
        gradient        uniform 0;
        rho             rho;
        value           nonuniform List<scalar> 
800
(
100122
100122
100122
100122
100122
100122
100122
100122
100122
100122
100122
100122
100122
100122
100122
100122
100122
100122
100122
100122
100122
100122
100122
100122
100122
100122
100122
100122
100122
100122
100122
100122
100122
100122
100122
100122
100122
100122
100122
100122
100122
100122
100122
100122
100122
100122
100122
100122
100122
100122
100122
100122
100122
100122
100122
100122
100122
100122
100122
100122
100122
100122
100122
100122
100122
100122
100122
100122
100122
100122
100122
100122
100122
100122
100122
100122
100122
100122
100122
100122
100122
100122
100122
100122
100122
100122
100122
100122
100122
100122
100122
100122
100122
100122
100122
100122
100122
100122
100122
100122
100122
100122
100122
100122
100122
100122
100122
100122
100122
100122
100122
100122
100122
100122
100122
100122
100122
100122
100122
100122
100122
100122
100122
100122
100122
100122
100122
100122
100122
100122
100122
100122
100122
100122
100122
100122
100122
100122
100122
100122
100122
100122
100122
100122
100122
100122
100122
100122
100122
100122
100122
100122
100122
100122
100122
100122
100122
100122
100122
100122
100122
100122
100122
100122
100122
100122
100122
100122
100122
100122
100122
100122
100122
100122
100122
100122
100122
100122
100122
100122
100122
100122
100122
100122
100122
100122
100122
100122
100122
100122
100122
100122
100122
100122
100122
100122
100122
100122
100122
100122
100122
100122
100122
100122
100122
100122
100122
100122
100122
100122
100122
100122
100122
100122
100122
100122
100122
100122
100122
100122
100122
100122
100122
100122
100122
100122
100122
100122
100122
100122
100122
100122
100122
100122
100122
100122
100122
100122
100122
100122
100122
100122
100122
100122
100122
100122
100122
100122
100122
100122
100122
100122
100122
100122
100122
100122
100122
100122
100122
100122
100122
100122
100122
100122
100122
100122
100122
100122
100122
100122
100122
100122
100122
100122
100122
100122
100122
100122
100122
100122
100122
100122
100122
100122
100122
100122
100122
100122
100122
100122
100122
100122
100122
100122
100122
100122
100122
100122
100122
100122
100122
100122
100122
100122
100122
100122
100122
100122
100122
100122
100122
100122
100122
100122
100122
100122
100122
100122
100122
100122
100122
100122
100122
100122
100122
100122
100122
100122
100122
100122
100122
100122
100122
100122
100122
100122
100122
100122
100122
100122
100122
100122
100122
100122
100122
100122
100122
100122
100122
100122
100122
100122
100122
100122
100122
100122
100122
100122
100122
100122
100122
100122
100122
100122
100122
100122
100122
100122
100122
100122
100122
100122
100122
100122
100122
100122
100122
100122
100122
100122
100122
100122
100122
100122
100122
100122
100122
100122
100122
100122
100122
100122
100122
100122
100122
100122
100122
100122
100122
100122
100122
100122
100122
100122
100122
100122
100122
100122
100122
100122
100122
100122
100122
100122
100122
100122
100122
100122
100122
100122
100122
100122
100122
100122
100122
100122
100122
100122
100122
100122
100122
100122
100122
100122
100122
100122
100122
100122
100122
100122
100122
100122
100122
100122
100122
100122
100122
100122
100122
100122
100122
100122
100122
100122
100122
100122
100122
100122
100122
100122
100122
100122
100122
100122
100122
100122
100122
100122
100122
100122
100122
100122
100122
100122
100122
100122
100122
100122
100122
100122
100122
100122
100122
100122
100122
100122
100122
100122
100122
100122
100122
100122
100122
100122
100122
100122
100122
100122
100122
100122
100122
100122
100122
100122
100122
100122
100122
100122
100122
100122
100122
100122
100122
100122
100122
100122
100122
100122
100122
100122
100122
100122
100122
100122
100122
100122
100122
100122
100122
100122
100122
100122
100122
100122
100122
100122
100122
100122
100122
100122
100122
100122
100122
100122
100122
100122
100122
100122
100122
100122
100122
100122
100122
100122
100122
100122
100122
100122
100122
100122
100122
100122
100122
100122
100122
100122
100122
100122
100122
100122
100122
100122
100122
100122
100122
100122
100122
100122
100122
100122
100122
100122
100122
100122
100122
100122
100122
100122
100122
100122
100122
100122
100122
100122
100122
100122
100122
100122
100122
100122
100122
100122
100122
100122
100122
100122
100122
100122
100122
100122
100122
100122
100122
100122
100122
100122
100122
100122
100122
100122
100122
100122
100122
100122
100122
100122
100122
100122
100122
100122
100122
100122
100122
100122
100122
100122
100122
100122
100122
100122
100122
100122
100122
100122
100122
100122
100122
100122
100122
100122
100122
100122
100122
100122
100122
100122
100122
100122
100122
100122
100122
100122
100122
100122
100122
100122
100122
100122
100122
100122
100122
100122
100122
100122
100122
100122
100122
100122
100122
100122
100122
100122
100122
100122
100122
100122
100122
100122
100122
100122
100122
100122
100122
100122
100122
100122
100122
100122
100122
100122
100122
100122
100122
100122
100122
100122
100122
100122
100122
100122
100122
100122
100122
100122
100122
100122
100122
100122
100122
100122
100122
100122
100122
100122
100122
100122
100122
100122
100122
100122
100122
100122
100122
100122
100122
100122
100122
100122
100122
100122
100122
100122
100122
100122
100122
100122
100122
100122
100122
100122
100122
100122
100122
100122
100122
100122
100122
100122
100122
100122
100122
100122
100122
100122
100122
100122
100122
100122
100122
100122
100122
100122
100122
100122
100122
100122
100122
100122
100122
100122
100122
100122
100122
100122
100122
100122
100122
100122
100122
100122
100122
100122
100122
100122
100122
100122
100122
100122
100122
100122
)
;
    }
}


// ************************************************************************* //
