/*--------------------------------*- C++ -*----------------------------------*\
| =========                 |                                                 |
| \\      /  F ield         | OpenFOAM: The Open Source CFD Toolbox           |
|  \\    /   O peration     | Version:  1.7.1                                 |
|   \\  /    A nd           | Web:      www.OpenFOAM.com                      |
|    \\/     M anipulation  |                                                 |
\*---------------------------------------------------------------------------*/
FoamFile
{
    version     2.0;
    format      ascii;
    class       volScalarField;
    location    "1600";
    object      T;
}
// * * * * * * * * * * * * * * * * * * * * * * * * * * * * * * * * * * * * * //

dimensions      [0 0 0 1 0 0 0];

internalField   nonuniform List<scalar> 
4000
(
300.22
300.219
300.216
300.215
300.214
300.213
300.212
300.212
300.212
300.212
300.211
300.211
300.21
300.21
300.211
300.211
300.212
300.213
300.214
300.215
300.239
300.242
300.245
300.247
300.248
300.248
300.249
300.25
300.25
300.25
300.25
300.25
300.25
300.248
300.248
300.246
300.245
300.243
300.24
300.238
300.268
300.26
300.26
300.263
300.268
300.27
300.27
300.27
300.27
300.27
300.27
300.27
300.269
300.269
300.267
300.264
300.261
300.259
300.264
300.274
300.306
300.304
300.298
300.289
300.281
300.279
300.281
300.282
300.282
300.282
300.282
300.281
300.28
300.279
300.279
300.283
300.291
300.299
300.304
300.305
300.305
300.306
300.306
300.304
300.302
300.299
300.296
300.292
300.29
300.29
300.29
300.291
300.293
300.296
300.299
300.302
300.304
300.305
300.305
300.304
300.301
300.302
300.303
300.304
300.304
300.304
300.303
300.302
300.302
300.302
300.302
300.302
300.303
300.303
300.304
300.304
300.304
300.303
300.302
300.3
300.296
300.298
300.299
300.3
300.301
300.302
300.302
300.302
300.302
300.302
300.302
300.303
300.303
300.303
300.302
300.302
300.301
300.3
300.298
300.296
300.291
300.293
300.294
300.296
300.297
300.298
300.299
300.3
300.3
300.299
300.3
300.3
300.3
300.3
300.299
300.298
300.297
300.296
300.293
300.291
300.285
300.287
300.289
300.291
300.293
300.295
300.296
300.296
300.297
300.296
300.296
300.297
300.297
300.296
300.296
300.294
300.293
300.291
300.288
300.286
300.278
300.28
300.283
300.285
300.288
300.29
300.291
300.292
300.293
300.292
300.292
300.293
300.293
300.292
300.291
300.289
300.287
300.284
300.282
300.279
300.219
300.218
300.216
300.215
300.214
300.213
300.212
300.212
300.213
300.213
300.212
300.212
300.211
300.211
300.211
300.212
300.212
300.213
300.214
300.214
300.242
300.244
300.246
300.248
300.248
300.249
300.249
300.249
300.249
300.249
300.249
300.25
300.25
300.249
300.248
300.247
300.246
300.244
300.242
300.241
300.26
300.259
300.26
300.263
300.267
300.269
300.269
300.269
300.269
300.269
300.269
300.27
300.269
300.269
300.267
300.264
300.261
300.259
300.261
300.264
300.304
300.3
300.294
300.287
300.281
300.279
300.281
300.282
300.283
300.283
300.283
300.282
300.281
300.279
300.279
300.282
300.288
300.296
300.301
300.304
300.306
300.306
300.305
300.302
300.299
300.296
300.293
300.291
300.289
300.289
300.288
300.289
300.291
300.293
300.297
300.3
300.303
300.305
300.305
300.305
300.302
300.303
300.303
300.304
300.303
300.302
300.3
300.298
300.298
300.297
300.298
300.298
300.299
300.301
300.302
300.303
300.303
300.303
300.302
300.302
300.298
300.299
300.3
300.301
300.301
300.301
300.3
300.3
300.299
300.299
300.299
300.3
300.3
300.301
300.301
300.301
300.301
300.3
300.299
300.298
300.293
300.294
300.296
300.297
300.298
300.298
300.298
300.298
300.298
300.298
300.298
300.298
300.299
300.299
300.299
300.298
300.298
300.296
300.295
300.293
300.287
300.289
300.291
300.293
300.295
300.296
300.297
300.297
300.297
300.297
300.297
300.298
300.298
300.297
300.297
300.296
300.294
300.293
300.29
300.288
300.28
300.283
300.286
300.288
300.291
300.293
300.295
300.296
300.297
300.296
300.297
300.297
300.297
300.296
300.294
300.292
300.29
300.287
300.284
300.282
300.216
300.216
300.216
300.215
300.214
300.213
300.212
300.212
300.213
300.213
300.212
300.212
300.211
300.211
300.212
300.213
300.213
300.213
300.213
300.213
300.245
300.246
300.248
300.248
300.249
300.249
300.249
300.249
300.249
300.249
300.249
300.249
300.25
300.249
300.249
300.248
300.247
300.246
300.245
300.244
300.26
300.26
300.262
300.264
300.267
300.269
300.269
300.269
300.269
300.269
300.27
300.27
300.27
300.269
300.268
300.265
300.263
300.26
300.26
300.26
300.298
300.294
300.289
300.283
300.28
300.279
300.281
300.282
300.283
300.283
300.283
300.283
300.282
300.28
300.278
300.28
300.284
300.29
300.296
300.299
300.306
300.305
300.303
300.3
300.296
300.294
300.292
300.29
300.289
300.29
300.289
300.289
300.29
300.292
300.295
300.298
300.301
300.303
300.305
300.305
300.303
300.303
300.303
300.303
300.302
300.3
300.298
300.296
300.295
300.294
300.295
300.295
300.297
300.298
300.3
300.302
300.303
300.303
300.303
300.303
300.299
300.3
300.3
300.301
300.301
300.3
300.298
300.297
300.297
300.296
300.297
300.297
300.298
300.299
300.3
300.3
300.3
300.3
300.3
300.3
300.294
300.296
300.296
300.297
300.297
300.297
300.297
300.296
300.296
300.295
300.296
300.296
300.296
300.297
300.297
300.298
300.298
300.297
300.296
300.296
300.289
300.291
300.293
300.294
300.295
300.296
300.296
300.296
300.295
300.295
300.295
300.295
300.296
300.296
300.296
300.296
300.295
300.294
300.293
300.291
300.283
300.286
300.289
300.291
300.294
300.297
300.299
300.3
300.301
300.301
300.301
300.302
300.301
300.3
300.298
300.295
300.293
300.29
300.287
300.284
300.215
300.215
300.215
300.215
300.214
300.212
300.211
300.212
300.212
300.212
300.212
300.212
300.212
300.212
300.213
300.214
300.214
300.214
300.214
300.213
300.247
300.248
300.248
300.249
300.249
300.249
300.249
300.249
300.248
300.249
300.249
300.25
300.25
300.25
300.25
300.249
300.248
300.247
300.247
300.246
300.263
300.263
300.264
300.266
300.268
300.269
300.269
300.269
300.269
300.27
300.27
300.271
300.27
300.27
300.269
300.267
300.265
300.263
300.262
300.263
300.289
300.287
300.283
300.28
300.279
300.279
300.281
300.283
300.284
300.284
300.284
300.284
300.282
300.281
300.279
300.279
300.281
300.285
300.288
300.291
300.304
300.302
300.3
300.297
300.294
300.292
300.291
300.289
300.29
300.291
300.29
300.289
300.289
300.291
300.293
300.295
300.298
300.301
300.303
300.304
300.304
300.304
300.303
300.302
300.3
300.298
300.296
300.294
300.293
300.293
300.293
300.294
300.295
300.297
300.299
300.301
300.302
300.303
300.303
300.304
300.3
300.301
300.301
300.3
300.3
300.298
300.297
300.296
300.295
300.294
300.295
300.295
300.296
300.297
300.298
300.299
300.3
300.3
300.301
300.301
300.296
300.297
300.297
300.297
300.297
300.296
300.295
300.295
300.294
300.293
300.293
300.294
300.294
300.295
300.296
300.297
300.297
300.297
300.298
300.297
300.291
300.293
300.294
300.295
300.295
300.295
300.295
300.295
300.294
300.294
300.293
300.294
300.295
300.295
300.295
300.295
300.295
300.295
300.294
300.293
300.285
300.288
300.291
300.294
300.297
300.3
300.303
300.305
300.306
300.305
300.306
300.306
300.305
300.303
300.301
300.298
300.295
300.293
300.29
300.287
300.214
300.214
300.214
300.214
300.213
300.211
300.211
300.211
300.212
300.212
300.211
300.212
300.212
300.212
300.213
300.214
300.214
300.214
300.214
300.213
300.248
300.248
300.249
300.249
300.25
300.249
300.249
300.249
300.248
300.249
300.249
300.25
300.251
300.251
300.25
300.25
300.249
300.249
300.248
300.247
300.268
300.267
300.267
300.268
300.269
300.27
300.27
300.27
300.27
300.27
300.271
300.271
300.271
300.271
300.27
300.269
300.267
300.266
300.265
300.266
300.281
300.281
300.28
300.279
300.279
300.28
300.282
300.283
300.284
300.285
300.285
300.284
300.283
300.282
300.28
300.279
300.279
300.28
300.282
300.283
300.302
300.299
300.296
300.294
300.292
300.291
300.29
300.289
300.29
300.291
300.291
300.29
300.289
300.29
300.291
300.293
300.295
300.297
300.299
300.301
300.304
300.303
300.302
300.3
300.299
300.297
300.295
300.294
300.293
300.293
300.293
300.293
300.294
300.296
300.297
300.299
300.3
300.302
300.303
300.304
300.301
300.301
300.301
300.3
300.299
300.297
300.296
300.294
300.294
300.293
300.293
300.294
300.295
300.296
300.297
300.298
300.299
300.3
300.301
300.302
300.297
300.298
300.297
300.297
300.296
300.295
300.294
300.294
300.293
300.292
300.292
300.293
300.293
300.294
300.295
300.296
300.297
300.298
300.298
300.299
300.293
300.295
300.295
300.295
300.295
300.295
300.295
300.295
300.295
300.294
300.293
300.295
300.295
300.295
300.295
300.295
300.295
300.296
300.296
300.294
300.288
300.291
300.294
300.297
300.3
300.304
300.307
300.31
300.311
300.311
300.312
300.312
300.31
300.308
300.304
300.301
300.298
300.295
300.292
300.289
300.213
300.213
300.213
300.212
300.211
300.211
300.211
300.211
300.211
300.212
300.212
300.212
300.212
300.213
300.213
300.213
300.214
300.214
300.213
300.212
300.248
300.249
300.249
300.249
300.249
300.249
300.249
300.249
300.249
300.249
300.25
300.25
300.251
300.251
300.251
300.251
300.25
300.25
300.249
300.248
300.27
300.269
300.269
300.269
300.27
300.27
300.27
300.27
300.271
300.271
300.272
300.272
300.272
300.271
300.271
300.27
300.269
300.269
300.268
300.269
300.279
300.279
300.279
300.279
300.28
300.282
300.283
300.284
300.285
300.286
300.286
300.285
300.284
300.283
300.281
300.28
300.279
300.278
300.279
300.279
300.299
300.296
300.294
300.292
300.291
300.29
300.289
300.289
300.29
300.291
300.291
300.29
300.289
300.289
300.29
300.291
300.293
300.295
300.297
300.3
300.304
300.302
300.3
300.298
300.297
300.295
300.294
300.293
300.293
300.293
300.293
300.293
300.293
300.295
300.296
300.297
300.299
300.3
300.302
300.304
300.302
300.301
300.3
300.298
300.297
300.296
300.295
300.294
300.293
300.292
300.292
300.293
300.294
300.295
300.296
300.297
300.298
300.3
300.301
300.303
300.298
300.298
300.297
300.296
300.295
300.294
300.294
300.293
300.292
300.291
300.291
300.292
300.292
300.293
300.294
300.295
300.296
300.297
300.299
300.3
300.295
300.296
300.296
300.295
300.295
300.295
300.296
300.296
300.296
300.295
300.294
300.296
300.296
300.296
300.295
300.295
300.295
300.296
300.297
300.296
300.29
300.293
300.297
300.3
300.304
300.308
300.312
300.315
300.318
300.318
300.319
300.318
300.316
300.312
300.308
300.304
300.301
300.297
300.294
300.291
300.212
300.212
300.212
300.211
300.211
300.211
300.211
300.211
300.212
300.212
300.212
300.213
300.213
300.213
300.213
300.213
300.213
300.213
300.213
300.212
300.249
300.249
300.249
300.249
300.249
300.249
300.249
300.249
300.249
300.249
300.25
300.251
300.252
300.252
300.251
300.251
300.25
300.25
300.25
300.25
300.27
300.269
300.269
300.269
300.27
300.27
300.271
300.271
300.271
300.272
300.273
300.273
300.273
300.272
300.271
300.271
300.27
300.27
300.269
300.27
300.281
300.281
300.281
300.281
300.282
300.283
300.284
300.284
300.285
300.286
300.286
300.286
300.285
300.284
300.283
300.282
300.281
300.28
300.28
300.279
300.296
300.293
300.292
300.291
300.29
300.289
300.289
300.29
300.29
300.291
300.291
300.29
300.29
300.289
300.289
300.29
300.291
300.292
300.294
300.297
300.303
300.3
300.298
300.296
300.295
300.294
300.293
300.292
300.292
300.292
300.292
300.292
300.293
300.293
300.294
300.295
300.296
300.298
300.3
300.303
300.302
300.3
300.298
300.297
300.296
300.295
300.294
300.293
300.292
300.291
300.291
300.292
300.293
300.294
300.295
300.296
300.297
300.298
300.301
300.303
300.299
300.298
300.297
300.295
300.294
300.294
300.293
300.292
300.291
300.29
300.29
300.291
300.292
300.293
300.293
300.294
300.295
300.297
300.299
300.3
300.296
300.297
300.296
300.295
300.295
300.296
300.297
300.297
300.297
300.298
300.298
300.297
300.297
300.297
300.296
300.295
300.295
300.296
300.298
300.297
300.291
300.295
300.299
300.303
300.307
300.312
300.316
300.321
300.325
300.327
300.328
300.326
300.322
300.317
300.312
300.308
300.303
300.3
300.296
300.292
300.212
300.212
300.212
300.212
300.211
300.211
300.211
300.212
300.213
300.215
300.215
300.214
300.214
300.214
300.214
300.214
300.214
300.214
300.213
300.213
300.25
300.249
300.249
300.249
300.249
300.249
300.249
300.25
300.25
300.251
300.252
300.252
300.252
300.252
300.251
300.251
300.251
300.25
300.25
300.25
300.27
300.269
300.269
300.269
300.27
300.27
300.271
300.272
300.272
300.272
300.273
300.274
300.273
300.273
300.272
300.271
300.271
300.27
300.27
300.27
300.282
300.282
300.282
300.283
300.283
300.284
300.284
300.285
300.285
300.285
300.286
300.286
300.285
300.285
300.284
300.284
300.283
300.283
300.282
300.281
300.292
300.291
300.29
300.289
300.289
300.289
300.29
300.29
300.29
300.291
300.291
300.291
300.29
300.29
300.289
300.289
300.289
300.29
300.291
300.293
300.302
300.298
300.296
300.294
300.294
300.293
300.292
300.292
300.292
300.292
300.292
300.292
300.292
300.292
300.293
300.294
300.295
300.296
300.298
300.303
300.302
300.3
300.297
300.296
300.294
300.294
300.293
300.292
300.291
300.291
300.291
300.291
300.291
300.292
300.293
300.294
300.295
300.297
300.3
300.303
300.3
300.298
300.296
300.295
300.294
300.293
300.292
300.292
300.291
300.291
300.291
300.29
300.291
300.292
300.292
300.293
300.294
300.296
300.299
300.301
300.296
300.297
300.296
300.295
300.295
300.296
300.297
300.299
300.301
300.307
300.308
300.301
300.299
300.297
300.296
300.295
300.295
300.296
300.298
300.297
300.292
300.296
300.3
300.305
300.31
300.315
300.321
300.327
300.334
300.34
300.342
300.335
300.328
300.322
300.316
300.31
300.305
300.301
300.297
300.293
300.212
300.213
300.213
300.212
300.212
300.211
300.212
300.213
300.214
300.219
300.22
300.216
300.215
300.214
300.214
300.214
300.214
300.214
300.214
300.213
300.25
300.249
300.249
300.248
300.248
300.249
300.249
300.25
300.251
300.259
300.26
300.253
300.252
300.252
300.251
300.251
300.251
300.251
300.251
300.251
300.27
300.269
300.269
300.269
300.27
300.271
300.271
300.272
300.271
300.277
300.278
300.273
300.274
300.273
300.273
300.272
300.271
300.271
300.271
300.271
300.282
300.283
300.283
300.284
300.284
300.285
300.285
300.285
300.284
300.289
300.291
300.286
300.286
300.286
300.285
300.285
300.284
300.284
300.283
300.282
300.29
300.289
300.289
300.29
300.29
300.29
300.29
300.29
300.29
300.297
300.298
300.291
300.291
300.29
300.29
300.29
300.29
300.289
300.289
300.291
300.302
300.298
300.295
300.293
300.293
300.293
300.292
300.292
300.292
300.301
300.302
300.292
300.291
300.292
300.292
300.293
300.294
300.295
300.298
300.302
300.302
300.299
300.297
300.295
300.294
300.293
300.292
300.291
300.292
300.302
300.303
300.291
300.29
300.291
300.292
300.293
300.294
300.296
300.299
300.303
300.3
300.298
300.296
300.294
300.293
300.292
300.291
300.291
300.292
300.308
300.309
300.292
300.29
300.291
300.291
300.292
300.293
300.296
300.299
300.301
300.297
300.297
300.295
300.294
300.295
300.296
300.297
300.301
300.31
300.331
300.332
300.31
300.301
300.297
300.295
300.294
300.294
300.295
300.298
300.298
300.293
300.297
300.301
300.306
300.311
300.318
300.325
300.334
300.345
300.359
300.362
300.347
300.335
300.326
300.318
300.312
300.306
300.302
300.298
300.294
300.212
300.213
300.213
300.212
300.212
300.212
300.212
300.215
300.219
300.662
300.676
300.221
300.217
300.214
300.214
300.214
300.214
300.214
300.214
300.213
300.25
300.249
300.249
300.249
300.249
300.249
300.249
300.251
300.259
300.543
300.56
300.261
300.253
300.252
300.251
300.251
300.251
300.251
300.251
300.252
300.27
300.269
300.269
300.27
300.27
300.271
300.272
300.272
300.277
300.491
300.507
300.278
300.273
300.274
300.273
300.273
300.272
300.271
300.271
300.271
300.282
300.283
300.283
300.284
300.285
300.286
300.286
300.285
300.289
300.461
300.475
300.291
300.286
300.287
300.286
300.286
300.285
300.284
300.284
300.282
300.29
300.289
300.29
300.291
300.291
300.291
300.291
300.291
300.297
300.44
300.453
300.299
300.291
300.291
300.291
300.291
300.291
300.29
300.289
300.291
300.302
300.297
300.294
300.293
300.293
300.293
300.292
300.292
300.301
300.424
300.435
300.303
300.292
300.292
300.292
300.293
300.293
300.294
300.298
300.302
300.302
300.299
300.296
300.294
300.293
300.292
300.291
300.291
300.302
300.412
300.421
300.303
300.29
300.29
300.291
300.293
300.294
300.296
300.299
300.303
300.299
300.298
300.295
300.293
300.292
300.291
300.29
300.291
300.308
300.404
300.412
300.308
300.29
300.289
300.29
300.291
300.293
300.295
300.298
300.3
300.296
300.297
300.295
300.294
300.294
300.295
300.298
300.307
300.331
300.397
300.404
300.332
300.307
300.297
300.294
300.293
300.293
300.294
300.297
300.297
300.292
300.296
300.301
300.305
300.311
300.318
300.327
300.34
300.359
300.392
300.398
300.362
300.342
300.328
300.319
300.311
300.306
300.301
300.297
300.293
300.211
300.212
300.212
300.212
300.211
300.212
300.212
300.215
300.22
300.676
300.683
300.222
300.217
300.214
300.213
300.213
300.214
300.214
300.214
300.213
300.25
300.249
300.249
300.249
300.249
300.25
300.25
300.252
300.26
300.56
300.571
300.261
300.253
300.252
300.251
300.251
300.251
300.251
300.251
300.252
300.27
300.269
300.27
300.27
300.271
300.272
300.273
300.273
300.278
300.507
300.519
300.279
300.274
300.274
300.274
300.273
300.272
300.271
300.271
300.271
300.282
300.283
300.283
300.284
300.285
300.286
300.286
300.286
300.291
300.475
300.486
300.292
300.286
300.287
300.286
300.286
300.285
300.284
300.283
300.282
300.29
300.288
300.289
300.29
300.291
300.291
300.291
300.291
300.298
300.453
300.462
300.299
300.291
300.291
300.291
300.291
300.29
300.29
300.289
300.291
300.302
300.298
300.295
300.293
300.293
300.293
300.292
300.292
300.302
300.435
300.443
300.303
300.292
300.292
300.292
300.293
300.293
300.295
300.298
300.302
300.302
300.299
300.297
300.295
300.293
300.292
300.291
300.291
300.303
300.421
300.428
300.303
300.29
300.29
300.291
300.293
300.294
300.296
300.299
300.303
300.3
300.298
300.296
300.293
300.292
300.291
300.29
300.291
300.309
300.412
300.418
300.309
300.29
300.289
300.29
300.291
300.293
300.295
300.298
300.301
300.296
300.297
300.295
300.293
300.293
300.294
300.298
300.308
300.332
300.404
300.409
300.333
300.308
300.297
300.294
300.293
300.293
300.294
300.298
300.297
300.292
300.297
300.301
300.306
300.312
300.319
300.328
300.342
300.362
300.398
300.402
300.364
300.343
300.329
300.319
300.312
300.306
300.301
300.297
300.293
300.211
300.212
300.212
300.212
300.212
300.212
300.213
300.214
300.216
300.221
300.222
300.216
300.215
300.214
300.213
300.213
300.213
300.213
300.213
300.211
300.25
300.25
300.249
300.25
300.25
300.25
300.251
300.252
300.253
300.261
300.261
300.254
300.253
300.252
300.252
300.251
300.251
300.251
300.251
300.251
300.27
300.27
300.27
300.271
300.271
300.272
300.273
300.274
300.273
300.278
300.279
300.274
300.275
300.274
300.273
300.272
300.272
300.271
300.27
300.27
300.281
300.282
300.283
300.284
300.284
300.285
300.286
300.286
300.286
300.291
300.292
300.286
300.286
300.286
300.285
300.285
300.284
300.283
300.282
300.281
300.291
300.289
300.289
300.289
300.29
300.29
300.29
300.291
300.291
300.299
300.299
300.291
300.291
300.29
300.29
300.29
300.29
300.289
300.29
300.292
300.302
300.298
300.295
300.294
300.293
300.293
300.292
300.292
300.292
300.303
300.303
300.292
300.291
300.292
300.292
300.293
300.294
300.295
300.298
300.302
300.303
300.3
300.297
300.295
300.294
300.293
300.292
300.291
300.291
300.303
300.303
300.291
300.29
300.291
300.292
300.293
300.295
300.297
300.3
300.303
300.3
300.298
300.296
300.294
300.293
300.292
300.291
300.29
300.292
300.308
300.309
300.292
300.29
300.29
300.291
300.292
300.293
300.296
300.299
300.301
300.297
300.298
300.295
300.294
300.295
300.296
300.297
300.301
300.31
300.332
300.333
300.311
300.301
300.297
300.295
300.294
300.294
300.295
300.298
300.298
300.293
300.297
300.302
300.306
300.312
300.318
300.326
300.335
300.347
300.362
300.364
300.349
300.336
300.327
300.319
300.312
300.307
300.302
300.298
300.294
300.21
300.211
300.211
300.212
300.212
300.212
300.213
300.214
300.215
300.217
300.217
300.215
300.215
300.214
300.213
300.213
300.212
300.212
300.211
300.209
300.25
300.25
300.25
300.25
300.251
300.251
300.252
300.252
300.252
300.253
300.253
300.253
300.253
300.252
300.252
300.251
300.251
300.25
300.25
300.25
300.269
300.269
300.27
300.27
300.271
300.272
300.273
300.273
300.274
300.273
300.274
300.275
300.274
300.273
300.272
300.272
300.271
300.27
300.27
300.27
300.28
300.281
300.282
300.282
300.283
300.284
300.285
300.285
300.286
300.286
300.286
300.286
300.286
300.285
300.284
300.283
300.282
300.281
300.28
300.279
300.293
300.291
300.29
300.289
300.289
300.289
300.29
300.29
300.291
300.291
300.291
300.291
300.29
300.29
300.289
300.289
300.29
300.29
300.292
300.294
300.303
300.299
300.297
300.295
300.294
300.293
300.293
300.292
300.291
300.292
300.292
300.291
300.292
300.292
300.293
300.294
300.295
300.296
300.299
300.303
300.303
300.3
300.298
300.296
300.295
300.294
300.293
300.291
300.29
300.29
300.29
300.29
300.291
300.292
300.293
300.294
300.295
300.297
300.3
300.303
300.3
300.299
300.296
300.294
300.293
300.292
300.292
300.291
300.29
300.29
300.29
300.29
300.291
300.291
300.292
300.293
300.294
300.296
300.299
300.301
300.297
300.298
300.296
300.295
300.295
300.296
300.297
300.299
300.301
300.307
300.308
300.301
300.298
300.297
300.296
300.295
300.295
300.296
300.298
300.298
300.293
300.297
300.301
300.305
300.31
300.316
300.322
300.328
300.335
300.342
300.343
300.336
300.329
300.322
300.316
300.311
300.306
300.302
300.298
300.294
300.21
300.211
300.211
300.212
300.212
300.213
300.213
300.214
300.214
300.214
300.214
300.214
300.214
300.213
300.213
300.212
300.211
300.21
300.209
300.208
300.248
300.249
300.249
300.25
300.251
300.251
300.252
300.252
300.252
300.252
300.252
300.252
300.252
300.252
300.251
300.25
300.25
300.249
300.249
300.248
300.269
300.269
300.269
300.27
300.271
300.271
300.272
300.273
300.273
300.274
300.274
300.274
300.273
300.272
300.271
300.271
300.27
300.269
300.269
300.27
300.279
300.279
300.28
300.281
300.282
300.283
300.284
300.285
300.286
300.287
300.287
300.286
300.285
300.284
300.282
300.281
300.28
300.279
300.279
300.278
300.296
300.293
300.292
300.291
300.29
300.289
300.289
300.29
300.29
300.291
300.291
300.29
300.29
300.289
300.289
300.29
300.291
300.292
300.293
300.296
300.303
300.301
300.298
300.297
300.296
300.295
300.293
300.292
300.292
300.292
300.292
300.292
300.292
300.293
300.294
300.295
300.296
300.298
300.3
300.303
300.303
300.301
300.299
300.297
300.296
300.295
300.294
300.292
300.291
300.29
300.29
300.291
300.292
300.293
300.294
300.295
300.296
300.298
300.301
300.303
300.3
300.299
300.297
300.295
300.294
300.293
300.293
300.292
300.291
300.289
300.289
300.29
300.291
300.292
300.293
300.293
300.295
300.297
300.299
300.301
300.296
300.297
300.296
300.295
300.295
300.296
300.297
300.297
300.297
300.297
300.297
300.297
300.297
300.296
300.296
300.295
300.295
300.296
300.298
300.297
300.292
300.296
300.3
300.303
300.308
300.312
300.317
300.322
300.326
300.328
300.329
300.327
300.322
300.318
300.313
300.308
300.304
300.3
300.297
300.293
300.211
300.211
300.212
300.213
300.213
300.213
300.213
300.214
300.214
300.214
300.213
300.213
300.213
300.213
300.212
300.211
300.211
300.21
300.21
300.209
300.248
300.248
300.249
300.25
300.25
300.251
300.251
300.251
300.251
300.251
300.251
300.252
300.252
300.251
300.25
300.249
300.248
300.248
300.247
300.246
300.267
300.267
300.268
300.269
300.27
300.271
300.271
300.272
300.273
300.273
300.274
300.273
300.272
300.271
300.27
300.269
300.268
300.267
300.266
300.266
300.279
300.279
300.278
300.279
300.28
300.281
300.283
300.284
300.285
300.286
300.286
300.285
300.284
300.282
300.281
300.279
300.279
300.279
300.28
300.28
300.299
300.297
300.295
300.293
300.291
300.29
300.289
300.289
300.29
300.291
300.291
300.29
300.289
300.289
300.29
300.291
300.292
300.293
300.295
300.297
300.304
300.302
300.3
300.299
300.297
300.296
300.294
300.293
300.292
300.292
300.292
300.292
300.293
300.294
300.295
300.296
300.298
300.299
300.301
300.304
300.302
300.301
300.3
300.298
300.297
300.296
300.295
300.293
300.292
300.291
300.291
300.292
300.293
300.294
300.295
300.296
300.298
300.299
300.301
300.303
300.299
300.299
300.297
300.296
300.295
300.294
300.293
300.292
300.291
300.29
300.29
300.291
300.292
300.293
300.293
300.294
300.295
300.297
300.299
300.3
300.296
300.297
300.296
300.295
300.295
300.295
300.296
300.296
300.295
300.294
300.294
300.295
300.296
300.296
300.295
300.295
300.295
300.296
300.297
300.297
300.291
300.294
300.298
300.301
300.304
300.308
300.312
300.316
300.318
300.319
300.319
300.319
300.316
300.313
300.309
300.305
300.301
300.298
300.295
300.292
300.211
300.212
300.213
300.214
300.214
300.213
300.213
300.214
300.214
300.214
300.213
300.213
300.213
300.212
300.211
300.211
300.211
300.211
300.21
300.21
300.246
300.247
300.248
300.249
300.25
300.251
300.251
300.251
300.251
300.251
300.251
300.251
300.251
300.25
300.249
300.248
300.247
300.247
300.246
300.245
300.264
300.264
300.265
300.267
300.269
300.27
300.271
300.271
300.272
300.273
300.273
300.272
300.272
300.271
300.269
300.267
300.265
300.264
300.263
300.264
300.283
300.282
300.28
300.279
300.279
300.28
300.282
300.284
300.285
300.286
300.286
300.285
300.283
300.281
300.279
300.279
300.28
300.281
300.283
300.284
300.302
300.3
300.298
300.295
300.293
300.291
300.29
300.289
300.29
300.291
300.291
300.29
300.289
300.29
300.291
300.292
300.294
300.296
300.298
300.301
300.304
300.303
300.302
300.301
300.299
300.297
300.295
300.294
300.293
300.293
300.293
300.293
300.294
300.295
300.296
300.298
300.3
300.301
300.302
300.304
300.302
300.301
300.3
300.299
300.298
300.297
300.296
300.294
300.293
300.293
300.293
300.293
300.294
300.295
300.296
300.298
300.299
300.3
300.301
300.302
300.298
300.298
300.298
300.297
300.296
300.295
300.294
300.293
300.292
300.291
300.291
300.292
300.293
300.293
300.294
300.295
300.296
300.297
300.299
300.299
300.294
300.296
300.296
300.295
300.295
300.295
300.295
300.295
300.294
300.293
300.293
300.294
300.295
300.295
300.295
300.295
300.295
300.296
300.296
300.295
300.289
300.292
300.295
300.298
300.301
300.304
300.308
300.31
300.312
300.311
300.312
300.312
300.311
300.308
300.305
300.302
300.299
300.296
300.293
300.29
300.212
300.212
300.213
300.214
300.214
300.214
300.213
300.214
300.214
300.214
300.214
300.213
300.212
300.211
300.211
300.211
300.211
300.21
300.21
300.21
300.245
300.246
300.247
300.248
300.249
300.25
300.25
300.251
300.251
300.251
300.251
300.251
300.251
300.25
300.248
300.247
300.246
300.245
300.245
300.244
300.261
300.261
300.263
300.265
300.267
300.269
300.27
300.271
300.271
300.272
300.272
300.272
300.271
300.27
300.268
300.265
300.263
300.262
300.261
300.262
300.291
300.288
300.284
300.281
300.279
300.279
300.281
300.283
300.284
300.285
300.285
300.284
300.282
300.28
300.279
300.28
300.282
300.284
300.287
300.289
300.304
300.303
300.301
300.298
300.295
300.293
300.291
300.289
300.29
300.291
300.29
300.29
300.29
300.291
300.292
300.294
300.297
300.3
300.302
300.304
300.304
300.303
300.303
300.302
300.3
300.299
300.296
300.295
300.294
300.293
300.293
300.294
300.295
300.296
300.298
300.3
300.301
300.302
300.303
300.304
300.301
300.301
300.3
300.3
300.299
300.298
300.297
300.295
300.294
300.294
300.294
300.295
300.295
300.296
300.298
300.299
300.299
300.3
300.301
300.301
300.297
300.298
300.298
300.297
300.297
300.296
300.295
300.294
300.293
300.293
300.293
300.293
300.294
300.295
300.295
300.296
300.297
300.298
300.298
300.298
300.293
300.294
300.295
300.295
300.295
300.295
300.295
300.295
300.294
300.293
300.293
300.294
300.295
300.295
300.295
300.295
300.295
300.295
300.295
300.294
300.287
300.29
300.293
300.295
300.298
300.301
300.303
300.305
300.306
300.306
300.306
300.307
300.306
300.304
300.301
300.299
300.296
300.293
300.29
300.288
300.213
300.213
300.213
300.214
300.214
300.214
300.213
300.214
300.214
300.214
300.214
300.213
300.212
300.21
300.21
300.211
300.21
300.21
300.21
300.209
300.243
300.244
300.246
300.247
300.249
300.25
300.25
300.25
300.251
300.251
300.251
300.251
300.25
300.249
300.248
300.247
300.245
300.244
300.242
300.242
300.259
300.259
300.26
300.263
300.266
300.269
300.27
300.27
300.271
300.271
300.271
300.271
300.27
300.269
300.267
300.264
300.262
300.261
300.261
300.261
300.299
300.296
300.29
300.285
300.28
300.278
300.28
300.283
300.284
300.284
300.284
300.283
300.281
300.279
300.279
300.281
300.284
300.288
300.293
300.297
300.305
300.305
300.303
300.301
300.297
300.295
300.292
300.29
300.289
300.29
300.29
300.289
300.29
300.292
300.293
300.296
300.3
300.303
300.304
300.305
300.303
300.303
300.303
300.303
300.302
300.3
300.298
300.296
300.295
300.294
300.295
300.295
300.296
300.298
300.299
300.301
300.302
300.303
300.303
300.303
300.3
300.3
300.3
300.3
300.3
300.3
300.298
300.297
300.296
300.296
300.296
300.297
300.297
300.298
300.299
300.3
300.3
300.3
300.3
300.3
300.296
300.296
300.297
300.297
300.298
300.297
300.297
300.296
300.296
300.295
300.295
300.296
300.296
300.297
300.297
300.297
300.298
300.297
300.297
300.296
300.291
300.293
300.294
300.295
300.296
300.296
300.296
300.296
300.295
300.294
300.294
300.295
300.296
300.296
300.296
300.296
300.295
300.295
300.293
300.292
300.284
300.287
300.29
300.293
300.295
300.297
300.3
300.301
300.302
300.301
300.301
300.302
300.302
300.3
300.298
300.296
300.293
300.291
300.288
300.285
300.214
300.214
300.213
300.214
300.214
300.213
300.213
300.213
300.214
300.214
300.214
300.213
300.211
300.209
300.21
300.21
300.21
300.21
300.21
300.21
300.24
300.242
300.245
300.247
300.248
300.249
300.25
300.25
300.251
300.251
300.251
300.251
300.25
300.249
300.247
300.246
300.245
300.242
300.241
300.239
300.264
300.261
300.26
300.262
300.265
300.268
300.269
300.27
300.271
300.271
300.271
300.27
300.27
300.269
300.266
300.263
300.261
300.261
300.263
300.266
300.304
300.301
300.296
300.288
300.282
300.279
300.28
300.282
300.283
300.284
300.283
300.282
300.28
300.279
300.28
300.283
300.287
300.293
300.3
300.304
300.305
300.305
300.305
300.303
300.299
300.297
300.294
300.291
300.289
300.289
300.289
300.29
300.292
300.293
300.295
300.298
300.302
300.304
300.305
300.305
300.302
300.302
300.303
300.303
300.303
300.302
300.3
300.298
300.298
300.298
300.298
300.298
300.299
300.3
300.301
300.302
300.303
300.303
300.302
300.302
300.298
300.299
300.3
300.301
300.301
300.301
300.301
300.3
300.299
300.299
300.299
300.3
300.3
300.301
300.301
300.301
300.301
300.3
300.299
300.298
300.293
300.295
300.296
300.298
300.298
300.299
300.299
300.299
300.299
300.298
300.298
300.299
300.299
300.299
300.299
300.299
300.298
300.297
300.295
300.294
300.288
300.29
300.293
300.294
300.296
300.297
300.298
300.298
300.298
300.297
300.298
300.298
300.298
300.298
300.297
300.296
300.295
300.293
300.291
300.289
300.282
300.284
300.287
300.29
300.292
300.294
300.296
300.297
300.298
300.297
300.297
300.298
300.298
300.297
300.295
300.293
300.29
300.288
300.285
300.283
300.215
300.214
300.213
300.213
300.213
300.212
300.212
300.213
300.213
300.213
300.213
300.211
300.209
300.208
300.209
300.21
300.21
300.209
300.21
300.21
300.238
300.241
300.244
300.246
300.247
300.248
300.25
300.25
300.251
300.252
300.252
300.251
300.25
300.248
300.246
300.245
300.244
300.242
300.239
300.236
300.274
300.264
300.26
300.263
300.266
300.269
300.27
300.27
300.271
300.271
300.271
300.27
300.27
300.27
300.266
300.264
300.262
300.261
300.266
300.278
300.305
300.304
300.299
300.291
300.283
300.279
300.279
300.281
300.282
300.282
300.282
300.281
300.279
300.278
300.28
300.284
300.289
300.297
300.304
300.305
300.304
300.305
300.305
300.304
300.301
300.3
300.297
300.293
300.291
300.291
300.291
300.292
300.294
300.296
300.297
300.301
300.304
300.305
300.305
300.304
300.3
300.302
300.303
300.304
300.304
300.304
300.303
300.303
300.302
300.302
300.302
300.302
300.303
300.303
300.304
300.304
300.304
300.303
300.302
300.3
300.296
300.298
300.3
300.301
300.302
300.303
300.303
300.303
300.303
300.303
300.303
300.303
300.303
300.303
300.303
300.302
300.301
300.3
300.298
300.296
300.291
300.293
300.296
300.297
300.299
300.3
300.3
300.301
300.301
300.3
300.301
300.301
300.301
300.301
300.3
300.299
300.298
300.296
300.294
300.291
300.286
300.288
300.291
300.293
300.294
300.296
300.297
300.297
300.298
300.297
300.297
300.298
300.298
300.297
300.297
300.295
300.294
300.292
300.289
300.286
300.279
300.282
300.284
300.287
300.289
300.291
300.292
300.293
300.294
300.293
300.293
300.294
300.294
300.293
300.292
300.29
300.288
300.285
300.283
300.28
)
;

boundaryField
{
    floor
    {
        type            fixedValue;
        value           nonuniform List<scalar> 
400
(
300
300
300
300
300
300
300
300
300
300
300
300
300
300
300
300
300
300
300
300
300
300
300
300
300
300
300
300
300
300
300
300
300
300
300
300
300
300
300
300
300
300
300
300
300
300
300
300
300
300
300
300
300
300
300
300
300
300
300
300
300
300
300
300
300
300
300
300
300
300
300
300
300
300
300
300
300
300
300
300
300
300
300
300
300
300
300
300
300
300
300
300
300
300
300
300
300
300
300
300
300
300
300
300
300
300
300
300
300
300
300
300
300
300
300
300
300
300
300
300
300
300
300
300
300
300
300
300
300
300
300
300
300
300
300
300
300
300
300
300
300
300
300
300
300
300
300
300
300
300
300
300
300
300
300
300
300
300
300
300
300
300
300
300
300
300
300
300
300
300
300
300
300
300
300
300
300
300
300
300
300
300
300
300
300
300
300
300
300
600
600
300
300
300
300
300
300
300
300
300
300
300
300
300
300
300
300
300
300
600
600
300
300
300
300
300
300
300
300
300
300
300
300
300
300
300
300
300
300
300
300
300
300
300
300
300
300
300
300
300
300
300
300
300
300
300
300
300
300
300
300
300
300
300
300
300
300
300
300
300
300
300
300
300
300
300
300
300
300
300
300
300
300
300
300
300
300
300
300
300
300
300
300
300
300
300
300
300
300
300
300
300
300
300
300
300
300
300
300
300
300
300
300
300
300
300
300
300
300
300
300
300
300
300
300
300
300
300
300
300
300
300
300
300
300
300
300
300
300
300
300
300
300
300
300
300
300
300
300
300
300
300
300
300
300
300
300
300
300
300
300
300
300
300
300
300
300
300
300
300
300
300
300
300
300
300
300
300
300
300
300
300
300
300
300
300
300
300
300
300
300
300
300
300
300
300
300
300
300
300
300
300
300
300
300
300
300
300
300
300
)
;
    }
    ceiling
    {
        type            fixedValue;
        value           uniform 300;
    }
    fixedWalls
    {
        type            zeroGradient;
    }
}


// ************************************************************************* //
