/*--------------------------------*- C++ -*----------------------------------*\
| =========                 |                                                 |
| \\      /  F ield         | OpenFOAM: The Open Source CFD Toolbox           |
|  \\    /   O peration     | Version:  1.7.1                                 |
|   \\  /    A nd           | Web:      www.OpenFOAM.com                      |
|    \\/     M anipulation  |                                                 |
\*---------------------------------------------------------------------------*/
FoamFile
{
    version     2.0;
    format      ascii;
    class       volScalarField;
    location    "800";
    object      alphat;
}
// * * * * * * * * * * * * * * * * * * * * * * * * * * * * * * * * * * * * * //

dimensions      [1 -1 -1 0 0 0 0];

internalField   nonuniform List<scalar> 
4000
(
0.000193589
0.000195777
0.000197992
0.000200284
0.000202436
0.000204234
0.000205359
0.000205351
0.000203797
0.00020048
0.000195318
0.000187769
0.000188142
0.000191732
0.000194595
0.000195561
0.000194283
0.000190922
0.000186225
0.000181602
0.0002215
0.00021911
0.000218725
0.000219754
0.000221465
0.000223191
0.00022471
0.000224769
0.000222701
0.000219865
0.000216055
0.000210745
0.000209711
0.000211244
0.000213909
0.000215717
0.000215132
0.000212076
0.000206325
0.000198746
0.000303711
0.000282102
0.000258109
0.000242856
0.000237308
0.000237642
0.000240533
0.000243536
0.000243487
0.000242179
0.000239627
0.000235325
0.000230359
0.000228278
0.00022935
0.000231346
0.000233385
0.000234471
0.000238253
0.000247955
0.000383423
0.000370479
0.000347001
0.000314202
0.000288635
0.000259921
0.000248188
0.000256683
0.000259584
0.000260456
0.00026021
0.000258489
0.000253745
0.000250832
0.000251734
0.000259579
0.000280913
0.000310501
0.000336917
0.000354818
0.00042949
0.000428143
0.000417023
0.00039858
0.000370457
0.000342537
0.00031642
0.000285695
0.000285282
0.000296291
0.00030464
0.00031293
0.000316994
0.000321028
0.000331198
0.000351162
0.000373496
0.000392192
0.000405093
0.000410992
0.000461443
0.00047222
0.000474223
0.000469347
0.000461237
0.000452132
0.000440872
0.000431858
0.000423071
0.000412882
0.000411867
0.000423735
0.000432847
0.000436483
0.000437376
0.000440108
0.000444736
0.000448535
0.000448487
0.00044356
0.000487767
0.000511499
0.000527835
0.00053819
0.000545451
0.000550492
0.000553072
0.000552906
0.00054855
0.000536392
0.000531794
0.000540449
0.000544873
0.0005419
0.000533646
0.000523149
0.000511985
0.000499477
0.000484661
0.00046834
0.000513228
0.000549003
0.000578243
0.000600811
0.000618758
0.000632674
0.000642416
0.000647017
0.000643853
0.000628174
0.000622624
0.000631398
0.000633224
0.0006263
0.000612793
0.00059466
0.000573044
0.000548238
0.000519848
0.000491359
0.000539795
0.000587984
0.000628209
0.000660213
0.000686461
0.000707511
0.000723133
0.000731899
0.000730447
0.000711935
0.000705476
0.000715982
0.000716236
0.000705472
0.000686529
0.00066159
0.000631777
0.000597379
0.000557596
0.000515801
0.000570335
0.000632437
0.000681975
0.000720168
0.000751284
0.000776843
0.000797276
0.00081167
0.000816953
0.000805431
0.000799939
0.000806281
0.000799975
0.000783643
0.000759709
0.000729673
0.000694005
0.000652159
0.000601499
0.000544518
0.000195777
0.000207209
0.000216554
0.000225295
0.000233768
0.00024103
0.000245573
0.00024634
0.00024298
0.000233973
0.000221406
0.000209187
0.000210313
0.000218238
0.000225133
0.000227394
0.000223944
0.000215123
0.000202326
0.000187228
0.00021911
0.000349775
0.000419422
0.000484503
0.000560959
0.000643003
0.000712739
0.000743092
0.000716483
0.000637671
0.000557853
0.000524038
0.000569374
0.000627301
0.000650716
0.000630311
0.000572589
0.000488125
0.000384174
0.00020623
0.000282102
0.000354278
0.000403312
0.000466255
0.000556411
0.000650996
0.000754061
0.000827147
0.000837681
0.000794246
0.000749665
0.000731329
0.000729768
0.000716595
0.000678338
0.000619553
0.000549482
0.000469225
0.000376589
0.000233219
0.000370479
0.000450749
0.000449118
0.000443588
0.000468153
0.000542136
0.000715913
0.000793213
0.000825916
0.000811374
0.000769942
0.000715386
0.000651115
0.000584583
0.000540047
0.000500446
0.000449781
0.000415006
0.000400517
0.000335616
0.000428143
0.00052487
0.000535032
0.000512882
0.000481886
0.00047124
0.000482381
0.000539301
0.000652871
0.000675627
0.000641784
0.000567544
0.000487418
0.000444552
0.000440356
0.000454139
0.00047854
0.000503271
0.000501759
0.000406019
0.00047222
0.000573246
0.000599692
0.000601852
0.000585345
0.000551183
0.000519601
0.000494138
0.00048392
0.000495134
0.000500071
0.000481279
0.000467126
0.000480629
0.000508552
0.000537962
0.000560023
0.000567815
0.00054941
0.000451266
0.000511499
0.0006279
0.000675603
0.000709602
0.000735513
0.00074065
0.000711592
0.000671431
0.000638346
0.000595755
0.000575378
0.000594253
0.000624888
0.00065415
0.000670927
0.000669472
0.000654071
0.000633295
0.000598789
0.00049034
0.000549004
0.000689276
0.000762334
0.00083007
0.000898198
0.000954954
0.000987713
0.000982854
0.000928957
0.000831836
0.000781884
0.000820143
0.000856586
0.00086651
0.00084809
0.000807283
0.000755717
0.00070771
0.000654748
0.000526928
0.000587985
0.000747132
0.000843621
0.000933472
0.00102051
0.00109177
0.00113723
0.00114576
0.00110261
0.00098209
0.000938356
0.00101255
0.00104956
0.00103799
0.000993051
0.000928987
0.000857258
0.000786888
0.000708159
0.000563864
0.000632437
0.000697463
0.000752212
0.00079683
0.000834925
0.000867595
0.000894963
0.000915559
0.000925721
0.000919352
0.000915399
0.000918633
0.000907787
0.000885209
0.000853932
0.000816233
0.00077316
0.000724676
0.000668546
0.000606897
0.000197992
0.000216554
0.000229886
0.000241178
0.000251494
0.000260386
0.000266693
0.00026962
0.000268084
0.000258409
0.000243045
0.000228706
0.000230108
0.000238838
0.000245393
0.000246093
0.000240321
0.000228526
0.000211827
0.000190917
0.000218725
0.000419423
0.000525318
0.00061552
0.000713217
0.000819092
0.000920633
0.000986746
0.000973042
0.000859281
0.000733093
0.000688641
0.000761939
0.000834537
0.000845443
0.00080078
0.000715149
0.000598112
0.000449134
0.000207501
0.000258108
0.000403313
0.000508408
0.000609586
0.000723958
0.000853323
0.00100383
0.00112638
0.00115299
0.00108714
0.0010167
0.000989029
0.000987897
0.000967423
0.000903858
0.000814956
0.000711962
0.00059781
0.00046189
0.000225852
0.000347001
0.000449118
0.000487652
0.000535068
0.000617049
0.000747271
0.000947382
0.00108289
0.00115405
0.00114023
0.00108141
0.00100586
0.000918289
0.000826072
0.000749515
0.000684966
0.000592673
0.00049015
0.000412031
0.000304616
0.000417023
0.000535032
0.000562812
0.000556071
0.00055761
0.000587723
0.000660608
0.000812487
0.000989166
0.0010243
0.000972807
0.00085711
0.000722627
0.00062766
0.000574317
0.000542187
0.000531861
0.000531502
0.000508045
0.000392522
0.000474223
0.000599693
0.000637486
0.000641737
0.00062178
0.000605798
0.000601779
0.000614154
0.000659212
0.000740715
0.000762126
0.000679754
0.000586774
0.000547943
0.000552895
0.00057697
0.000600945
0.000606042
0.000573943
0.000450089
0.000527835
0.000675604
0.000734476
0.000769072
0.000779532
0.000766693
0.000745924
0.000719493
0.000694657
0.000670914
0.000669374
0.000662639
0.000657684
0.000672793
0.000698212
0.00071554
0.000713843
0.000694503
0.000647307
0.000504183
0.000578243
0.000762335
0.00086858
0.000969111
0.0010609
0.00111242
0.00112482
0.00111128
0.00107329
0.00100555
0.000961381
0.000986297
0.00101758
0.00102372
0.000999481
0.000948977
0.000883278
0.000813127
0.000730631
0.000554722
0.000628209
0.000843621
0.00104409
0.00125937
0.00145915
0.00160678
0.00169801
0.0017323
0.00170881
0.00163768
0.00157941
0.00158973
0.0016144
0.00157112
0.00146433
0.00131702
0.00114336
0.000969513
0.000801171
0.000602942
0.000681975
0.000752212
0.000811876
0.000861932
0.000905597
0.000943917
0.000976994
0.00100311
0.00101822
0.00101633
0.00101319
0.00101361
0.000998367
0.000970265
0.000932919
0.000889126
0.000840103
0.000785896
0.000724278
0.000655652
0.000200284
0.000225296
0.000241178
0.00025354
0.000264379
0.000273841
0.000281361
0.000286597
0.00028807
0.000279361
0.000262228
0.000246121
0.00024767
0.000255983
0.000260963
0.00025959
0.000251806
0.00023806
0.000218876
0.000193401
0.000219754
0.000484503
0.00061552
0.000717418
0.000821464
0.000935883
0.00105559
0.00114885
0.00115025
0.00101424
0.00085385
0.000804569
0.000900735
0.00097643
0.000973132
0.000911278
0.00080975
0.000675334
0.000499174
0.000207692
0.000242856
0.000466255
0.000609587
0.000729721
0.000854271
0.00100416
0.00118833
0.00134631
0.00138283
0.00130114
0.00121016
0.00117771
0.00117825
0.00114821
0.00106345
0.000952685
0.000829402
0.000692737
0.000528136
0.000224872
0.000314202
0.000443588
0.000535068
0.000637705
0.000764872
0.000921406
0.00112944
0.00131772
0.00141401
0.00139507
0.0013197
0.00123179
0.0011308
0.00101756
0.000912969
0.000828918
0.000725935
0.000584061
0.000442417
0.000277954
0.000398579
0.000512882
0.000556071
0.000586939
0.0006337
0.000713641
0.000850072
0.00106453
0.00126006
0.0013078
0.00125015
0.00111187
0.000942409
0.000809295
0.000717067
0.000635529
0.000576637
0.000534765
0.000483162
0.000368199
0.000469347
0.000601852
0.000641737
0.000647344
0.000650157
0.000666038
0.000705594
0.000775555
0.000895054
0.0010399
0.001076
0.000943419
0.000770515
0.000659329
0.000615526
0.00060902
0.000613475
0.000610848
0.000572304
0.000442735
0.00053819
0.000709603
0.000769072
0.00079324
0.000803137
0.000813577
0.000826674
0.000841868
0.000863855
0.000896873
0.000927777
0.000867406
0.000782363
0.000749555
0.000742074
0.000743836
0.00074959
0.000733563
0.000679261
0.000512801
0.000600811
0.000830071
0.000969112
0.00109462
0.00119057
0.00125074
0.00127525
0.00127316
0.00124562
0.00119026
0.00116232
0.00119954
0.00122969
0.00121073
0.00116061
0.00109765
0.00101475
0.000917233
0.00079724
0.000575796
0.000660213
0.000933472
0.00125937
0.00162674
0.00191214
0.00202971
0.00207229
0.00207426
0.00201533
0.00189738
0.00190711
0.00206932
0.00216721
0.00215221
0.0020199
0.00180601
0.00150383
0.0011763
0.000887236
0.000633341
0.000720168
0.00079683
0.000861932
0.000917489
0.000966603
0.00101086
0.00105029
0.00108277
0.00110362
0.00110656
0.00110382
0.00110033
0.00107956
0.00104524
0.00100164
0.000951892
0.000897027
0.000836851
0.000769124
0.00069276
0.000202436
0.000233768
0.000251494
0.000264379
0.00027531
0.000285024
0.000293553
0.000301103
0.000306428
0.000299718
0.000280735
0.00026221
0.000263832
0.00027088
0.000273827
0.00027043
0.000261035
0.000246022
0.000225161
0.000195364
0.000221465
0.00056096
0.000713218
0.000821464
0.000926326
0.00104209
0.0011693
0.0012808
0.00129793
0.00114691
0.000960267
0.000909816
0.00102493
0.00109511
0.00107716
0.00100415
0.000894617
0.000751852
0.00055802
0.000209047
0.000237308
0.000556411
0.000723958
0.000854271
0.0009874
0.00115079
0.00135149
0.00152611
0.00156731
0.00147414
0.00137245
0.00134116
0.00134263
0.00130051
0.0011978
0.00106967
0.000931618
0.000776192
0.000584025
0.000226752
0.000288634
0.000468152
0.000617049
0.000764872
0.00091579
0.00108365
0.00129825
0.00151763
0.00161518
0.00158337
0.0015048
0.00141942
0.00131407
0.00118285
0.00105106
0.000942125
0.000835633
0.000685977
0.000500452
0.00025699
0.000370457
0.000481886
0.00055761
0.0006337
0.000729127
0.000859106
0.00104662
0.00129257
0.00148374
0.00152343
0.00146519
0.00132507
0.00113745
0.000974385
0.000854602
0.000738593
0.000632424
0.000547871
0.000461796
0.000338922
0.000461237
0.000585345
0.00062178
0.000650157
0.000685584
0.000741306
0.000828814
0.000958255
0.00114064
0.00131191
0.00134728
0.00118651
0.000957127
0.000785128
0.000688836
0.00064369
0.000617493
0.000592808
0.000551844
0.000432561
0.000545451
0.000735513
0.000779532
0.000803137
0.000833147
0.000873077
0.000923534
0.000985417
0.00106624
0.00116744
0.00123645
0.00111981
0.000954222
0.000857544
0.000807024
0.000780191
0.000766217
0.000753519
0.000702369
0.000518426
0.000618758
0.000898199
0.0010609
0.00119057
0.00128876
0.0013556
0.00139642
0.00141332
0.00140385
0.00137303
0.00136591
0.00139097
0.00139992
0.0013655
0.00130574
0.00123529
0.00114032
0.00101919
0.000863042
0.000591787
0.000686461
0.00102051
0.00145915
0.00191214
0.00211743
0.00223706
0.0023104
0.0023223
0.00224541
0.0021003
0.00209981
0.00226884
0.0023909
0.00238937
0.00229108
0.00214204
0.00184752
0.00138627
0.000971807
0.000657418
0.000751285
0.000834925
0.000905597
0.000966603
0.00102259
0.00107498
0.00112272
0.00116337
0.00119248
0.00120443
0.00120026
0.00118616
0.00115679
0.00111502
0.00106409
0.00100726
0.000946442
0.000880377
0.000806432
0.000722213
0.000204234
0.000241031
0.000260386
0.000273841
0.000285024
0.000295199
0.000304953
0.000314981
0.00032524
0.000321955
0.000300225
0.000277806
0.000279118
0.000283856
0.00028435
0.000279032
0.000268356
0.00025257
0.000230667
0.000196942
0.000223191
0.000643005
0.000819093
0.000935883
0.00104209
0.00115651
0.00128208
0.00139912
0.00143421
0.00127313
0.00106906
0.00102145
0.0011445
0.00119859
0.00116583
0.00108623
0.000974534
0.000829457
0.000624028
0.000211242
0.000237643
0.000650996
0.000853323
0.00100416
0.00115079
0.00131779
0.00150825
0.0016688
0.00170003
0.00158826
0.00148839
0.00147283
0.0014779
0.00142604
0.0013144
0.00117596
0.00102722
0.000859962
0.000643799
0.000229068
0.000259921
0.000542137
0.00074727
0.000921406
0.00108365
0.00126094
0.00147026
0.00165913
0.00172152
0.00165425
0.00158523
0.00153824
0.00145491
0.00132294
0.00117415
0.00103945
0.000916768
0.000771003
0.000571997
0.000241503
0.000342537
0.00047124
0.000587723
0.00071364
0.000859106
0.00103394
0.00125127
0.00148565
0.00162023
0.00160123
0.00154749
0.00146019
0.00129705
0.00112177
0.000980972
0.000847573
0.000705133
0.000578188
0.000458927
0.000315611
0.000452132
0.000551183
0.000605799
0.000666038
0.000741306
0.000840921
0.000976811
0.00115872
0.00136283
0.00148536
0.00150276
0.00137023
0.00112455
0.00091281
0.000771148
0.000685622
0.000627619
0.00057733
0.000521204
0.00041733
0.000550492
0.00074065
0.000766694
0.000813578
0.000873077
0.000943469
0.00102814
0.00113618
0.00127826
0.00142393
0.0014989
0.00135197
0.00111449
0.000962618
0.00087549
0.000820065
0.000780671
0.000745945
0.00070599
0.000521096
0.000632674
0.000954955
0.00111242
0.00125074
0.0013556
0.00143487
0.00149466
0.00153456
0.0015556
0.00156783
0.00157747
0.00155342
0.00152663
0.00148106
0.00141476
0.00133726
0.00123577
0.00109489
0.000915976
0.00060285
0.000707511
0.00109177
0.00160678
0.00202971
0.00223706
0.00239168
0.00248467
0.0024889
0.00238306
0.00221947
0.00219962
0.00235637
0.00250886
0.00254354
0.00245264
0.00228604
0.00205346
0.00155784
0.00104273
0.000675524
0.000776843
0.000867595
0.000943917
0.00101086
0.00107498
0.00113607
0.00119295
0.00124358
0.00128424
0.0013097
0.00130429
0.0012741
0.00123201
0.00118055
0.00112141
0.00105679
0.000988468
0.000916679
0.000836827
0.000745196
0.000205359
0.000245573
0.000266693
0.000281362
0.000293553
0.000304953
0.000317061
0.00033019
0.000346818
0.000349183
0.000321851
0.000294402
0.000293508
0.000294355
0.00029181
0.000284534
0.000272814
0.00025657
0.000234143
0.000197774
0.00022471
0.000712741
0.000920634
0.00105559
0.0011693
0.00128208
0.00140028
0.00151578
0.00156085
0.00138296
0.00117422
0.00114157
0.00125393
0.00128097
0.00123426
0.00115198
0.00104158
0.00089613
0.000680327
0.000213174
0.000240533
0.000754063
0.00100383
0.00118833
0.00135149
0.00150825
0.00165527
0.00176613
0.0017604
0.00157329
0.0014844
0.00153025
0.00155646
0.00150887
0.00140342
0.0012689
0.00111388
0.000937228
0.000702457
0.000230791
0.000248188
0.000715914
0.000947382
0.00112944
0.00129825
0.00147026
0.0016304
0.00173033
0.00171762
0.00155727
0.00147982
0.00152168
0.00150931
0.00141834
0.00127854
0.00113161
0.000983148
0.000828279
0.000626071
0.000241899
0.00031642
0.000482381
0.000660607
0.000850072
0.00104662
0.00125127
0.00145735
0.00160557
0.00163353
0.00155039
0.00146503
0.00144711
0.00137982
0.00124143
0.00109209
0.000951246
0.000791805
0.00062577
0.000468158
0.000297977
0.000440872
0.000519601
0.00060178
0.000705594
0.000828814
0.000976811
0.00115967
0.00136048
0.00149414
0.00154015
0.00151953
0.00143153
0.00125443
0.00103923
0.000863929
0.000738725
0.000648205
0.000571361
0.000497909
0.000402111
0.000553072
0.000711592
0.000745925
0.000826675
0.000923535
0.00102814
0.00115245
0.00131834
0.00150441
0.00162914
0.00166889
0.00153022
0.00126479
0.00106297
0.000943711
0.000861776
0.000794706
0.000733531
0.000681308
0.000520066
0.000642416
0.000987714
0.00112482
0.00127526
0.00139642
0.00149466
0.00157757
0.00165753
0.00175514
0.00184295
0.00184056
0.00172208
0.001619
0.00155472
0.00148512
0.00139963
0.00128564
0.00112436
0.000943068
0.00060853
0.000723133
0.00113723
0.00169801
0.00207229
0.0023104
0.00248467
0.00257344
0.00256202
0.00247634
0.00239042
0.00233602
0.00238616
0.00251518
0.00258701
0.00252348
0.00235113
0.00210412
0.0016641
0.00108484
0.0006871
0.000797276
0.000894963
0.000976994
0.00105029
0.00112272
0.00119295
0.00126046
0.00132452
0.00138333
0.00143163
0.00142569
0.00136942
0.00130732
0.00124189
0.00117237
0.00109909
0.00102307
0.000945328
0.00086007
0.000761897
0.000205351
0.00024634
0.00026962
0.000286597
0.000301104
0.000314981
0.00033019
0.000349215
0.000372656
0.000381133
0.000344107
0.000311775
0.000306424
0.000302243
0.000295608
0.000285684
0.000272777
0.000256364
0.000233905
0.000197201
0.000224769
0.000743093
0.000986747
0.00114885
0.0012808
0.00139912
0.00151578
0.00162283
0.00164534
0.00139856
0.00117953
0.00123451
0.00133012
0.00132094
0.00126592
0.00118832
0.00108198
0.000935942
0.000708293
0.000213278
0.000243537
0.000827148
0.00112638
0.00134631
0.00152611
0.0016688
0.00176613
0.00180781
0.00173079
0.0014176
0.0012652
0.0014384
0.00153351
0.00151838
0.00144424
0.00132953
0.00117984
0.000994668
0.000741715
0.000230121
0.000256683
0.000793214
0.00108289
0.00131771
0.00151763
0.00165913
0.00173033
0.00173654
0.00168937
0.0015513
0.0013678
0.00137911
0.00143083
0.00142577
0.00133887
0.00120223
0.00103866
0.000859694
0.000647537
0.000242482
0.000285695
0.000539302
0.000812488
0.00106453
0.00129257
0.00148565
0.00160557
0.00164115
0.00171555
0.00181844
0.00162441
0.00139992
0.00133719
0.00129745
0.00117683
0.00103169
0.000874339
0.000690705
0.000490517
0.00028004
0.000431858
0.000494138
0.000614154
0.000775555
0.000958255
0.00115872
0.00136048
0.00150236
0.00171147
0.00205152
0.00190552
0.00148708
0.00129318
0.00115254
0.000968763
0.000808705
0.000679719
0.000573666
0.000479619
0.000387875
0.000552906
0.000671431
0.000719494
0.000841869
0.000985418
0.00113618
0.00131834
0.0015368
0.00180479
0.00222334
0.00214402
0.00168099
0.00139938
0.00117366
0.00101757
0.000905783
0.000806378
0.000713398
0.000642331
0.000514844
0.000647017
0.000982855
0.00111128
0.00127316
0.00141332
0.00153456
0.00165753
0.00183725
0.00211048
0.00244709
0.00235606
0.00195099
0.0017094
0.00158984
0.00151183
0.0014192
0.00129112
0.00111492
0.000932987
0.000607977
0.000731899
0.00114576
0.0017323
0.00207426
0.0023223
0.0024889
0.00256202
0.00258085
0.00265794
0.00283659
0.00272838
0.00247995
0.00244543
0.00251015
0.00248503
0.00232871
0.00207672
0.00169262
0.00108341
0.000690807
0.00081167
0.000915559
0.00100311
0.00108277
0.00116337
0.00124358
0.00132452
0.00140817
0.0014958
0.00158059
0.00157478
0.00147858
0.00138533
0.00129917
0.00121591
0.00113251
0.00104835
0.000964941
0.000875093
0.000771653
0.000203797
0.00024298
0.000268084
0.00028807
0.000306429
0.00032524
0.000346818
0.000372656
0.000393593
0.000406182
0.000363114
0.000327034
0.000316828
0.000306224
0.000294577
0.000281701
0.000267221
0.000250437
0.000228604
0.000194462
0.000222702
0.000716485
0.000973045
0.00115025
0.00129793
0.00143421
0.00156085
0.00164535
0.00155037
0.00146581
0.00119477
0.0011544
0.0013131
0.00128808
0.00123403
0.00117034
0.00107795
0.000933603
0.000695729
0.000210487
0.000243488
0.000837683
0.00115299
0.00138283
0.00156731
0.00170003
0.0017604
0.0017308
0.00160241
0.00187091
0.00160781
0.00119194
0.00135429
0.00142168
0.00140785
0.00133293
0.00120361
0.00101991
0.000752913
0.000226212
0.000259584
0.000825918
0.00115405
0.00141402
0.00161518
0.00172152
0.00171762
0.00168938
0.00179928
0.00237353
0.00213771
0.00136298
0.00122941
0.0013004
0.00131712
0.00122506
0.0010694
0.000887188
0.00065879
0.000239878
0.000285282
0.000652872
0.000989167
0.00126006
0.00148374
0.00162023
0.00163353
0.00171555
0.00213068
0.00291985
0.00271722
0.00169685
0.00125865
0.0012377
0.00120464
0.00107572
0.000921593
0.000754055
0.000543883
0.000253024
0.000423071
0.00048392
0.000659213
0.000895055
0.00114064
0.00136283
0.00149414
0.00171147
0.00243016
0.0034027
0.00323124
0.00203036
0.00133642
0.00119835
0.00107173
0.000894761
0.000728331
0.000582974
0.000465071
0.00037558
0.00054855
0.000638346
0.000694658
0.000863856
0.00106624
0.00127826
0.00150441
0.00180479
0.00264558
0.00372952
0.00357649
0.00229
0.00150511
0.00128962
0.00110559
0.000951691
0.0008104
0.000680887
0.000593731
0.000504775
0.000643853
0.000928958
0.0010733
0.00124562
0.00140385
0.0015556
0.00175514
0.00211048
0.00289757
0.00387093
0.00370067
0.00252123
0.00181849
0.00160419
0.00149565
0.0013899
0.00124508
0.00105853
0.000876844
0.000600031
0.000730447
0.00110261
0.00170881
0.00201533
0.00224541
0.00238306
0.00247634
0.00265794
0.00312521
0.00368005
0.00351065
0.00282935
0.00239193
0.00232974
0.00232204
0.00220717
0.00196817
0.00165319
0.00102382
0.000684547
0.000816953
0.000925722
0.00101822
0.00110362
0.00119248
0.00128424
0.00138333
0.0014958
0.0016252
0.001753
0.00174573
0.00160494
0.00146689
0.00135052
0.00124885
0.00115367
0.00106089
0.000972608
0.000879164
0.000772164
0.00020048
0.000233973
0.000258409
0.000279361
0.000299718
0.000321956
0.000349184
0.000381133
0.000406182
0.000411013
0.00036552
0.000344828
0.000319649
0.000302944
0.00028699
0.000271542
0.00025561
0.000238084
0.00021768
0.000188901
0.000219865
0.000637673
0.000859283
0.00101424
0.00114691
0.00127313
0.00138297
0.00139857
0.00146582
0.000950682
0.000751552
0.00109639
0.00111308
0.0011451
0.00110741
0.00106193
0.000991818
0.000871369
0.000644139
0.000205016
0.000242179
0.000794249
0.00108715
0.00130114
0.00147415
0.00158827
0.00157329
0.00141761
0.00187092
0.00142072
0.00114904
0.00144782
0.00102963
0.00122741
0.00129768
0.00126331
0.0011623
0.000998872
0.00073548
0.000219666
0.000260456
0.000811376
0.00114023
0.00139507
0.00158337
0.00165425
0.00155727
0.00155131
0.00237353
0.00188988
0.00157051
0.0019246
0.00107976
0.00113016
0.0012281
0.00118116
0.00104588
0.000876337
0.000658041
0.000234622
0.000296291
0.000675628
0.0010243
0.0013078
0.00152343
0.00160123
0.00155039
0.00181845
0.00291986
0.00238202
0.0020294
0.00246678
0.00129744
0.00109821
0.00114527
0.00105999
0.000904017
0.000742357
0.000569992
0.000245864
0.000412882
0.000495134
0.000740716
0.0010399
0.00131191
0.00148536
0.00154015
0.00205153
0.00340271
0.00288068
0.00250813
0.00297094
0.00155105
0.00115581
0.00112379
0.000969868
0.00078825
0.000607948
0.000453446
0.000360673
0.000536392
0.000595756
0.000670914
0.000896874
0.00116745
0.00142394
0.00162914
0.00222334
0.00372952
0.00332935
0.00295097
0.0033256
0.00176167
0.00134795
0.00119923
0.000997149
0.000802237
0.000634987
0.000540759
0.000489878
0.000628174
0.000831837
0.00100555
0.00119026
0.00137304
0.00156783
0.00184296
0.0024471
0.00387094
0.00364313
0.00327558
0.00348395
0.00197887
0.00160566
0.00146069
0.00132142
0.00114866
0.000953709
0.000785677
0.000585467
0.000711935
0.00098209
0.00163768
0.00189738
0.0021003
0.00221947
0.00239043
0.00283659
0.00368006
0.00377584
0.00344914
0.00335164
0.00245677
0.00213933
0.00210437
0.00202656
0.00180483
0.00155599
0.000904112
0.000668094
0.000805431
0.000919352
0.00101633
0.00110656
0.00120443
0.0013097
0.00143163
0.00158059
0.001753
0.0018576
0.00183086
0.00173254
0.00154594
0.00139042
0.00126609
0.00115796
0.00105611
0.000964112
0.000868509
0.000759325
0.000195318
0.000221406
0.000243045
0.000262229
0.000280736
0.000300225
0.000321852
0.000344108
0.000363115
0.000365521
0.00034344
0.000330593
0.000305335
0.000289495
0.000273644
0.000258083
0.000242108
0.000224889
0.000205048
0.000180996
0.000216055
0.000557854
0.000733094
0.000853851
0.000960268
0.00106906
0.00117422
0.00117953
0.00119478
0.000751552
0.000600336
0.000898789
0.000882007
0.000928187
0.000912696
0.00088747
0.000838641
0.00074413
0.000561312
0.000198397
0.000239628
0.000749668
0.0010167
0.00121017
0.00137245
0.00148839
0.0014844
0.0012652
0.00160782
0.00114904
0.000893384
0.00128385
0.000886339
0.00112536
0.00118638
0.00115815
0.0010757
0.000933503
0.000695841
0.000212692
0.00026021
0.000769944
0.00108141
0.0013197
0.0015048
0.00158523
0.00147982
0.0013678
0.00213772
0.00157051
0.00120444
0.00178358
0.000921906
0.00106005
0.00114943
0.00109772
0.000976887
0.000824295
0.000622822
0.000229362
0.00030464
0.000641786
0.000972808
0.00125015
0.00146519
0.00154749
0.00146503
0.00162442
0.00271724
0.00202939
0.00155376
0.00233495
0.00110071
0.00101952
0.00107039
0.000982655
0.000839624
0.000691184
0.000528231
0.000250796
0.000411867
0.000500071
0.000762127
0.001076
0.00134728
0.00150276
0.00151953
0.00190554
0.00323126
0.00250813
0.00194181
0.00283609
0.00133867
0.00111512
0.00111025
0.000971188
0.000799426
0.000622574
0.000449629
0.000347192
0.000531794
0.000575379
0.000669375
0.000927778
0.00123646
0.0014989
0.00166889
0.00214404
0.00357651
0.00295097
0.00233655
0.00317496
0.00161022
0.00138524
0.00125627
0.00103031
0.00079473
0.00059903
0.000512087
0.000484745
0.000622624
0.000781885
0.000961383
0.00116232
0.00136591
0.00157748
0.00184057
0.00235606
0.00370069
0.00327558
0.00266991
0.00328921
0.00183913
0.00160413
0.0014558
0.0012815
0.00108212
0.000885688
0.000745457
0.000584189
0.000705476
0.000938357
0.00157941
0.00190712
0.00209982
0.00219962
0.00233603
0.00272839
0.00351066
0.00344914
0.00292703
0.0031599
0.00232836
0.00210018
0.00209326
0.0020068
0.00177825
0.00152662
0.000878079
0.000668765
0.000799939
0.000915399
0.00101319
0.00110382
0.00120026
0.00130429
0.0014257
0.00157478
0.00174573
0.00183086
0.00171718
0.00169978
0.00152425
0.00137481
0.00125575
0.00115167
0.00105325
0.000964643
0.000870761
0.000761961
0.000187769
0.000209187
0.000228706
0.000246122
0.000262211
0.000277807
0.000294402
0.000311775
0.000327035
0.000344829
0.000330593
0.000301224
0.00028659
0.000273189
0.000259647
0.000246004
0.000231716
0.000215734
0.000196785
0.000174066
0.000210746
0.000524039
0.000688641
0.000804568
0.000909814
0.00102145
0.00114156
0.00123451
0.00115439
0.00109639
0.000898789
0.000781583
0.00085928
0.000854299
0.000836858
0.000809501
0.000759811
0.000671126
0.000506917
0.000193434
0.000235325
0.000731331
0.00098903
0.00117771
0.00134116
0.00147283
0.00153025
0.0014384
0.00119195
0.00144783
0.00128385
0.000836099
0.00103452
0.00112781
0.00113095
0.00109181
0.00101272
0.000879773
0.000657554
0.000207182
0.000258489
0.000715388
0.00100586
0.00123179
0.00141942
0.00153824
0.00152168
0.00137912
0.00136299
0.00192461
0.00178359
0.000955847
0.000960524
0.00108732
0.00108347
0.00101137
0.000902683
0.00076656
0.000581126
0.000224786
0.00031293
0.000567545
0.000857111
0.00111187
0.00132507
0.00146019
0.00144712
0.00139993
0.00169686
0.0024668
0.00233496
0.00120511
0.000922039
0.000991016
0.000958761
0.000868585
0.00075493
0.000629862
0.000482152
0.000253279
0.000423735
0.000481279
0.000679755
0.00094342
0.00118651
0.00137023
0.00143153
0.00148709
0.00203038
0.00297096
0.0028361
0.0014886
0.00102358
0.00104523
0.000972925
0.000852649
0.000717184
0.000574566
0.000434463
0.000353986
0.000540449
0.000594254
0.00066264
0.000867406
0.00111982
0.00135197
0.00153022
0.001681
0.00229001
0.00332562
0.00317497
0.00178069
0.00135125
0.0013124
0.00115914
0.000972183
0.000770838
0.000593878
0.000525647
0.000494559
0.000631399
0.000820145
0.0009863
0.00119954
0.00139097
0.00155342
0.00172208
0.001951
0.00252125
0.00348397
0.00328923
0.00202794
0.00168278
0.00159503
0.00147751
0.00131675
0.00111686
0.000912389
0.000789795
0.000595112
0.000715983
0.00101255
0.00158974
0.00206932
0.00226884
0.00235637
0.00238616
0.00247996
0.00282936
0.00335166
0.00315991
0.0024775
0.00224251
0.00228253
0.00228126
0.00215553
0.0019078
0.00152548
0.000967186
0.000680583
0.000806282
0.000918634
0.00101361
0.00110033
0.00118616
0.0012741
0.00136942
0.00147859
0.00160495
0.00173255
0.00169978
0.00156194
0.00143312
0.00132539
0.0012302
0.00114016
0.00105193
0.000966753
0.000875227
0.000768847
0.000188141
0.000210312
0.000230107
0.00024767
0.000263832
0.000279118
0.000293508
0.000306424
0.000316828
0.000319649
0.000305335
0.00028659
0.000275872
0.000265862
0.000255396
0.000244221
0.00023198
0.00021764
0.000199763
0.000176968
0.000209711
0.000569375
0.000761939
0.000900734
0.00102493
0.0011445
0.00125393
0.00133011
0.00131309
0.00111308
0.000882006
0.00085928
0.00087916
0.000888116
0.00088443
0.00085994
0.00080347
0.000703808
0.000525449
0.000193899
0.000230359
0.000729769
0.000987898
0.00117825
0.00134263
0.0014779
0.00155646
0.00153351
0.00135429
0.00102963
0.00088634
0.00103452
0.00112504
0.00114149
0.00112273
0.00107387
0.000987189
0.000853136
0.000638507
0.00020426
0.000253745
0.000651117
0.000918291
0.00113081
0.00131407
0.00145491
0.00150931
0.00143084
0.00122941
0.00107976
0.000921908
0.000960524
0.00106597
0.00107244
0.00102
0.000940715
0.000843272
0.00072003
0.000548735
0.000223392
0.000316993
0.000487419
0.000722628
0.000942412
0.00113745
0.00129706
0.00137982
0.0013372
0.00125866
0.00129745
0.00110072
0.000922039
0.000951901
0.000925116
0.000859503
0.00078364
0.000694394
0.000584417
0.000446092
0.000261429
0.000432847
0.000467126
0.000586774
0.000770516
0.000957128
0.00112455
0.00125443
0.00129318
0.00133643
0.00155106
0.00133868
0.00102358
0.000992917
0.000924436
0.000838563
0.000749284
0.000649357
0.000540755
0.000435326
0.000370442
0.000544873
0.000624889
0.000657686
0.000782364
0.000954223
0.00111449
0.00126479
0.00139939
0.00150511
0.00176167
0.00161023
0.00135125
0.00128325
0.00116606
0.0010473
0.000914113
0.000761503
0.000621056
0.000565855
0.000502285
0.000633224
0.000856588
0.00101758
0.00122969
0.00139992
0.00152664
0.00161901
0.00170941
0.0018185
0.00197887
0.00183913
0.00168278
0.00163956
0.00159297
0.00151331
0.00137574
0.00118538
0.000972192
0.000831969
0.000598522
0.000716236
0.00104956
0.00161441
0.00216721
0.0023909
0.00250886
0.00251518
0.00244543
0.00239194
0.00245678
0.00232836
0.00224251
0.00236932
0.00246096
0.00242621
0.00226962
0.00201227
0.00155408
0.00100634
0.000681216
0.000799975
0.000907788
0.000998368
0.00107956
0.0011568
0.00123201
0.00130733
0.00138533
0.00146689
0.00154594
0.00152425
0.00143312
0.0013491
0.00126982
0.0011919
0.00111347
0.00103396
0.000953768
0.000865966
0.000763176
0.000191732
0.000218238
0.000238838
0.000255983
0.00027088
0.000283856
0.000294355
0.000302243
0.000306224
0.000302945
0.000289495
0.00027319
0.000265862
0.000260166
0.000254036
0.000246611
0.000237871
0.000225817
0.000208529
0.00018296
0.000211244
0.000627302
0.000834538
0.000976431
0.00109512
0.00119859
0.00128097
0.00132094
0.00128808
0.0011451
0.000928187
0.000854299
0.000888115
0.000927273
0.000944158
0.000927963
0.000863438
0.000752516
0.000563945
0.000197566
0.000228278
0.000716596
0.000967425
0.00114822
0.00130051
0.00142604
0.00150887
0.00151838
0.00142168
0.0012274
0.00112536
0.00112781
0.00114149
0.00113993
0.00111075
0.00104721
0.000951589
0.000820544
0.000619531
0.000206318
0.000250832
0.000584585
0.000826075
0.00101756
0.00118285
0.00132294
0.00141834
0.00142577
0.0013004
0.00113016
0.00106005
0.00108732
0.00107244
0.00102362
0.000958433
0.000885253
0.000795431
0.000682353
0.000525593
0.000226328
0.000321028
0.000444552
0.000627662
0.000809298
0.000974388
0.00112178
0.00124144
0.00129745
0.0012377
0.00109821
0.00101952
0.000991016
0.000925116
0.00085624
0.000796069
0.000731695
0.000652455
0.000553148
0.000429779
0.000285818
0.000436483
0.000480629
0.000547943
0.00065933
0.000785128
0.000912811
0.00103923
0.00115254
0.00119836
0.00115581
0.00111512
0.00104523
0.000924436
0.000829919
0.000762309
0.000697237
0.000623948
0.000542364
0.000461209
0.000391131
0.0005419
0.000654152
0.000672794
0.000749556
0.000857545
0.000962618
0.00106297
0.00117366
0.00128963
0.00134796
0.00138524
0.00131241
0.00116606
0.00106423
0.000981062
0.000885805
0.000773907
0.000668285
0.000617933
0.000506504
0.0006263
0.000866512
0.00102373
0.00121073
0.0013655
0.00148106
0.00155472
0.00158984
0.0016042
0.00160566
0.00160413
0.00159503
0.00159297
0.00158442
0.0015295
0.001412
0.00123479
0.00102112
0.000850418
0.000595446
0.000705472
0.00103799
0.00157112
0.00215221
0.00238938
0.00254354
0.00258701
0.00251015
0.00232974
0.00213933
0.00210019
0.00228253
0.00246096
0.00252246
0.00246298
0.00230116
0.00204968
0.00153593
0.00100752
0.000673247
0.000783644
0.000885209
0.000970266
0.00104524
0.00111502
0.00118056
0.00124189
0.00129917
0.00135052
0.00139042
0.00137481
0.00132539
0.00126982
0.00120902
0.00114413
0.0010757
0.00100424
0.000929707
0.000846618
0.000749122
0.000194595
0.000225133
0.000245393
0.000260963
0.000273827
0.00028435
0.00029181
0.000295609
0.000294577
0.000286991
0.000273644
0.000259647
0.000255396
0.000254036
0.000252973
0.000250544
0.000243979
0.000232982
0.000216037
0.000187958
0.000213909
0.000650716
0.000845444
0.000973134
0.00107717
0.00116583
0.00123427
0.00126592
0.00123403
0.00110741
0.000912696
0.000836858
0.000884428
0.000944157
0.00096253
0.000921423
0.000849896
0.000740596
0.000560806
0.000201914
0.00022935
0.00067834
0.00090386
0.00106345
0.00119781
0.00131441
0.00140342
0.00144425
0.00140785
0.00129768
0.00118638
0.00113095
0.00112272
0.00111075
0.00106116
0.00098488
0.000887595
0.000760785
0.000577324
0.000213107
0.000251734
0.00054005
0.000749518
0.000912972
0.00105106
0.00117415
0.00127854
0.00133888
0.00131713
0.00122811
0.00114943
0.00108347
0.00102
0.000958433
0.000898605
0.000830442
0.00074778
0.000640733
0.000492835
0.000236256
0.000331198
0.000440356
0.000574319
0.000717069
0.000854604
0.000980975
0.0010921
0.00117683
0.00120464
0.00114527
0.00107039
0.000958762
0.000859503
0.000796069
0.000744981
0.000687985
0.000619229
0.000536896
0.000439055
0.000318985
0.000437376
0.000508553
0.000552896
0.000615527
0.000688837
0.000771149
0.00086393
0.000968764
0.00107173
0.00112379
0.00111025
0.000972927
0.000838564
0.000762309
0.000714141
0.000671069
0.000623011
0.000566337
0.000503001
0.000410785
0.000533646
0.000670929
0.000698213
0.000742076
0.000807025
0.000875491
0.000943712
0.00101757
0.00110559
0.00119923
0.00125627
0.00115914
0.0010473
0.000981062
0.000927295
0.000864049
0.000789436
0.000715075
0.000654683
0.000507438
0.000612793
0.000848092
0.000999483
0.00116061
0.00130574
0.00141477
0.00148512
0.00151183
0.00149565
0.0014607
0.0014558
0.00147751
0.00151331
0.0015295
0.00149514
0.00139661
0.00123344
0.0010345
0.000843468
0.000587252
0.000686529
0.000993052
0.00146433
0.0020199
0.00229108
0.00245264
0.00252348
0.00248503
0.00232204
0.00210437
0.00209326
0.00228126
0.00242621
0.00246298
0.00240316
0.00225577
0.00198622
0.00146044
0.000979353
0.0006587
0.000759709
0.000853932
0.00093292
0.00100164
0.00106409
0.00112141
0.00117238
0.00121591
0.00124885
0.00126609
0.00125575
0.0012302
0.0011919
0.00114413
0.00108981
0.00103031
0.000966408
0.000897626
0.000819797
0.000728708
0.00019556
0.000227394
0.000246093
0.00025959
0.00027043
0.000279032
0.000284534
0.000285684
0.000281702
0.000271543
0.000258084
0.000246004
0.000244221
0.000246611
0.000250544
0.000249905
0.000244323
0.000234026
0.000217872
0.000190449
0.000215717
0.000630313
0.000800782
0.000911281
0.00100416
0.00108623
0.00115198
0.00118832
0.00117034
0.00106194
0.000887471
0.000809501
0.000859938
0.000927961
0.000921423
0.000876423
0.000799892
0.000689173
0.000522296
0.000205948
0.000231346
0.000619555
0.000814959
0.000952688
0.00106967
0.00117596
0.00126891
0.00132953
0.00133293
0.00126331
0.00115815
0.00109181
0.00107387
0.00104721
0.00098488
0.000903606
0.000801728
0.000677135
0.000513575
0.000222558
0.000259579
0.000500449
0.00068497
0.000828922
0.000942129
0.00103945
0.00113162
0.00120224
0.00122506
0.00118116
0.00109772
0.00101137
0.000940714
0.000885253
0.000830442
0.000766862
0.000684086
0.000577817
0.000446882
0.000263447
0.000351162
0.00045414
0.000542189
0.00063553
0.000738595
0.000847576
0.000951249
0.00103169
0.00107572
0.00106
0.000982656
0.000868585
0.000783639
0.000731694
0.000687985
0.000641946
0.000592292
0.000535683
0.000462692
0.000350648
0.000440108
0.000537963
0.000576971
0.000609021
0.000643692
0.000685623
0.000738726
0.000808705
0.000894761
0.000969868
0.000971189
0.00085265
0.000749284
0.000697237
0.000671069
0.000652859
0.000631428
0.000597906
0.000542044
0.000426495
0.000523149
0.000669473
0.000715541
0.000743838
0.000780193
0.000820066
0.000861777
0.000905784
0.000951692
0.00099715
0.00103031
0.000972184
0.000914113
0.000885805
0.000864049
0.000833902
0.000793254
0.000745442
0.00067044
0.000505311
0.00059466
0.000807285
0.000948979
0.00109765
0.00123529
0.00133726
0.00139963
0.0014192
0.0013899
0.00132143
0.0012815
0.00131675
0.00137574
0.001412
0.00139661
0.00131642
0.00117017
0.000993164
0.000815207
0.000574721
0.000661589
0.000928988
0.00131702
0.00180601
0.00214204
0.00228604
0.00235113
0.00232871
0.00220717
0.00202656
0.00200681
0.00215553
0.00226962
0.00230116
0.00225577
0.00212896
0.00179303
0.00132719
0.000927145
0.000638577
0.000729673
0.000816233
0.000889126
0.000951892
0.00100726
0.00105679
0.00109909
0.00113251
0.00115367
0.00115796
0.00115167
0.00114016
0.00111347
0.0010757
0.00103031
0.000978901
0.000922136
0.000858936
0.00078673
0.000702746
0.000194283
0.000223944
0.000240321
0.000251806
0.000261035
0.000268356
0.000272814
0.000272777
0.000267222
0.000255611
0.000242109
0.000231717
0.00023198
0.000237871
0.000243979
0.000244323
0.00023923
0.000229483
0.000214732
0.000190949
0.000215132
0.000572591
0.000715151
0.000809754
0.00089462
0.000974538
0.00104159
0.00108198
0.00107796
0.00099182
0.000838643
0.000759811
0.000803467
0.000863438
0.000849896
0.000799892
0.000715915
0.000603703
0.000456145
0.000209656
0.000233385
0.000549484
0.000711965
0.000829406
0.000931622
0.00102722
0.00111388
0.00117984
0.00120362
0.00116231
0.0010757
0.00101272
0.000987188
0.000951589
0.000887596
0.000801729
0.000697198
0.000579342
0.000443258
0.000233581
0.000280913
0.000449782
0.000592675
0.000725938
0.000835637
0.000916773
0.000983152
0.00103866
0.0010694
0.00104588
0.000976887
0.000902683
0.000843271
0.000795431
0.00074778
0.000684086
0.000600702
0.000512017
0.000422786
0.000297498
0.000373497
0.000478541
0.000531862
0.000576639
0.000632426
0.000705135
0.000791806
0.00087434
0.000921595
0.000904018
0.000839625
0.000754929
0.000694393
0.000652454
0.000619228
0.000592292
0.000569839
0.000542418
0.000491156
0.000377272
0.000444736
0.000560024
0.000600947
0.000613476
0.000617494
0.000627621
0.000648206
0.000679719
0.00072833
0.000788249
0.000799427
0.000717184
0.000649357
0.000623947
0.000623011
0.000631428
0.000635516
0.000619814
0.00056857
0.000438669
0.000511985
0.000654072
0.000713846
0.000749592
0.000766219
0.000780673
0.000794708
0.000806379
0.000810401
0.000802239
0.000794731
0.000770839
0.000761503
0.000773907
0.000789436
0.000793254
0.000783532
0.000743624
0.000666859
0.000500639
0.000573044
0.000755718
0.00088328
0.00101475
0.00114032
0.00123577
0.00128564
0.00129112
0.00124508
0.00114866
0.00108213
0.00111686
0.00118538
0.00123479
0.00123344
0.00117017
0.00105558
0.000921394
0.000773179
0.000558333
0.000631777
0.000857258
0.00114337
0.00150383
0.00184752
0.00205346
0.00210412
0.00207672
0.00196817
0.00180483
0.00177825
0.0019078
0.00201227
0.00204968
0.00198622
0.00179303
0.00148977
0.00115461
0.000860339
0.000613421
0.000694004
0.00077316
0.000840103
0.000897027
0.000946442
0.000988468
0.00102307
0.00104835
0.00106089
0.00105611
0.00105325
0.00105193
0.00103396
0.00100424
0.000966408
0.000922136
0.000871392
0.000814018
0.000747754
0.000671255
0.000190922
0.000215123
0.000228526
0.00023806
0.000246023
0.000252571
0.000256571
0.000256364
0.000250438
0.000238085
0.00022489
0.000215735
0.00021764
0.000225817
0.000232982
0.000234026
0.000229483
0.000220776
0.000208419
0.000189952
0.000212076
0.000488127
0.000598115
0.000675338
0.000751855
0.00082946
0.000896134
0.000935946
0.000933607
0.000871372
0.000744133
0.000671126
0.000703806
0.000752515
0.000740596
0.000689173
0.000603703
0.00049945
0.000382547
0.000213301
0.000234471
0.000469228
0.000597813
0.00069274
0.000776196
0.000859966
0.000937232
0.000994671
0.00101991
0.000998874
0.000933504
0.000879774
0.000853136
0.000820544
0.000760786
0.000677136
0.000579342
0.00047882
0.000379379
0.000249585
0.000310501
0.000415006
0.00049015
0.000584062
0.00068598
0.000771007
0.000828283
0.000859697
0.00088719
0.000876339
0.000824296
0.00076656
0.00072003
0.000682353
0.000640733
0.000577818
0.000512017
0.000465174
0.00042352
0.00033081
0.000392192
0.000503272
0.000531503
0.000534767
0.000547872
0.00057819
0.000625771
0.000690705
0.000754056
0.000742359
0.000691184
0.000629862
0.000584417
0.000553147
0.000536895
0.000535683
0.000542418
0.000542981
0.00051316
0.000398525
0.000448536
0.000567817
0.000606044
0.00061085
0.00059281
0.000577331
0.000571362
0.000573667
0.000582974
0.000607947
0.000622574
0.000574566
0.000540755
0.000542364
0.000566337
0.000597906
0.000619814
0.000619307
0.000578855
0.000447213
0.000499477
0.000633296
0.000694505
0.000733565
0.000753521
0.000745947
0.000733533
0.0007134
0.000680889
0.000634989
0.000599031
0.000593879
0.000621055
0.000668285
0.000715075
0.000745441
0.000743624
0.000715156
0.000650711
0.000493441
0.000548238
0.000707711
0.000813128
0.000917235
0.0010192
0.00109489
0.00112436
0.00111493
0.00105854
0.000953713
0.000885691
0.00091239
0.000972193
0.00102112
0.0010345
0.000993164
0.000921394
0.000832945
0.000725437
0.000538183
0.000597378
0.000786889
0.000969514
0.0011763
0.00138627
0.00155784
0.0016641
0.00169263
0.0016532
0.001556
0.00152663
0.00152548
0.00155408
0.00153593
0.00146044
0.00132719
0.00115461
0.000969242
0.000787321
0.000583295
0.000652159
0.000724676
0.000785895
0.000836851
0.000880377
0.00091668
0.000945329
0.000964942
0.000972609
0.000964113
0.000964643
0.000966753
0.000953769
0.000929707
0.000897626
0.000858936
0.000814018
0.000762665
0.000702505
0.000633516
0.000186225
0.000202326
0.000211827
0.000218876
0.000225161
0.000230668
0.000234143
0.000233906
0.000228605
0.00021768
0.000205049
0.000196785
0.000199763
0.000208528
0.000216037
0.000217872
0.000214732
0.000208419
0.000199915
0.000187289
0.000206325
0.000384176
0.000449136
0.000499176
0.000558023
0.000624032
0.00068033
0.000708296
0.000695732
0.000644142
0.000561315
0.000506917
0.000525448
0.000563944
0.000560805
0.000522297
0.000456145
0.000382547
0.000312767
0.000216196
0.000238253
0.000376591
0.000461893
0.000528139
0.000584028
0.000643803
0.000702461
0.000741717
0.000752915
0.000735481
0.000695843
0.000657555
0.000638507
0.000619532
0.000577324
0.000513575
0.000443259
0.000379379
0.000332139
0.000271081
0.000336918
0.000400518
0.000412032
0.000442418
0.000500454
0.000572
0.000626075
0.00064754
0.000658792
0.000658042
0.000622823
0.000581126
0.000548735
0.000525593
0.000492835
0.000446882
0.000422786
0.00042352
0.000422893
0.000357623
0.000405093
0.00050176
0.000508046
0.000483163
0.000461797
0.000458928
0.000468159
0.000490518
0.000543882
0.000569994
0.000528232
0.000482152
0.000446092
0.000429779
0.000439055
0.000462691
0.000491155
0.00051316
0.000507796
0.000413499
0.000448488
0.000549412
0.000573944
0.000572306
0.000551845
0.000521205
0.00049791
0.00047962
0.000465071
0.000453446
0.000449629
0.000434463
0.000435325
0.000461209
0.000503
0.000542043
0.00056857
0.000578855
0.000558738
0.000450576
0.000484661
0.00059879
0.000647308
0.000679263
0.000702371
0.000705992
0.000681309
0.000642332
0.000593732
0.00054076
0.000512087
0.000525647
0.000565855
0.000617933
0.000654683
0.00067044
0.000666859
0.000650711
0.000610084
0.000482505
0.000519848
0.000654749
0.000730633
0.000797242
0.000863044
0.000915979
0.000943071
0.00093299
0.000876848
0.00078568
0.000745459
0.000789796
0.00083197
0.000850418
0.000843468
0.000815208
0.000773179
0.000725437
0.000661768
0.000513643
0.000557596
0.00070816
0.000801171
0.000887237
0.000971808
0.00104273
0.00108484
0.00108341
0.00102382
0.000904115
0.000878081
0.000967187
0.00100634
0.00100752
0.000979353
0.000927145
0.000860338
0.000787321
0.000701942
0.000547078
0.000601499
0.000668545
0.000724278
0.000769124
0.000806432
0.000836827
0.00086007
0.000875094
0.000879165
0.000868509
0.000870762
0.000875228
0.000865966
0.000846618
0.000819798
0.00078673
0.000747754
0.000702505
0.000648466
0.000586698
0.000181602
0.000187228
0.000190917
0.000193401
0.000195364
0.000196942
0.000197774
0.000197201
0.000194462
0.000188901
0.000180996
0.000174067
0.000176968
0.000182959
0.000187958
0.000190449
0.000190949
0.000189952
0.000187289
0.000181322
0.000198746
0.00020623
0.000207501
0.000207692
0.000209047
0.000211242
0.000213175
0.000213279
0.000210487
0.000205016
0.000198397
0.000193434
0.000193899
0.000197566
0.000201914
0.000205948
0.000209655
0.0002133
0.000216196
0.000216748
0.000247954
0.000233219
0.000225852
0.000224872
0.000226753
0.000229069
0.000230792
0.000230122
0.000226212
0.000219666
0.000212693
0.000207182
0.000204259
0.000206317
0.000213106
0.000222558
0.000233581
0.000249585
0.00027108
0.000292157
0.000354819
0.000335617
0.000304616
0.000277954
0.000256991
0.000241503
0.000241899
0.000242483
0.000239878
0.000234623
0.000229362
0.000224786
0.000223392
0.000226327
0.000236255
0.000263446
0.000297498
0.000330809
0.000357623
0.000375404
0.000410993
0.000406019
0.000392523
0.000368199
0.000338922
0.000315611
0.000297977
0.00028004
0.000253025
0.000245864
0.000250796
0.000253278
0.000261428
0.000285817
0.000318984
0.000350648
0.000377272
0.000398525
0.000413499
0.000420312
0.00044356
0.000451267
0.000450089
0.000442736
0.000432561
0.00041733
0.000402111
0.000387875
0.000375579
0.000360673
0.000347192
0.000353986
0.000370442
0.00039113
0.000410785
0.000426495
0.000438669
0.000447213
0.000450576
0.000446736
0.000468341
0.00049034
0.000504183
0.000512801
0.000518426
0.000521096
0.000520066
0.000514845
0.000504776
0.000489878
0.000484745
0.000494559
0.000502285
0.000506504
0.000507438
0.000505311
0.000500639
0.000493441
0.000482505
0.000466682
0.00049136
0.000526928
0.000554722
0.000575796
0.000591787
0.00060285
0.00060853
0.000607977
0.000600031
0.000585467
0.000584189
0.000595112
0.000598522
0.000595446
0.000587252
0.000574721
0.000558333
0.000538183
0.000513643
0.0004856
0.000515801
0.000563863
0.000602942
0.000633341
0.000657418
0.000675524
0.0006871
0.000690807
0.000684547
0.000668095
0.000668766
0.000680583
0.000681216
0.000673247
0.0006587
0.000638577
0.000613421
0.000583295
0.000547079
0.000506302
0.000544518
0.000606897
0.000655652
0.00069276
0.000722213
0.000745196
0.000761898
0.000771653
0.000772164
0.000759325
0.000761961
0.000768848
0.000763176
0.000749122
0.000728708
0.000702746
0.000671256
0.000633516
0.000586698
0.000531573
)
;

boundaryField
{
    floor
    {
        type            alphatWallFunction;
        Prt             0.85;
        value           nonuniform List<scalar> 
400
(
2.02816e-05
2.06555e-05
2.10293e-05
2.14124e-05
2.17672e-05
2.20644e-05
2.22416e-05
2.22197e-05
2.19247e-05
2.13255e-05
2.04371e-05
1.91779e-05
1.9261e-05
1.98565e-05
2.03408e-05
2.05019e-05
2.0281e-05
1.97046e-05
1.88928e-05
1.80791e-05
2.06555e-05
2.26695e-05
2.4299e-05
2.5807e-05
2.72474e-05
2.84648e-05
2.91834e-05
2.92148e-05
2.85025e-05
2.68635e-05
2.47805e-05
2.28821e-05
2.30281e-05
2.43698e-05
2.5586e-05
2.60082e-05
2.5449e-05
2.39577e-05
2.17444e-05
1.90805e-05
2.10293e-05
2.4299e-05
2.66056e-05
2.85377e-05
3.02859e-05
3.17738e-05
3.27818e-05
3.31466e-05
3.26894e-05
3.09185e-05
2.84167e-05
2.62267e-05
2.63831e-05
2.78692e-05
2.90401e-05
2.92011e-05
2.82487e-05
2.6257e-05
2.33864e-05
1.97295e-05
2.14124e-05
2.5807e-05
2.85377e-05
3.06453e-05
3.24833e-05
3.40732e-05
3.52915e-05
3.60281e-05
3.60287e-05
3.4396e-05
3.16425e-05
2.91988e-05
2.93529e-05
3.07707e-05
3.16863e-05
3.14982e-05
3.02027e-05
2.78806e-05
2.45952e-05
2.01615e-05
2.17672e-05
2.72473e-05
3.02859e-05
3.24833e-05
3.43448e-05
3.59895e-05
3.73912e-05
3.85115e-05
3.91063e-05
3.7767e-05
3.47477e-05
3.19465e-05
3.20817e-05
3.32958e-05
3.38752e-05
3.33474e-05
3.17778e-05
2.92385e-05
2.56699e-05
2.04927e-05
2.20644e-05
2.84648e-05
3.17738e-05
3.40732e-05
3.59895e-05
3.77269e-05
3.93485e-05
4.09006e-05
4.22629e-05
4.14248e-05
3.79839e-05
3.46153e-05
3.46708e-05
3.55123e-05
3.56807e-05
3.48269e-05
3.30384e-05
3.03606e-05
2.66091e-05
2.07506e-05
2.22416e-05
2.91834e-05
3.27817e-05
3.52914e-05
3.73912e-05
3.93484e-05
4.13423e-05
4.34735e-05
4.58784e-05
4.58636e-05
4.15014e-05
3.74384e-05
3.71296e-05
3.73331e-05
3.69825e-05
3.57908e-05
3.38187e-05
3.10536e-05
2.72012e-05
2.08784e-05
2.22197e-05
2.92147e-05
3.31466e-05
3.60281e-05
3.85114e-05
4.09006e-05
4.34735e-05
4.65752e-05
5.0129e-05
5.10229e-05
4.50928e-05
4.03413e-05
3.93686e-05
3.8652e-05
3.75914e-05
3.59777e-05
3.3829e-05
3.10267e-05
2.71617e-05
2.07694e-05
2.19247e-05
2.85024e-05
3.26894e-05
3.60287e-05
3.91063e-05
4.22629e-05
4.58784e-05
5.0129e-05
5.34686e-05
5.52694e-05
4.84948e-05
4.28839e-05
4.11037e-05
3.93066e-05
3.73718e-05
3.52383e-05
3.28352e-05
3.00136e-05
2.62561e-05
2.02947e-05
2.13255e-05
2.68635e-05
3.09184e-05
3.4396e-05
3.77669e-05
4.14248e-05
4.58636e-05
5.10229e-05
5.52693e-05
2.22863e-05
1.84004e-05
4.57567e-05
4.15975e-05
3.8809e-05
3.61396e-05
3.35461e-05
3.08617e-05
2.78871e-05
2.43812e-05
1.93391e-05
2.04371e-05
2.47805e-05
2.84167e-05
3.16425e-05
3.47477e-05
3.79838e-05
4.15013e-05
4.50927e-05
4.84946e-05
1.84003e-05
1.65653e-05
4.36173e-05
3.9437e-05
3.67497e-05
3.40575e-05
3.14062e-05
2.86733e-05
2.57135e-05
2.22652e-05
1.79866e-05
1.91779e-05
2.28821e-05
2.62267e-05
2.91988e-05
3.19464e-05
3.46153e-05
3.74384e-05
4.03413e-05
4.28839e-05
4.57566e-05
4.36173e-05
3.89276e-05
3.64501e-05
3.41261e-05
3.17775e-05
2.94182e-05
2.69552e-05
2.41876e-05
2.08623e-05
1.67667e-05
1.92611e-05
2.30281e-05
2.63831e-05
2.93529e-05
3.20817e-05
3.46708e-05
3.71296e-05
3.93686e-05
4.11036e-05
4.15974e-05
3.94369e-05
3.645e-05
3.45836e-05
3.2804e-05
3.0958e-05
2.9007e-05
2.68854e-05
2.44031e-05
2.12767e-05
1.71865e-05
1.98565e-05
2.43698e-05
2.78692e-05
3.07707e-05
3.32958e-05
3.55123e-05
3.73331e-05
3.8652e-05
3.93065e-05
3.88089e-05
3.67496e-05
3.41261e-05
3.2804e-05
3.17394e-05
3.06221e-05
2.92994e-05
2.77575e-05
2.56661e-05
2.26682e-05
1.81899e-05
2.03408e-05
2.5586e-05
2.90401e-05
3.16863e-05
3.38752e-05
3.56807e-05
3.69825e-05
3.75913e-05
3.73717e-05
3.61395e-05
3.40574e-05
3.17775e-05
3.0958e-05
3.06221e-05
3.03786e-05
2.9905e-05
2.8751e-05
2.6861e-05
2.39509e-05
1.90731e-05
2.0502e-05
2.60082e-05
2.92011e-05
3.14982e-05
3.33474e-05
3.48269e-05
3.57907e-05
3.59776e-05
3.52382e-05
3.35459e-05
3.14061e-05
2.94182e-05
2.9007e-05
2.92994e-05
2.9905e-05
2.97514e-05
2.87833e-05
2.70309e-05
2.42748e-05
1.95194e-05
2.02811e-05
2.5449e-05
2.82487e-05
3.02026e-05
3.17777e-05
3.30383e-05
3.38187e-05
3.38289e-05
3.28351e-05
3.08616e-05
2.86732e-05
2.69551e-05
2.68854e-05
2.77575e-05
2.8751e-05
2.87833e-05
2.7915e-05
2.62689e-05
2.37582e-05
1.96158e-05
1.97046e-05
2.39577e-05
2.6257e-05
2.78806e-05
2.92385e-05
3.03606e-05
3.10535e-05
3.10266e-05
3.00135e-05
2.7887e-05
2.57134e-05
2.41876e-05
2.44031e-05
2.56661e-05
2.6861e-05
2.70309e-05
2.62689e-05
2.48037e-05
2.26965e-05
1.94575e-05
1.88928e-05
2.17444e-05
2.33864e-05
2.45952e-05
2.56699e-05
2.66091e-05
2.72012e-05
2.71616e-05
2.6256e-05
2.43811e-05
2.22651e-05
2.08622e-05
2.12767e-05
2.26683e-05
2.3951e-05
2.42748e-05
2.37582e-05
2.26965e-05
2.12435e-05
1.90207e-05
1.80792e-05
1.90805e-05
1.97295e-05
2.01615e-05
2.04927e-05
2.07506e-05
2.08784e-05
2.07693e-05
2.02947e-05
1.9339e-05
1.79865e-05
1.67666e-05
1.71865e-05
1.81899e-05
1.90731e-05
1.95194e-05
1.96158e-05
1.94575e-05
1.90207e-05
1.80088e-05
)
;
    }
    ceiling
    {
        type            alphatWallFunction;
        Prt             0.85;
        value           nonuniform List<scalar> 
400
(
7.99436e-05
8.96289e-05
9.72505e-05
0.000103056
0.000107725
0.00011151
0.000114495
0.000116566
0.00011729
0.000115509
0.000114482
0.000115352
0.000114413
0.000112022
0.000108517
0.000104101
9.8819e-05
9.25611e-05
8.48961e-05
7.61569e-05
8.96288e-05
9.9594e-05
0.000107861
0.000114515
0.000120126
0.000124878
0.000128806
0.000131723
0.000133118
0.000132089
0.000131299
0.000131694
0.000130107
0.000126854
0.000122349
0.000116898
0.000110623
0.00010349
9.51337e-05
8.58289e-05
9.72505e-05
0.000107861
0.000116736
0.000124098
0.000130452
0.000135959
0.000140653
0.000144313
0.000146384
0.000145993
0.000145314
0.000145311
0.000143118
0.000139117
0.000133803
0.000127544
0.000120487
0.000112609
0.000103549
9.33131e-05
0.000103056
0.000114515
0.000124098
0.000132192
0.000139278
0.00014558
0.000151124
0.000155643
0.0001585
0.00015879
0.000158145
0.000157616
0.000154673
0.000149834
0.000143687
0.000136641
0.000128807
0.000120134
0.000110259
9.89605e-05
0.000107725
0.000120126
0.000130452
0.000139278
0.000147279
0.000154675
0.000161349
0.00016699
0.000170997
0.000172569
0.000171704
0.000169713
0.000165587
0.000159736
0.000152603
0.000144614
0.000135983
0.000126514
0.000115793
0.000103404
0.00011151
0.000124878
0.000135959
0.00014558
0.000154675
0.00016325
0.000171164
0.000178168
0.000183767
0.000187213
0.000186122
0.000181948
0.000176099
0.000168943
0.00016071
0.000151677
0.000142042
0.000131796
0.000120267
0.000106845
0.000114495
0.000128806
0.000140653
0.000151124
0.000161349
0.000171164
0.000180525
0.00018936
0.00019743
0.000203987
0.000202741
0.000195051
0.000186507
0.000177468
0.000167841
0.000157645
0.000146982
0.000135928
0.00012366
0.000109325
0.000116566
0.000131723
0.000144312
0.000155643
0.00016699
0.000178168
0.00018936
0.000200853
0.000212797
0.000224206
0.000222893
0.000209887
0.000197176
0.000185351
0.000173871
0.00016231
0.000150546
0.000138729
0.000125832
0.00011076
0.00011729
0.000133118
0.000146384
0.0001585
0.000170997
0.000183766
0.00019743
0.000212797
0.000230271
0.000247179
0.000245604
0.000226835
0.000208211
0.000192353
0.000178389
0.00016523
0.000152287
0.00013981
0.000126417
0.000110836
0.000115509
0.000132089
0.000145993
0.00015879
0.000172569
0.000187213
0.000203987
0.000224206
0.000247179
0.000260264
0.000256191
0.000243614
0.000218764
0.000197721
0.000180705
0.000165775
0.000151577
0.000138578
0.00012488
0.000108961
0.000114482
0.000131299
0.000145314
0.000158145
0.000171704
0.000186122
0.00020274
0.000222892
0.000245604
0.000256191
0.000243492
0.000239468
0.000215892
0.000195681
0.000179375
0.000164972
0.000151208
0.000138641
0.000125132
0.000109208
0.000115352
0.000131694
0.000145311
0.000157616
0.000169713
0.000181948
0.000195051
0.000209887
0.000226834
0.000243613
0.000239468
0.000221035
0.000203702
0.000189011
0.000175889
0.000163366
0.00015097
0.000138864
0.000125688
0.000110139
0.000114413
0.000130107
0.000143118
0.000154673
0.000165587
0.000176099
0.000186507
0.000197175
0.00020821
0.000218764
0.000215891
0.000203702
0.000192276
0.000181378
0.000170587
0.00015964
0.000148433
0.000137001
0.000124336
0.000109298
0.000112022
0.000126854
0.000139117
0.000149834
0.000159736
0.000168943
0.000177467
0.000185351
0.000192352
0.000197721
0.000195681
0.000189011
0.000181378
0.000172973
0.00016395
0.000154363
0.000144251
0.000133583
0.000121556
0.000107252
0.000108517
0.000122349
0.000133803
0.000143687
0.000152603
0.00016071
0.000167841
0.000173871
0.000178389
0.000180704
0.000179375
0.000175888
0.000170587
0.00016395
0.000156365
0.000147989
0.000138901
0.000129004
0.000117686
0.000104269
0.000104101
0.000116898
0.000127544
0.000136641
0.000144613
0.000151676
0.000157645
0.00016231
0.00016523
0.000165775
0.000164972
0.000163366
0.00015964
0.000154363
0.000147989
0.000140701
0.000132575
0.000123435
0.000112883
0.000100451
9.8819e-05
0.000110623
0.000120487
0.000128807
0.000135983
0.000142042
0.000146982
0.000150545
0.000152287
0.000151577
0.000151208
0.00015097
0.000148432
0.000144251
0.000138901
0.000132575
0.000125261
0.000116915
0.000107176
9.57845e-05
9.25611e-05
0.00010349
0.000112609
0.000120134
0.000126514
0.000131796
0.000135928
0.000138729
0.000139809
0.000138578
0.000138641
0.000138864
0.000137001
0.000133583
0.000129004
0.000123435
0.000116915
0.000109394
0.000100489
9.01403e-05
8.48961e-05
9.51338e-05
0.000103549
0.000110259
0.000115793
0.000120267
0.00012366
0.000125832
0.000126417
0.00012488
0.000125132
0.000125688
0.000124336
0.000121556
0.000117686
0.000112883
0.000107176
0.000100489
9.24174e-05
8.30599e-05
7.61569e-05
8.58289e-05
9.33131e-05
9.89605e-05
0.000103404
0.000106845
0.000109325
0.00011076
0.000110836
0.00010896
0.000109208
0.000110139
0.000109298
0.000107252
0.000104269
0.000100451
9.57845e-05
9.01403e-05
8.30599e-05
7.46005e-05
)
;
    }
    fixedWalls
    {
        type            alphatWallFunction;
        Prt             0.85;
        value           nonuniform List<scalar> 
800
(
2.02618e-05
2.51667e-05
3.79533e-05
5.05111e-05
5.7736e-05
6.27179e-05
6.68466e-05
7.08665e-05
7.50718e-05
7.98752e-05
2.06356e-05
2.48011e-05
3.48992e-05
4.8675e-05
5.77391e-05
6.46194e-05
7.07541e-05
7.66144e-05
8.26785e-05
8.95522e-05
2.10091e-05
2.46845e-05
3.12895e-05
4.53261e-05
5.63061e-05
6.5252e-05
7.35592e-05
8.131e-05
8.89677e-05
9.71672e-05
2.1392e-05
2.47969e-05
2.88248e-05
4.05537e-05
5.37338e-05
6.4816e-05
7.53724e-05
8.4894e-05
9.39079e-05
0.000102967
2.17466e-05
2.4995e-05
2.78324e-05
3.62867e-05
4.98917e-05
6.38161e-05
7.66229e-05
8.76935e-05
9.79029e-05
0.000107632
2.20438e-05
2.52192e-05
2.76987e-05
3.14961e-05
4.56531e-05
6.24978e-05
7.74358e-05
8.98129e-05
0.000101058
0.000111414
2.22209e-05
2.54249e-05
2.80616e-05
2.94e-05
4.10124e-05
6.07217e-05
7.77722e-05
9.12444e-05
0.000103354
0.000114396
2.21993e-05
2.54047e-05
2.85631e-05
3.07416e-05
3.5391e-05
5.88365e-05
7.75854e-05
9.1857e-05
0.000104597
0.000116465
2.19047e-05
2.50175e-05
2.85732e-05
3.12119e-05
3.46549e-05
5.68239e-05
7.66659e-05
9.12746e-05
0.000104305
0.000117188
2.13061e-05
2.45285e-05
2.83805e-05
3.12382e-05
3.60455e-05
5.4491e-05
7.45234e-05
8.8787e-05
0.000101471
0.000115409
2.04182e-05
2.39068e-05
2.79054e-05
3.10077e-05
3.70892e-05
5.38496e-05
7.35296e-05
8.77695e-05
0.000100318
0.000114382
1.91593e-05
2.30246e-05
2.71364e-05
3.05178e-05
3.82467e-05
5.58006e-05
7.48729e-05
8.90579e-05
0.000101801
0.000115251
1.92424e-05
2.29041e-05
2.63199e-05
2.96417e-05
3.89919e-05
5.76245e-05
7.56939e-05
8.93544e-05
0.000101819
0.000114314
1.98375e-05
2.31789e-05
2.59644e-05
2.91863e-05
4.00684e-05
5.87086e-05
7.54173e-05
8.83669e-05
0.000100245
0.000111924
2.03212e-05
2.36301e-05
2.61696e-05
2.9542e-05
4.22074e-05
5.92534e-05
7.43015e-05
8.63895e-05
9.74691e-05
0.000108423
2.0482e-05
2.39339e-05
2.65304e-05
3.1025e-05
4.56841e-05
5.98766e-05
7.27803e-05
8.36957e-05
9.37869e-05
0.000104011
2.02611e-05
2.38376e-05
2.6946e-05
3.45314e-05
4.93376e-05
6.06414e-05
7.10903e-05
8.04398e-05
8.93425e-05
9.87334e-05
1.96849e-05
2.33403e-05
2.72878e-05
3.92267e-05
5.22999e-05
6.11927e-05
6.91348e-05
7.6648e-05
8.41542e-05
9.24811e-05
1.88736e-05
2.24063e-05
2.7909e-05
4.33996e-05
5.42986e-05
6.11252e-05
6.67809e-05
7.22519e-05
7.80793e-05
8.48226e-05
1.80603e-05
2.11524e-05
2.9277e-05
4.62417e-05
5.51991e-05
6.03046e-05
6.41776e-05
6.77908e-05
7.16215e-05
7.60906e-05
1.80603e-05
2.11525e-05
2.9277e-05
4.62415e-05
5.51989e-05
6.03045e-05
6.41775e-05
6.77908e-05
7.16215e-05
7.60906e-05
1.90611e-05
2.23904e-05
2.7055e-05
4.34626e-05
5.45883e-05
6.16762e-05
6.77662e-05
7.34542e-05
7.91658e-05
8.57545e-05
1.97098e-05
2.25936e-05
2.57855e-05
3.88125e-05
5.26828e-05
6.17533e-05
7.01453e-05
7.79077e-05
8.52706e-05
9.32322e-05
2.01414e-05
2.26313e-05
2.55594e-05
3.44022e-05
4.92835e-05
6.08765e-05
7.16846e-05
8.1276e-05
8.9985e-05
9.88746e-05
2.04725e-05
2.28495e-05
2.58071e-05
3.09402e-05
4.49422e-05
5.95308e-05
7.27113e-05
8.38154e-05
9.36901e-05
0.000103314
2.07303e-05
2.32036e-05
2.61561e-05
2.84641e-05
4.11509e-05
5.75738e-05
7.32372e-05
8.55623e-05
9.64569e-05
0.000106751
2.08581e-05
2.35169e-05
2.64303e-05
2.83846e-05
3.82141e-05
5.53455e-05
7.31366e-05
8.64544e-05
9.82112e-05
0.000109229
2.07492e-05
2.35406e-05
2.63399e-05
2.84152e-05
3.51027e-05
5.30181e-05
7.23119e-05
8.63658e-05
9.87636e-05
0.000110663
2.0275e-05
2.30895e-05
2.57195e-05
2.79642e-05
3.04443e-05
5.06984e-05
7.0654e-05
8.51211e-05
9.78093e-05
0.000110739
1.93201e-05
2.21764e-05
2.46419e-05
2.70592e-05
2.88382e-05
4.78191e-05
6.81602e-05
8.28249e-05
9.53107e-05
0.000108865
1.79685e-05
2.10275e-05
2.34575e-05
2.61184e-05
2.94595e-05
4.50931e-05
6.70039e-05
8.24089e-05
9.52321e-05
0.000109112
1.67491e-05
2.01398e-05
2.24524e-05
2.52666e-05
2.98112e-05
4.59521e-05
6.83988e-05
8.39763e-05
9.69082e-05
0.000110043
1.71687e-05
2.01926e-05
2.18922e-05
2.49279e-05
3.1319e-05
4.87621e-05
6.96516e-05
8.45066e-05
9.70016e-05
0.000109202
1.81715e-05
2.08341e-05
2.22036e-05
2.53664e-05
3.55332e-05
5.23503e-05
7.04308e-05
8.4098e-05
9.58502e-05
0.000107158
1.90541e-05
2.1552e-05
2.33296e-05
2.72264e-05
4.10297e-05
5.56721e-05
7.06998e-05
8.29265e-05
9.37252e-05
0.000104177
1.95001e-05
2.2194e-05
2.48897e-05
3.18602e-05
4.61698e-05
5.82579e-05
7.0468e-05
8.10891e-05
9.07564e-05
0.000100363
1.95964e-05
2.27964e-05
2.68671e-05
3.7454e-05
5.04393e-05
6.01985e-05
6.98004e-05
7.86407e-05
8.70077e-05
9.57007e-05
1.94384e-05
2.34441e-05
2.97232e-05
4.28491e-05
5.3807e-05
6.15102e-05
6.8694e-05
7.55793e-05
8.24688e-05
9.00613e-05
1.9002e-05
2.40009e-05
3.32701e-05
4.71609e-05
5.61347e-05
6.19748e-05
6.69611e-05
7.17878e-05
7.69415e-05
8.29867e-05
1.79908e-05
2.41574e-05
3.66432e-05
4.99996e-05
5.71619e-05
6.13126e-05
6.44355e-05
6.74006e-05
7.06254e-05
7.45341e-05
2.02618e-05
2.51667e-05
3.79533e-05
5.05111e-05
5.7736e-05
6.27179e-05
6.68466e-05
7.08665e-05
7.50718e-05
7.98752e-05
2.06356e-05
2.48011e-05
3.48992e-05
4.8675e-05
5.77391e-05
6.46194e-05
7.07541e-05
7.66143e-05
8.26785e-05
8.95522e-05
2.10091e-05
2.46845e-05
3.12895e-05
4.53261e-05
5.63062e-05
6.5252e-05
7.35592e-05
8.131e-05
8.89676e-05
9.71671e-05
2.1392e-05
2.47969e-05
2.88248e-05
4.05538e-05
5.37338e-05
6.4816e-05
7.53723e-05
8.4894e-05
9.39079e-05
0.000102967
2.17466e-05
2.4995e-05
2.78324e-05
3.62867e-05
4.98917e-05
6.38161e-05
7.66229e-05
8.76935e-05
9.79029e-05
0.000107632
2.20437e-05
2.52192e-05
2.76986e-05
3.14962e-05
4.56532e-05
6.24978e-05
7.74358e-05
8.98129e-05
0.000101058
0.000111414
2.22209e-05
2.54249e-05
2.80616e-05
2.94e-05
4.10124e-05
6.07217e-05
7.77722e-05
9.12444e-05
0.000103354
0.000114396
2.21992e-05
2.54047e-05
2.85631e-05
3.07416e-05
3.5391e-05
5.88365e-05
7.75854e-05
9.1857e-05
0.000104597
0.000116465
2.19047e-05
2.50174e-05
2.85731e-05
3.12118e-05
3.46549e-05
5.68239e-05
7.66659e-05
9.12746e-05
0.000104305
0.000117188
2.13061e-05
2.45285e-05
2.83805e-05
3.12381e-05
3.60455e-05
5.4491e-05
7.45234e-05
8.8787e-05
0.000101471
0.000115409
2.04182e-05
2.39068e-05
2.79054e-05
3.10076e-05
3.70892e-05
5.38496e-05
7.35296e-05
8.77695e-05
0.000100318
0.000114382
1.91593e-05
2.30246e-05
2.71363e-05
3.05178e-05
3.82467e-05
5.58006e-05
7.48729e-05
8.90579e-05
0.000101801
0.000115251
1.92424e-05
2.29041e-05
2.63199e-05
2.96417e-05
3.89919e-05
5.76245e-05
7.56939e-05
8.93544e-05
0.000101819
0.000114314
1.98375e-05
2.31789e-05
2.59644e-05
2.91863e-05
4.00685e-05
5.87086e-05
7.54173e-05
8.83668e-05
0.000100245
0.000111924
2.03212e-05
2.36301e-05
2.61696e-05
2.9542e-05
4.22074e-05
5.92533e-05
7.43015e-05
8.63895e-05
9.74691e-05
0.000108423
2.0482e-05
2.39339e-05
2.65303e-05
3.10251e-05
4.56841e-05
5.98765e-05
7.27803e-05
8.36957e-05
9.37869e-05
0.000104011
2.02611e-05
2.38376e-05
2.6946e-05
3.45315e-05
4.93376e-05
6.06413e-05
7.10903e-05
8.04398e-05
8.93425e-05
9.87335e-05
1.96849e-05
2.33403e-05
2.72878e-05
3.92266e-05
5.22998e-05
6.11926e-05
6.91348e-05
7.6648e-05
8.41542e-05
9.24811e-05
1.88736e-05
2.24063e-05
2.7909e-05
4.33995e-05
5.42984e-05
6.11251e-05
6.67808e-05
7.22519e-05
7.80793e-05
8.48226e-05
1.80603e-05
2.11525e-05
2.9277e-05
4.62415e-05
5.51989e-05
6.03045e-05
6.41775e-05
6.77908e-05
7.16215e-05
7.60906e-05
1.80603e-05
2.11524e-05
2.9277e-05
4.62417e-05
5.51991e-05
6.03046e-05
6.41776e-05
6.77908e-05
7.16215e-05
7.60906e-05
1.90611e-05
2.23904e-05
2.7055e-05
4.34627e-05
5.45884e-05
6.16763e-05
6.77663e-05
7.34543e-05
7.91658e-05
8.57544e-05
1.97098e-05
2.25936e-05
2.57855e-05
3.88125e-05
5.26829e-05
6.17533e-05
7.01454e-05
7.79077e-05
8.52706e-05
9.32322e-05
2.01414e-05
2.26313e-05
2.55594e-05
3.44022e-05
4.92836e-05
6.08765e-05
7.16846e-05
8.1276e-05
8.99849e-05
9.88745e-05
2.04725e-05
2.28495e-05
2.58072e-05
3.09403e-05
4.49423e-05
5.95309e-05
7.27113e-05
8.38154e-05
9.369e-05
0.000103314
2.07303e-05
2.32036e-05
2.61562e-05
2.84641e-05
4.11509e-05
5.75738e-05
7.32372e-05
8.55623e-05
9.64569e-05
0.000106751
2.08581e-05
2.3517e-05
2.64304e-05
2.83847e-05
3.82141e-05
5.53454e-05
7.31366e-05
8.64544e-05
9.82112e-05
0.000109229
2.07493e-05
2.35407e-05
2.634e-05
2.84153e-05
3.51028e-05
5.3018e-05
7.2312e-05
8.63659e-05
9.87636e-05
0.000110663
2.02751e-05
2.30895e-05
2.57196e-05
2.79643e-05
3.04445e-05
5.06983e-05
7.0654e-05
8.51212e-05
9.78093e-05
0.000110739
1.93202e-05
2.21765e-05
2.4642e-05
2.70593e-05
2.88381e-05
4.78191e-05
6.81602e-05
8.28249e-05
9.53107e-05
0.000108865
1.79686e-05
2.10275e-05
2.34576e-05
2.61185e-05
2.94594e-05
4.50932e-05
6.70039e-05
8.24089e-05
9.52321e-05
0.000109112
1.67491e-05
2.01399e-05
2.24524e-05
2.52666e-05
2.98111e-05
4.59521e-05
6.83988e-05
8.39763e-05
9.69083e-05
0.000110043
1.71687e-05
2.01926e-05
2.18922e-05
2.49278e-05
3.13189e-05
4.8762e-05
6.96517e-05
8.45066e-05
9.70016e-05
0.000109202
1.81715e-05
2.08341e-05
2.22036e-05
2.53663e-05
3.55331e-05
5.23502e-05
7.04308e-05
8.4098e-05
9.58502e-05
0.000107158
1.9054e-05
2.1552e-05
2.33296e-05
2.72263e-05
4.10296e-05
5.5672e-05
7.06998e-05
8.29265e-05
9.37252e-05
0.000104177
1.95e-05
2.2194e-05
2.48896e-05
3.18601e-05
4.61697e-05
5.82578e-05
7.0468e-05
8.10891e-05
9.07564e-05
0.000100363
1.95964e-05
2.27963e-05
2.68671e-05
3.74539e-05
5.04392e-05
6.01985e-05
6.98004e-05
7.86407e-05
8.70077e-05
9.57007e-05
1.94384e-05
2.34441e-05
2.97231e-05
4.2849e-05
5.3807e-05
6.15102e-05
6.8694e-05
7.55793e-05
8.24688e-05
9.00613e-05
1.9002e-05
2.40009e-05
3.327e-05
4.71609e-05
5.61347e-05
6.19748e-05
6.69612e-05
7.17878e-05
7.69415e-05
8.29867e-05
1.79908e-05
2.41574e-05
3.66432e-05
4.99996e-05
5.71619e-05
6.13126e-05
6.44355e-05
6.74006e-05
7.06254e-05
7.45341e-05
)
;
    }
}


// ************************************************************************* //
