/*--------------------------------*- C++ -*----------------------------------*\
| =========                 |                                                 |
| \\      /  F ield         | OpenFOAM: The Open Source CFD Toolbox           |
|  \\    /   O peration     | Version:  1.7.1                                 |
|   \\  /    A nd           | Web:      www.OpenFOAM.com                      |
|    \\/     M anipulation  |                                                 |
\*---------------------------------------------------------------------------*/
FoamFile
{
    version     2.0;
    format      ascii;
    class       volScalarField;
    location    "800";
    object      epsilon;
}
// * * * * * * * * * * * * * * * * * * * * * * * * * * * * * * * * * * * * * //

dimensions      [0 2 -3 0 0 0 0];

internalField   nonuniform List<scalar> 
4000
(
4.42259e-08
4.56888e-08
4.71793e-08
4.87382e-08
5.02082e-08
5.14656e-08
5.22125e-08
5.20868e-08
5.07707e-08
4.82099e-08
4.46434e-08
3.99721e-08
4.02959e-08
4.24655e-08
4.43049e-08
4.49266e-08
4.40651e-08
4.18797e-08
3.8931e-08
3.61131e-08
6.66391e-08
6.48243e-08
6.41426e-08
6.46049e-08
6.54571e-08
6.64958e-08
6.74784e-08
6.73172e-08
6.52433e-08
6.27566e-08
5.9752e-08
5.56474e-08
5.51862e-08
5.64681e-08
5.85778e-08
6.00263e-08
5.95685e-08
5.72515e-08
5.30809e-08
4.78037e-08
1.57613e-07
1.31496e-07
1.04289e-07
8.78459e-08
8.15871e-08
8.04002e-08
8.23282e-08
8.53958e-08
8.54942e-08
8.43556e-08
8.13707e-08
7.67599e-08
7.22016e-08
7.02561e-08
7.14173e-08
7.34553e-08
7.59401e-08
7.82258e-08
8.18825e-08
8.98692e-08
3.13769e-07
2.86937e-07
2.42281e-07
1.87335e-07
1.44585e-07
1.05568e-07
9.08642e-08
9.96974e-08
1.02966e-07
1.02869e-07
1.00798e-07
9.69542e-08
9.09421e-08
8.80849e-08
9.08083e-08
1.0122e-07
1.2796e-07
1.70802e-07
2.16802e-07
2.52945e-07
4.42401e-07
4.4388e-07
4.1772e-07
3.72218e-07
3.11638e-07
2.513e-07
1.92772e-07
1.35466e-07
1.27367e-07
1.38038e-07
1.4644e-07
1.56688e-07
1.64218e-07
1.7656e-07
2.01749e-07
2.45672e-07
2.97782e-07
3.45034e-07
3.79563e-07
3.95826e-07
5.50633e-07
5.98355e-07
6.16934e-07
6.08598e-07
5.85925e-07
5.55044e-07
5.14152e-07
4.69962e-07
4.25039e-07
3.76968e-07
3.6289e-07
3.9854e-07
4.36088e-07
4.61462e-07
4.75631e-07
4.90322e-07
5.07331e-07
5.19313e-07
5.17348e-07
4.98805e-07
6.54083e-07
7.65967e-07
8.55496e-07
9.17578e-07
9.62031e-07
9.91169e-07
1.00251e-06
9.93922e-07
9.58587e-07
8.83087e-07
8.47896e-07
8.91667e-07
9.20671e-07
9.13323e-07
8.77973e-07
8.30198e-07
7.78599e-07
7.2124e-07
6.55987e-07
5.88827e-07
7.67893e-07
9.55499e-07
1.13159e-06
1.28034e-06
1.40521e-06
1.50463e-06
1.57374e-06
1.60293e-06
1.57221e-06
1.45073e-06
1.40109e-06
1.46011e-06
1.4744e-06
1.42914e-06
1.34078e-06
1.22628e-06
1.09695e-06
9.58426e-07
8.13592e-07
6.83036e-07
9.01675e-07
1.18468e-06
1.462e-06
1.7094e-06
1.9294e-06
2.11603e-06
2.25884e-06
2.33796e-06
2.31729e-06
2.13641e-06
2.06265e-06
2.15122e-06
2.15197e-06
2.05688e-06
1.89652e-06
1.69749e-06
1.47718e-06
1.24615e-06
1.00925e-06
7.94257e-07
1.07378e-06
1.48893e-06
1.88663e-06
2.23553e-06
2.54672e-06
2.81973e-06
3.04826e-06
3.21372e-06
3.27198e-06
3.12421e-06
3.03674e-06
3.10413e-06
3.02945e-06
2.84594e-06
2.59165e-06
2.29466e-06
1.97184e-06
1.63228e-06
1.27511e-06
9.39507e-07
4.56887e-08
5.42754e-08
6.201e-08
6.98261e-08
7.78981e-08
8.51972e-08
8.96392e-08
8.963e-08
8.48255e-08
7.48885e-08
6.38341e-08
5.50424e-08
5.56359e-08
6.19984e-08
6.82973e-08
7.06302e-08
6.76889e-08
6.01794e-08
5.01055e-08
3.96163e-08
6.48243e-08
6.12649e-08
6.42123e-08
6.89234e-08
7.52236e-08
8.14562e-08
8.56977e-08
8.75237e-08
8.73518e-08
8.36635e-08
7.74796e-08
7.00792e-08
6.47783e-08
6.33749e-08
6.4866e-08
6.60565e-08
6.46369e-08
5.99445e-08
5.27947e-08
5.30107e-08
1.31495e-07
1.18089e-07
1.02099e-07
9.52496e-08
8.9961e-08
8.50453e-08
8.21632e-08
8.2078e-08
8.34499e-08
8.40021e-08
8.31401e-08
8.06256e-08
7.55712e-08
7.14815e-08
7.07715e-08
7.36792e-08
7.79569e-08
7.9965e-08
7.758e-08
7.68335e-08
2.86937e-07
2.86302e-07
2.31254e-07
1.79002e-07
1.51351e-07
1.34249e-07
1.13883e-07
1.00213e-07
9.4552e-08
9.27004e-08
9.06603e-08
8.77101e-08
8.39474e-08
8.3644e-08
9.22381e-08
1.11247e-07
1.3371e-07
1.64803e-07
2.06541e-07
2.18663e-07
4.4388e-07
4.21584e-07
3.81304e-07
3.21731e-07
2.54762e-07
2.0977e-07
1.75204e-07
1.37805e-07
1.18615e-07
1.16273e-07
1.16435e-07
1.1828e-07
1.2185e-07
1.35411e-07
1.64495e-07
2.08232e-07
2.6426e-07
3.26283e-07
3.77907e-07
3.85668e-07
5.98355e-07
5.2857e-07
5.13482e-07
4.91853e-07
4.51242e-07
3.88165e-07
3.3209e-07
2.81655e-07
2.35524e-07
2.1271e-07
2.12927e-07
2.33278e-07
2.59505e-07
2.94159e-07
3.34769e-07
3.78423e-07
4.17058e-07
4.45427e-07
4.69038e-07
5.30698e-07
7.65967e-07
6.79243e-07
7.02312e-07
7.25172e-07
7.39587e-07
7.2779e-07
6.72445e-07
6.1362e-07
5.78657e-07
5.29407e-07
5.10386e-07
5.50903e-07
5.98089e-07
6.34308e-07
6.51075e-07
6.4526e-07
6.24347e-07
6.0296e-07
5.92719e-07
6.83492e-07
9.555e-07
9.14545e-07
1.00217e-06
1.08477e-06
1.16643e-06
1.23597e-06
1.27841e-06
1.27165e-06
1.20261e-06
1.07144e-06
1.03156e-06
1.11721e-06
1.17016e-06
1.16909e-06
1.12086e-06
1.03926e-06
9.45644e-07
8.62175e-07
7.93089e-07
8.52628e-07
1.18468e-06
1.33712e-06
1.57684e-06
1.80095e-06
2.02146e-06
2.2192e-06
2.3734e-06
2.44778e-06
2.38632e-06
2.11427e-06
2.06007e-06
2.27266e-06
2.33482e-06
2.24412e-06
2.06108e-06
1.83513e-06
1.60063e-06
1.37871e-06
1.16026e-06
1.05059e-06
1.48893e-06
2.02217e-06
2.55613e-06
3.05208e-06
3.51922e-06
3.95131e-06
4.33453e-06
4.63456e-06
4.78155e-06
4.66714e-06
4.57582e-06
4.6149e-06
4.44869e-06
4.12284e-06
3.70063e-06
3.23177e-06
2.74571e-06
2.25822e-06
1.76846e-06
1.31689e-06
4.71793e-08
6.201e-08
7.42563e-08
8.5752e-08
9.71832e-08
1.07706e-07
1.15169e-07
1.17679e-07
1.13631e-07
1.00331e-07
8.40976e-08
7.18165e-08
7.25272e-08
8.11032e-08
8.84784e-08
8.96014e-08
8.36638e-08
7.20943e-08
5.74473e-08
4.20057e-08
6.41426e-08
6.42123e-08
6.98614e-08
7.68104e-08
8.53553e-08
9.44294e-08
1.02499e-07
1.0895e-07
1.12655e-07
1.08483e-07
9.87546e-08
8.83693e-08
8.15169e-08
7.9321e-08
7.9654e-08
7.88795e-08
7.50435e-08
6.75112e-08
5.73348e-08
5.38925e-08
1.04289e-07
1.02099e-07
9.99816e-08
9.90077e-08
9.7378e-08
9.63011e-08
9.72818e-08
1.01109e-07
1.0532e-07
1.05285e-07
1.02049e-07
9.71528e-08
9.01449e-08
8.47529e-08
8.29321e-08
8.42963e-08
8.61739e-08
8.4639e-08
7.81191e-08
6.97169e-08
2.42281e-07
2.31254e-07
1.93952e-07
1.67812e-07
1.56384e-07
1.48608e-07
1.33718e-07
1.21342e-07
1.1637e-07
1.12793e-07
1.07671e-07
1.01121e-07
9.52364e-08
9.47703e-08
1.03946e-07
1.21402e-07
1.36612e-07
1.47668e-07
1.62715e-07
1.68448e-07
4.1772e-07
3.81303e-07
3.29605e-07
2.68813e-07
2.2293e-07
1.95975e-07
1.80387e-07
1.63698e-07
1.448e-07
1.31707e-07
1.24793e-07
1.19059e-07
1.17883e-07
1.30374e-07
1.56963e-07
1.90691e-07
2.32927e-07
2.85231e-07
3.35963e-07
3.53388e-07
6.16934e-07
5.13482e-07
4.51036e-07
3.98127e-07
3.38906e-07
2.91501e-07
2.52783e-07
2.18925e-07
1.86142e-07
1.70228e-07
1.70393e-07
1.76698e-07
1.87571e-07
2.10881e-07
2.47028e-07
2.93157e-07
3.4647e-07
3.99401e-07
4.56428e-07
5.34446e-07
8.55496e-07
7.02312e-07
6.45562e-07
6.02219e-07
5.46584e-07
4.89608e-07
4.39279e-07
3.93045e-07
3.59346e-07
3.27129e-07
3.22493e-07
3.56454e-07
3.86627e-07
4.14435e-07
4.51611e-07
4.93976e-07
5.31773e-07
5.69761e-07
6.24843e-07
7.53113e-07
1.13159e-06
1.00217e-06
1.0254e-06
1.04626e-06
1.03932e-06
9.79586e-07
9.12699e-07
8.7323e-07
8.31509e-07
7.64826e-07
7.65978e-07
8.9896e-07
9.65774e-07
9.76491e-07
9.69163e-07
9.5608e-07
9.33578e-07
9.06607e-07
8.91907e-07
1.00615e-06
1.46201e-06
1.57684e-06
1.92161e-06
2.2912e-06
2.6386e-06
2.92341e-06
3.13581e-06
3.21594e-06
3.07024e-06
2.57649e-06
2.5119e-06
3.012e-06
3.21185e-06
3.0931e-06
2.80377e-06
2.44554e-06
2.06394e-06
1.70518e-06
1.38814e-06
1.29744e-06
1.88663e-06
2.55614e-06
3.23147e-06
3.87934e-06
4.50696e-06
5.10479e-06
5.65517e-06
6.11098e-06
6.37826e-06
6.32127e-06
6.22203e-06
6.21899e-06
5.93686e-06
5.44755e-06
4.84342e-06
4.19469e-06
3.53932e-06
2.89669e-06
2.26446e-06
1.67458e-06
4.87382e-08
6.98262e-08
8.5752e-08
9.96936e-08
1.13112e-07
1.25698e-07
1.35877e-07
1.41975e-07
1.41257e-07
1.26721e-07
1.05679e-07
8.95727e-08
9.03363e-08
9.99019e-08
1.06614e-07
1.05351e-07
9.63059e-08
8.1458e-08
6.33159e-08
4.36464e-08
6.46049e-08
6.89235e-08
7.68105e-08
8.53437e-08
9.53469e-08
1.06609e-07
1.18766e-07
1.31379e-07
1.41171e-07
1.3652e-07
1.21306e-07
1.07149e-07
9.9408e-08
9.62797e-08
9.46996e-08
9.13585e-08
8.48463e-08
7.49639e-08
6.25188e-08
5.40694e-08
8.78459e-08
9.52495e-08
9.90076e-08
1.0087e-07
1.02243e-07
1.05329e-07
1.12325e-07
1.23956e-07
1.33752e-07
1.33325e-07
1.25833e-07
1.16917e-07
1.06854e-07
9.91275e-08
9.50273e-08
9.34656e-08
9.21552e-08
8.76707e-08
7.84719e-08
6.84003e-08
1.87334e-07
1.79002e-07
1.67812e-07
1.61902e-07
1.59991e-07
1.5457e-07
1.45988e-07
1.43828e-07
1.45322e-07
1.42767e-07
1.33163e-07
1.21013e-07
1.11063e-07
1.08297e-07
1.14918e-07
1.2828e-07
1.40052e-07
1.4095e-07
1.3555e-07
1.27885e-07
3.72218e-07
3.2173e-07
2.68813e-07
2.29107e-07
2.04651e-07
1.94242e-07
1.92371e-07
1.87079e-07
1.7355e-07
1.6134e-07
1.50437e-07
1.37208e-07
1.29895e-07
1.3896e-07
1.61541e-07
1.84746e-07
2.08006e-07
2.37029e-07
2.72746e-07
3.00966e-07
6.08598e-07
4.91853e-07
3.98127e-07
3.25195e-07
2.75564e-07
2.42515e-07
2.21137e-07
2.04839e-07
1.89131e-07
1.84405e-07
1.85148e-07
1.79925e-07
1.76174e-07
1.86656e-07
2.12158e-07
2.4618e-07
2.9421e-07
3.588e-07
4.34979e-07
5.16619e-07
9.17579e-07
7.25172e-07
6.0222e-07
5.0529e-07
4.34299e-07
3.88257e-07
3.56085e-07
3.29257e-07
3.08164e-07
2.90365e-07
2.87153e-07
3.05352e-07
3.07887e-07
3.2927e-07
3.55274e-07
3.97566e-07
4.69651e-07
5.50953e-07
6.53142e-07
8.0132e-07
1.28034e-06
1.08477e-06
1.04626e-06
1.00841e-06
9.45028e-07
9.384e-07
9.34761e-07
9.23171e-07
8.76293e-07
7.82134e-07
7.56495e-07
8.71234e-07
9.43275e-07
9.31124e-07
8.97927e-07
9.06464e-07
9.4183e-07
9.56627e-07
9.78844e-07
1.13469e-06
1.7094e-06
1.80095e-06
2.2912e-06
2.90231e-06
3.39707e-06
3.71255e-06
4.02217e-06
4.21236e-06
4.07807e-06
3.59799e-06
3.59434e-06
4.23494e-06
4.54143e-06
4.33877e-06
3.88683e-06
3.35079e-06
2.69625e-06
2.07203e-06
1.60028e-06
1.51423e-06
2.23553e-06
3.05208e-06
3.87934e-06
4.69127e-06
5.49378e-06
6.28292e-06
7.03838e-06
7.69827e-06
8.13537e-06
8.17471e-06
8.05957e-06
7.97521e-06
7.5265e-06
6.82993e-06
6.01326e-06
5.16503e-06
4.32472e-06
3.51198e-06
2.72463e-06
1.98632e-06
5.02082e-08
7.78982e-08
9.71834e-08
1.13112e-07
1.28014e-07
1.42295e-07
1.55219e-07
1.65738e-07
1.70796e-07
1.56769e-07
1.29988e-07
1.08651e-07
1.09315e-07
1.1869e-07
1.23549e-07
1.19429e-07
1.07477e-07
8.99489e-08
6.88842e-08
4.49227e-08
6.54572e-08
7.52238e-08
8.53553e-08
9.5347e-08
1.06534e-07
1.19773e-07
1.3617e-07
1.56864e-07
1.76621e-07
1.72015e-07
1.48168e-07
1.28394e-07
1.19463e-07
1.14406e-07
1.09974e-07
1.03869e-07
9.47526e-08
8.27648e-08
6.85204e-08
5.50337e-08
8.15872e-08
8.9961e-08
9.73779e-08
1.02243e-07
1.06867e-07
1.14003e-07
1.27723e-07
1.50778e-07
1.71684e-07
1.71151e-07
1.56726e-07
1.41303e-07
1.26248e-07
1.14486e-07
1.06877e-07
1.01787e-07
9.65757e-08
8.90352e-08
7.73993e-08
6.9595e-08
1.44584e-07
1.51351e-07
1.56384e-07
1.59991e-07
1.59384e-07
1.55024e-07
1.55019e-07
1.68083e-07
1.84396e-07
1.85955e-07
1.69684e-07
1.47458e-07
1.29823e-07
1.2196e-07
1.23986e-07
1.31512e-07
1.39143e-07
1.386e-07
1.25376e-07
1.01441e-07
3.11638e-07
2.54761e-07
2.2293e-07
2.04651e-07
1.97664e-07
1.98945e-07
2.03599e-07
2.05519e-07
2.06729e-07
2.08116e-07
1.93926e-07
1.66616e-07
1.48149e-07
1.50186e-07
1.67728e-07
1.83618e-07
1.92675e-07
2.01806e-07
2.15965e-07
2.41328e-07
5.85925e-07
4.51242e-07
3.38906e-07
2.75564e-07
2.38356e-07
2.1863e-07
2.10975e-07
2.09783e-07
2.13289e-07
2.28339e-07
2.36366e-07
2.12775e-07
1.8983e-07
1.85378e-07
1.98781e-07
2.20508e-07
2.5529e-07
3.09627e-07
3.94302e-07
4.88871e-07
9.62032e-07
7.39587e-07
5.46584e-07
4.34299e-07
3.74864e-07
3.45722e-07
3.33562e-07
3.29168e-07
3.30964e-07
3.40706e-07
3.51456e-07
3.4287e-07
3.19748e-07
3.16046e-07
3.23105e-07
3.54255e-07
4.18371e-07
5.25962e-07
6.71843e-07
8.3488e-07
1.40521e-06
1.16643e-06
1.03932e-06
9.45028e-07
9.67381e-07
1.03053e-06
1.09416e-06
1.12565e-06
1.08696e-06
9.87499e-07
9.68902e-07
1.09124e-06
1.15438e-06
1.10436e-06
1.01177e-06
9.48727e-07
9.33747e-07
9.90504e-07
1.05736e-06
1.23889e-06
1.9294e-06
2.02146e-06
2.6386e-06
3.39707e-06
4.02067e-06
4.7177e-06
5.34262e-06
5.67141e-06
5.45614e-06
4.83652e-06
4.7873e-06
5.45772e-06
5.86659e-06
5.60038e-06
4.88221e-06
4.10172e-06
3.35064e-06
2.44338e-06
1.80384e-06
1.70155e-06
2.54672e-06
3.51922e-06
4.50696e-06
5.49378e-06
6.51013e-06
7.55919e-06
8.60156e-06
9.55774e-06
1.02796e-05
1.05685e-05
1.03878e-05
1.00186e-05
9.28466e-06
8.31199e-06
7.22795e-06
6.13734e-06
5.09472e-06
4.10133e-06
3.15067e-06
2.2586e-06
5.14657e-08
8.51974e-08
1.07707e-07
1.25698e-07
1.42296e-07
1.58648e-07
1.74953e-07
1.91248e-07
2.05513e-07
1.94801e-07
1.5929e-07
1.29868e-07
1.29877e-07
1.37236e-07
1.38966e-07
1.31672e-07
1.17101e-07
9.74484e-08
7.40308e-08
4.59235e-08
6.64959e-08
8.14563e-08
9.44295e-08
1.06609e-07
1.19773e-07
1.35874e-07
1.57709e-07
1.89213e-07
2.26116e-07
2.23984e-07
1.84869e-07
1.55642e-07
1.43685e-07
1.3418e-07
1.25334e-07
1.16099e-07
1.04763e-07
9.09722e-08
7.50365e-08
5.66253e-08
8.04003e-08
8.50454e-08
9.6301e-08
1.05329e-07
1.14003e-07
1.25929e-07
1.4757e-07
1.86937e-07
2.29486e-07
2.30682e-07
2.02739e-07
1.75244e-07
1.51279e-07
1.32149e-07
1.19172e-07
1.09999e-07
1.0096e-07
9.00123e-08
7.6469e-08
7.14085e-08
1.05567e-07
1.34249e-07
1.48608e-07
1.5457e-07
1.55024e-07
1.5617e-07
1.67488e-07
2.01165e-07
2.50301e-07
2.67654e-07
2.35746e-07
1.89072e-07
1.55011e-07
1.37059e-07
1.3209e-07
1.3313e-07
1.33959e-07
1.30882e-07
1.17017e-07
8.53191e-08
2.51299e-07
2.09769e-07
1.95975e-07
1.94242e-07
1.98945e-07
2.0544e-07
2.12404e-07
2.28092e-07
2.6793e-07
3.14667e-07
2.89138e-07
2.17089e-07
1.72435e-07
1.61772e-07
1.71948e-07
1.83452e-07
1.85059e-07
1.81335e-07
1.81453e-07
1.95341e-07
5.55044e-07
3.88165e-07
2.91501e-07
2.42515e-07
2.1863e-07
2.10545e-07
2.14175e-07
2.295e-07
2.68268e-07
3.42786e-07
3.63369e-07
2.74702e-07
2.14356e-07
1.92828e-07
1.95332e-07
2.06826e-07
2.29051e-07
2.70112e-07
3.41293e-07
4.50962e-07
9.91169e-07
7.2779e-07
4.89608e-07
3.88258e-07
3.45722e-07
3.34472e-07
3.42149e-07
3.63219e-07
4.05003e-07
4.86473e-07
5.35861e-07
4.44975e-07
3.70824e-07
3.35448e-07
3.22005e-07
3.38156e-07
3.88264e-07
4.83266e-07
6.63636e-07
8.52808e-07
1.50463e-06
1.23597e-06
9.79586e-07
9.384e-07
1.03053e-06
1.16493e-06
1.28761e-06
1.34989e-06
1.31615e-06
1.25315e-06
1.25118e-06
1.32228e-06
1.37684e-06
1.31553e-06
1.17672e-06
1.04369e-06
9.62217e-07
9.84884e-07
1.11257e-06
1.31433e-06
2.11603e-06
2.2192e-06
2.92341e-06
3.71255e-06
4.7177e-06
5.77126e-06
6.60061e-06
6.91172e-06
6.46723e-06
5.79559e-06
5.69578e-06
6.29649e-06
6.91487e-06
6.79276e-06
5.93142e-06
4.78735e-06
3.74478e-06
2.74892e-06
1.97625e-06
1.85155e-06
2.81973e-06
3.95131e-06
5.10479e-06
6.28292e-06
7.55919e-06
8.91854e-06
1.03168e-05
1.16772e-05
1.28513e-05
1.36105e-05
1.33395e-05
1.2431e-05
1.12316e-05
9.87946e-06
8.47279e-06
7.09961e-06
5.81601e-06
4.63915e-06
3.52751e-06
2.4865e-06
5.22126e-08
8.96394e-08
1.15169e-07
1.35877e-07
1.55219e-07
1.74954e-07
1.96559e-07
2.216e-07
2.51232e-07
2.49269e-07
1.96007e-07
1.55372e-07
1.5194e-07
1.54059e-07
1.5098e-07
1.40172e-07
1.23396e-07
1.02318e-07
7.74142e-08
4.64138e-08
6.74786e-08
8.56979e-08
1.02499e-07
1.18766e-07
1.3617e-07
1.57709e-07
1.89006e-07
2.38476e-07
3.03927e-07
3.157e-07
2.43225e-07
1.95364e-07
1.75237e-07
1.56054e-07
1.40074e-07
1.26591e-07
1.12981e-07
9.7755e-08
8.02822e-08
5.80641e-08
8.23285e-08
8.21633e-08
9.72818e-08
1.12325e-07
1.27723e-07
1.47569e-07
1.8187e-07
2.45682e-07
3.35098e-07
3.6388e-07
2.9725e-07
2.31974e-07
1.88375e-07
1.54697e-07
1.32551e-07
1.17825e-07
1.0501e-07
9.11353e-08
7.56233e-08
7.28876e-08
9.08645e-08
1.13883e-07
1.33717e-07
1.45988e-07
1.55019e-07
1.67488e-07
1.97591e-07
2.70852e-07
4.02236e-07
5.18391e-07
4.29804e-07
2.82537e-07
2.01031e-07
1.59016e-07
1.41565e-07
1.34419e-07
1.28167e-07
1.18101e-07
1.02463e-07
8.45208e-08
1.92772e-07
1.75204e-07
1.80387e-07
1.9237e-07
2.03599e-07
2.12404e-07
2.30351e-07
2.94345e-07
4.65356e-07
7.39169e-07
6.47539e-07
3.57116e-07
2.21257e-07
1.78147e-07
1.74571e-07
1.80219e-07
1.79253e-07
1.69531e-07
1.59585e-07
1.6414e-07
5.14153e-07
3.3209e-07
2.52783e-07
2.21137e-07
2.10975e-07
2.14175e-07
2.32786e-07
2.91251e-07
4.77042e-07
8.92531e-07
9.00167e-07
4.52207e-07
2.61423e-07
2.07037e-07
1.97413e-07
2.00612e-07
2.12349e-07
2.40415e-07
2.98666e-07
4.0834e-07
1.00251e-06
6.72446e-07
4.3928e-07
3.56085e-07
3.33563e-07
3.4215e-07
3.73721e-07
4.42417e-07
6.30513e-07
1.09434e-06
1.21626e-06
6.87022e-07
4.50505e-07
3.70451e-07
3.36404e-07
3.35283e-07
3.67794e-07
4.44614e-07
6.13637e-07
8.50207e-07
1.57374e-06
1.27841e-06
9.127e-07
9.34762e-07
1.09416e-06
1.28761e-06
1.44933e-06
1.5361e-06
1.59912e-06
1.88828e-06
1.92639e-06
1.57291e-06
1.52236e-06
1.46299e-06
1.30859e-06
1.12556e-06
9.80235e-07
9.33817e-07
1.129e-06
1.35405e-06
2.25884e-06
2.3734e-06
3.13581e-06
4.02217e-06
5.34262e-06
6.60061e-06
7.45321e-06
7.58121e-06
7.13691e-06
7.15505e-06
7.04818e-06
6.85735e-06
7.372e-06
7.46192e-06
6.63945e-06
5.31066e-06
3.97513e-06
2.93083e-06
2.08629e-06
1.95119e-06
3.04826e-06
4.33453e-06
5.65517e-06
7.03838e-06
8.60156e-06
1.03168e-05
1.21639e-05
1.41105e-05
1.60716e-05
1.77965e-05
1.74187e-05
1.54354e-05
1.34229e-05
1.1504e-05
9.68439e-06
7.99021e-06
6.45385e-06
5.09242e-06
3.83323e-06
2.66028e-06
5.20869e-08
8.96303e-08
1.17679e-07
1.41975e-07
1.65739e-07
1.91248e-07
2.216e-07
2.62137e-07
3.13513e-07
3.25292e-07
2.39343e-07
1.85013e-07
1.74393e-07
1.66988e-07
1.56685e-07
1.41824e-07
1.23524e-07
1.02146e-07
7.71872e-08
4.59636e-08
6.73174e-08
8.75239e-08
1.0895e-07
1.31379e-07
1.56864e-07
1.89213e-07
2.38475e-07
3.21668e-07
4.366e-07
5.16469e-07
3.48159e-07
2.58045e-07
2.18468e-07
1.80645e-07
1.5362e-07
1.33912e-07
1.16948e-07
9.99968e-08
8.12523e-08
5.81855e-08
8.53962e-08
8.20782e-08
1.01109e-07
1.23956e-07
1.50778e-07
1.86937e-07
2.45682e-07
3.61736e-07
5.75418e-07
9.37404e-07
6.8753e-07
3.61393e-07
2.51424e-07
1.86337e-07
1.48298e-07
1.24938e-07
1.07392e-07
9.08092e-08
7.3958e-08
7.24305e-08
9.96978e-08
1.00213e-07
1.21342e-07
1.43828e-07
1.68082e-07
2.01165e-07
2.70851e-07
4.44834e-07
8.53005e-07
1.77802e-06
1.46014e-06
5.91761e-07
3.14763e-07
2.02042e-07
1.57101e-07
1.36599e-07
1.22606e-07
1.07875e-07
8.96915e-08
8.45689e-08
1.35466e-07
1.37805e-07
1.63697e-07
1.87079e-07
2.05519e-07
2.28092e-07
2.94345e-07
5.30802e-07
1.25824e-06
3.03213e-06
2.71516e-06
9.52577e-07
3.8087e-07
2.17646e-07
1.80235e-07
1.72679e-07
1.67347e-07
1.5554e-07
1.39121e-07
1.34849e-07
4.69963e-07
2.81655e-07
2.18925e-07
2.04839e-07
2.09783e-07
2.295e-07
2.91251e-07
5.44532e-07
1.55144e-06
4.22898e-06
4.09262e-06
1.33727e-06
4.33327e-07
2.4253e-07
2.05339e-07
1.9804e-07
2.00349e-07
2.15854e-07
2.59546e-07
3.65469e-07
9.93923e-07
6.13621e-07
3.93046e-07
3.29258e-07
3.29169e-07
3.6322e-07
4.42417e-07
7.02723e-07
1.79466e-06
4.92438e-06
5.04274e-06
1.73049e-06
6.50281e-07
4.23878e-07
3.59917e-07
3.38206e-07
3.48608e-07
4.0161e-07
5.47443e-07
8.23945e-07
1.60293e-06
1.27165e-06
8.73231e-07
9.23172e-07
1.12565e-06
1.34989e-06
1.5361e-06
1.76263e-06
2.64585e-06
5.69866e-06
5.78904e-06
2.44939e-06
1.6407e-06
1.49746e-06
1.34833e-06
1.14546e-06
9.57182e-07
8.71442e-07
1.09416e-06
1.35005e-06
2.33796e-06
2.44778e-06
3.21594e-06
4.21236e-06
5.67141e-06
6.91172e-06
7.5812e-06
7.7083e-06
8.29072e-06
1.07103e-05
1.08021e-05
7.96998e-06
7.34784e-06
7.39938e-06
6.76336e-06
5.44417e-06
3.97506e-06
2.90296e-06
2.0999e-06
1.98317e-06
3.21372e-06
4.63456e-06
6.11098e-06
7.69828e-06
9.55775e-06
1.16772e-05
1.41105e-05
1.69606e-05
2.03277e-05
2.39502e-05
2.34515e-05
1.94118e-05
1.59619e-05
1.31635e-05
1.07979e-05
8.73717e-06
6.94207e-06
5.4162e-06
4.03814e-06
2.76443e-06
5.07708e-08
8.48257e-08
1.13631e-07
1.41258e-07
1.70797e-07
2.05514e-07
2.51232e-07
3.13513e-07
3.69143e-07
4.00644e-07
2.88062e-07
2.14141e-07
1.93132e-07
1.7365e-07
1.54432e-07
1.35099e-07
1.15489e-07
9.51241e-08
7.20627e-08
4.40955e-08
6.52435e-08
8.7352e-08
1.12655e-07
1.41171e-07
1.76621e-07
2.26115e-07
3.03926e-07
4.36599e-07
6.50399e-07
1.81236e-06
1.24326e-06
3.80041e-07
2.73129e-07
2.06018e-07
1.6451e-07
1.37165e-07
1.15834e-07
9.63245e-08
7.6559e-08
5.61216e-08
8.54945e-08
8.34501e-08
1.0532e-07
1.33753e-07
1.71685e-07
2.29486e-07
3.35097e-07
5.75418e-07
1.35446e-06
5.40846e-06
4.8108e-06
9.03715e-07
3.57343e-07
2.23781e-07
1.63846e-07
1.30301e-07
1.07528e-07
8.80793e-08
7.03407e-08
6.91347e-08
1.02967e-07
9.45521e-08
1.1637e-07
1.45322e-07
1.84396e-07
2.50301e-07
4.02236e-07
8.53006e-07
2.59605e-06
1.01012e-05
1.00578e-05
2.05011e-06
6.09791e-07
2.84064e-07
1.8063e-07
1.40849e-07
1.17656e-07
9.88318e-08
8.05679e-08
8.17911e-08
1.27368e-07
1.18615e-07
1.448e-07
1.7355e-07
2.06728e-07
2.6793e-07
4.65356e-07
1.25824e-06
4.46183e-06
1.56703e-05
1.64731e-05
3.90829e-06
9.73871e-07
3.26503e-07
1.98998e-07
1.66326e-07
1.50333e-07
1.34273e-07
1.13498e-07
9.84077e-08
4.25039e-07
2.35524e-07
1.86142e-07
1.89131e-07
2.13289e-07
2.68269e-07
4.77043e-07
1.55144e-06
6.39259e-06
2.08152e-05
2.23935e-05
5.94103e-06
1.21484e-06
3.58917e-07
2.27674e-07
1.9772e-07
1.87104e-07
1.9069e-07
2.21893e-07
3.24436e-07
9.58587e-07
5.78658e-07
3.59347e-07
3.08165e-07
3.30965e-07
4.05004e-07
6.30515e-07
1.79467e-06
7.55692e-06
2.36559e-05
2.55797e-05
7.24581e-06
1.49398e-06
5.47929e-07
3.92895e-07
3.42451e-07
3.26093e-07
3.54108e-07
4.78062e-07
7.72262e-07
1.57221e-06
1.20261e-06
8.31511e-07
8.76295e-07
1.08697e-06
1.31615e-06
1.59912e-06
2.64585e-06
8.14048e-06
2.29247e-05
2.4368e-05
7.61376e-06
2.20599e-06
1.45322e-06
1.26696e-06
1.06996e-06
8.69276e-07
7.79984e-07
1.0068e-06
1.29505e-06
2.31729e-06
2.38632e-06
3.07024e-06
4.07807e-06
5.45614e-06
6.46723e-06
7.13691e-06
8.29073e-06
1.21073e-05
2.00931e-05
2.08081e-05
1.17986e-05
7.70041e-06
6.71108e-06
6.12458e-06
5.03434e-06
3.62385e-06
2.62354e-06
1.98353e-06
1.92776e-06
3.27198e-06
4.78155e-06
6.37826e-06
8.13538e-06
1.02796e-05
1.28514e-05
1.60717e-05
2.03277e-05
2.60605e-05
3.25797e-05
3.18417e-05
2.47705e-05
1.8921e-05
1.477e-05
1.16874e-05
9.22758e-06
7.1888e-06
5.54436e-06
4.09445e-06
2.77004e-06
4.82101e-08
7.48888e-08
1.00331e-07
1.26721e-07
1.5677e-07
1.94801e-07
2.49269e-07
3.25293e-07
4.00645e-07
4.18651e-07
2.98158e-07
2.50488e-07
1.9881e-07
1.68708e-07
1.43113e-07
1.21043e-07
1.00895e-07
8.15029e-08
6.22326e-08
4.05129e-08
6.27567e-08
8.36636e-08
1.08483e-07
1.3652e-07
1.72015e-07
2.23985e-07
3.15702e-07
5.16473e-07
1.81237e-06
2.62779e-06
2.15262e-06
1.39162e-06
3.50134e-07
2.15391e-07
1.61817e-07
1.30459e-07
1.07308e-07
8.73086e-08
6.8291e-08
5.20633e-08
8.43559e-08
8.40023e-08
1.05286e-07
1.33325e-07
1.71152e-07
2.30683e-07
3.63883e-07
9.37414e-07
5.40848e-06
5.38687e-06
4.68641e-06
4.71586e-06
6.40246e-07
2.417e-07
1.63922e-07
1.28235e-07
1.03652e-07
8.3361e-08
6.57108e-08
6.36014e-08
1.02869e-07
9.27006e-08
1.12793e-07
1.42767e-07
1.85955e-07
2.67656e-07
5.18395e-07
1.77804e-06
1.01012e-05
8.92394e-06
8.15427e-06
9.69846e-06
1.30248e-06
3.48446e-07
1.92405e-07
1.41365e-07
1.11971e-07
9.07504e-08
7.34327e-08
7.64278e-08
1.38038e-07
1.16273e-07
1.31707e-07
1.6134e-07
2.08116e-07
3.14668e-07
7.39174e-07
3.03215e-06
1.56703e-05
1.32018e-05
1.25249e-05
1.61013e-05
2.41441e-06
5.139e-07
2.28559e-07
1.6579e-07
1.34746e-07
1.12506e-07
9.42391e-08
8.69268e-08
3.76968e-07
2.1271e-07
1.70228e-07
1.84405e-07
2.28339e-07
3.42787e-07
8.92537e-07
4.22901e-06
2.08152e-05
1.78074e-05
1.7356e-05
2.23903e-05
3.6635e-06
6.51489e-07
2.74543e-07
2.0523e-07
1.74428e-07
1.61277e-07
1.8037e-07
2.7799e-07
8.83087e-07
5.29408e-07
3.2713e-07
2.90365e-07
3.40707e-07
4.86475e-07
1.09435e-06
4.92441e-06
2.3656e-05
2.18136e-05
2.16199e-05
2.59963e-05
4.39527e-06
8.80107e-07
4.45041e-07
3.41674e-07
2.97273e-07
3.0516e-07
4.13524e-07
6.98627e-07
1.45073e-06
1.07144e-06
7.64827e-07
7.82136e-07
9.875e-07
1.25315e-06
1.88829e-06
5.6987e-06
2.29248e-05
2.37242e-05
2.3716e-05
2.49888e-05
4.62949e-06
1.54538e-06
1.13668e-06
9.23279e-07
7.23316e-07
6.56041e-07
8.87462e-07
1.19766e-06
2.13642e-06
2.11428e-06
2.57649e-06
3.59799e-06
4.83652e-06
5.79559e-06
7.15506e-06
1.07103e-05
2.00931e-05
2.46342e-05
2.45817e-05
2.105e-05
1.00095e-05
6.3832e-06
5.2112e-06
4.27879e-06
3.01273e-06
2.15108e-06
1.74063e-06
1.78814e-06
3.12421e-06
4.66715e-06
6.32127e-06
8.17472e-06
1.05686e-05
1.36105e-05
1.77965e-05
2.39502e-05
3.25797e-05
3.8248e-05
3.62946e-05
3.09995e-05
2.20852e-05
1.60876e-05
1.21595e-05
9.31847e-06
7.08518e-06
5.39704e-06
3.94733e-06
2.63464e-06
4.46435e-08
6.38343e-08
8.40979e-08
1.05679e-07
1.29989e-07
1.5929e-07
1.96008e-07
2.39345e-07
2.88065e-07
2.98161e-07
2.5152e-07
2.23686e-07
1.75963e-07
1.49281e-07
1.25616e-07
1.05077e-07
8.65554e-08
6.92804e-08
5.24305e-08
3.58189e-08
5.97521e-08
7.74797e-08
9.87548e-08
1.21306e-07
1.48168e-07
1.84869e-07
2.43227e-07
3.48163e-07
1.24328e-06
2.15264e-06
1.91041e-06
1.21534e-06
2.59855e-07
1.71926e-07
1.34958e-07
1.10746e-07
9.1643e-08
7.49313e-08
5.92704e-08
4.72025e-08
8.13709e-08
8.31403e-08
1.02049e-07
1.25834e-07
1.56727e-07
2.0274e-07
2.97253e-07
6.87541e-07
4.8109e-06
4.68644e-06
3.80885e-06
4.85878e-06
5.15388e-07
1.98815e-07
1.43608e-07
1.15617e-07
9.47342e-08
7.71517e-08
6.19498e-08
5.78401e-08
1.00799e-07
9.06605e-08
1.07671e-07
1.33163e-07
1.69685e-07
2.35748e-07
4.29809e-07
1.46017e-06
1.0058e-05
8.15429e-06
6.27326e-06
1.07603e-05
1.11212e-06
2.81099e-07
1.69601e-07
1.29224e-07
1.02752e-07
8.37787e-08
6.88803e-08
7.10645e-08
1.46439e-07
1.16435e-07
1.24793e-07
1.50437e-07
1.93927e-07
2.89141e-07
6.47548e-07
2.71521e-06
1.64734e-05
1.25248e-05
9.43663e-06
1.84863e-05
2.12609e-06
4.20557e-07
2.13041e-07
1.57466e-07
1.23329e-07
1.00839e-07
8.66157e-08
9.04591e-08
3.6289e-07
2.12927e-07
1.70394e-07
1.85148e-07
2.36367e-07
3.63371e-07
9.00178e-07
4.09269e-06
2.23939e-05
1.73559e-05
1.31621e-05
2.59988e-05
3.28061e-06
5.85312e-07
2.86131e-07
2.10648e-07
1.66885e-07
1.41064e-07
1.46637e-07
2.38201e-07
8.47896e-07
5.10386e-07
3.22493e-07
2.87154e-07
3.51458e-07
5.35864e-07
1.21628e-06
5.04282e-06
2.55802e-05
2.16198e-05
1.67754e-05
2.98266e-05
4.16086e-06
9.24964e-07
4.81852e-07
3.40229e-07
2.69197e-07
2.691e-07
3.83174e-07
6.63828e-07
1.4011e-06
1.03157e-06
7.6598e-07
7.56497e-07
9.68905e-07
1.25119e-06
1.9264e-06
5.78912e-06
2.43684e-05
2.37159e-05
1.90234e-05
2.75644e-05
4.35957e-06
1.51724e-06
1.10375e-06
8.63658e-07
6.55973e-07
6.05783e-07
8.63483e-07
1.17785e-06
2.06265e-06
2.06008e-06
2.51191e-06
3.59435e-06
4.78731e-06
5.6958e-06
7.04821e-06
1.08022e-05
2.08083e-05
2.45816e-05
2.07445e-05
2.21452e-05
9.97526e-06
6.21976e-06
5.11571e-06
4.20757e-06
2.96677e-06
2.13988e-06
1.74952e-06
1.7807e-06
3.03674e-06
4.57583e-06
6.22204e-06
8.0596e-06
1.03879e-05
1.33395e-05
1.74188e-05
2.34517e-05
3.18419e-05
3.62947e-05
3.12039e-05
2.93865e-05
2.11908e-05
1.55822e-05
1.18908e-05
9.18453e-06
7.0343e-06
5.40395e-06
3.96886e-06
2.64894e-06
3.99721e-08
5.50425e-08
7.18166e-08
8.95729e-08
1.08651e-07
1.29868e-07
1.55372e-07
1.85014e-07
2.14142e-07
2.5049e-07
2.23687e-07
1.71286e-07
1.47082e-07
1.26579e-07
1.0805e-07
9.15168e-08
7.63183e-08
6.15087e-08
4.65608e-08
3.19007e-08
5.56474e-08
7.00793e-08
8.83694e-08
1.07149e-07
1.28394e-07
1.55642e-07
1.95364e-07
2.58046e-07
3.80045e-07
1.39164e-06
1.21534e-06
2.68649e-07
1.7122e-07
1.34452e-07
1.11093e-07
9.38717e-08
7.9458e-08
6.62147e-08
5.32908e-08
4.36465e-08
7.67601e-08
8.06258e-08
9.71531e-08
1.16917e-07
1.41304e-07
1.75245e-07
2.31975e-07
3.61397e-07
9.0373e-07
4.71594e-06
4.8588e-06
6.64862e-07
2.19288e-07
1.47973e-07
1.18977e-07
1.00261e-07
8.54543e-08
7.20984e-08
5.94589e-08
5.31524e-08
9.69544e-08
8.77103e-08
1.01121e-07
1.21014e-07
1.47458e-07
1.89073e-07
2.8254e-07
5.9177e-07
2.05015e-06
9.69863e-06
1.07604e-05
1.57772e-06
3.40216e-07
1.76036e-07
1.31305e-07
1.08269e-07
9.14591e-08
7.80615e-08
6.59325e-08
6.63931e-08
1.56688e-07
1.1828e-07
1.19059e-07
1.37208e-07
1.66617e-07
2.17091e-07
3.57121e-07
9.52595e-07
3.90837e-06
1.61015e-05
1.84863e-05
3.12738e-06
5.37658e-07
2.16737e-07
1.55924e-07
1.29403e-07
1.0948e-07
9.50555e-08
8.48037e-08
9.2619e-08
3.9854e-07
2.33278e-07
1.76699e-07
1.79925e-07
2.12776e-07
2.74703e-07
4.52212e-07
1.33729e-06
5.94115e-06
2.23907e-05
2.59989e-05
4.86597e-06
7.72381e-07
2.88388e-07
2.13804e-07
1.78183e-07
1.50834e-07
1.36093e-07
1.48025e-07
2.48461e-07
8.91668e-07
5.50904e-07
3.56455e-07
3.05352e-07
3.42871e-07
4.44977e-07
6.87027e-07
1.73051e-06
7.24595e-06
2.59968e-05
2.98268e-05
6.09633e-06
1.17631e-06
5.63022e-07
4.13584e-07
3.20825e-07
2.62899e-07
2.69961e-07
4.05658e-07
7.00804e-07
1.46011e-06
1.11721e-06
8.98964e-07
8.71238e-07
1.09124e-06
1.32228e-06
1.57291e-06
2.44942e-06
7.61389e-06
2.49892e-05
2.75646e-05
6.18165e-06
1.86689e-06
1.38283e-06
1.18672e-06
9.51104e-07
7.31711e-07
6.79292e-07
9.49678e-07
1.24091e-06
2.15123e-06
2.27267e-06
3.01201e-06
4.23495e-06
5.45774e-06
6.29651e-06
6.85737e-06
7.97002e-06
1.17988e-05
2.10502e-05
2.21453e-05
1.08268e-05
7.13395e-06
6.39825e-06
5.78851e-06
4.75622e-06
3.46747e-06
2.57517e-06
1.95344e-06
1.87112e-06
3.10413e-06
4.61491e-06
6.219e-06
7.97524e-06
1.00186e-05
1.2431e-05
1.54355e-05
1.94119e-05
2.47707e-05
3.09997e-05
2.93865e-05
2.28261e-05
1.76733e-05
1.39929e-05
1.11925e-05
8.91218e-06
6.9981e-06
5.42722e-06
4.01907e-06
2.71402e-06
4.02959e-08
5.56359e-08
7.25271e-08
9.03362e-08
1.09315e-07
1.29877e-07
1.5194e-07
1.74393e-07
1.93133e-07
1.98811e-07
1.75964e-07
1.47082e-07
1.30419e-07
1.15758e-07
1.01886e-07
8.86199e-08
7.56983e-08
6.23898e-08
4.81126e-08
3.31147e-08
5.51862e-08
6.47784e-08
8.1517e-08
9.94081e-08
1.19463e-07
1.43685e-07
1.75237e-07
2.18469e-07
2.73131e-07
3.50138e-07
2.59855e-07
1.7122e-07
1.37147e-07
1.14572e-07
9.82227e-08
8.52883e-08
7.38821e-08
6.29587e-08
5.19075e-08
4.38143e-08
7.22017e-08
7.55714e-08
9.01451e-08
1.06854e-07
1.26248e-07
1.5128e-07
1.88377e-07
2.51426e-07
3.57347e-07
6.40255e-07
5.15391e-07
2.19288e-07
1.5035e-07
1.1909e-07
1.01077e-07
8.89813e-08
7.91574e-08
6.92456e-08
5.82058e-08
5.0626e-08
9.09422e-08
8.39476e-08
9.52367e-08
1.11064e-07
1.29823e-07
1.55012e-07
2.01033e-07
3.14767e-07
6.098e-07
1.3025e-06
1.11212e-06
3.40216e-07
1.77486e-07
1.27296e-07
1.06179e-07
9.47279e-08
8.62559e-08
7.75827e-08
6.68695e-08
6.4475e-08
1.64218e-07
1.2185e-07
1.17883e-07
1.29896e-07
1.48149e-07
1.72436e-07
2.21259e-07
3.80875e-07
9.73888e-07
2.41445e-06
2.12611e-06
5.37659e-07
2.11599e-07
1.43431e-07
1.24595e-07
1.1627e-07
1.09855e-07
1.02496e-07
9.37771e-08
1.03291e-07
4.36088e-07
2.59505e-07
1.87571e-07
1.76175e-07
1.89831e-07
2.14356e-07
2.61425e-07
4.33333e-07
1.21487e-06
3.66356e-06
3.28064e-06
7.72384e-07
2.76587e-07
1.92679e-07
1.71922e-07
1.61224e-07
1.53814e-07
1.54254e-07
1.78237e-07
2.88777e-07
9.20673e-07
5.98091e-07
3.86628e-07
3.07887e-07
3.19749e-07
3.70825e-07
4.50506e-07
6.50286e-07
1.494e-06
4.39534e-06
4.1609e-06
1.17631e-06
5.56662e-07
4.27112e-07
3.65027e-07
3.13549e-07
2.8235e-07
3.04449e-07
4.55692e-07
7.36869e-07
1.4744e-06
1.17017e-06
9.65777e-07
9.43278e-07
1.15439e-06
1.37685e-06
1.52236e-06
1.6407e-06
2.206e-06
4.62956e-06
4.3596e-06
1.86689e-06
1.49839e-06
1.41618e-06
1.26102e-06
1.03369e-06
8.18968e-07
7.63373e-07
1.00746e-06
1.26339e-06
2.15197e-06
2.33483e-06
3.21186e-06
4.54144e-06
5.86661e-06
6.91488e-06
7.37201e-06
7.34787e-06
7.70045e-06
1.00096e-05
9.9753e-06
7.13396e-06
6.97328e-06
6.90832e-06
6.17962e-06
5.00738e-06
3.72205e-06
2.75223e-06
2.01083e-06
1.87632e-06
3.02946e-06
4.4487e-06
5.93687e-06
7.52652e-06
9.28469e-06
1.12316e-05
1.3423e-05
1.5962e-05
1.89211e-05
2.20853e-05
2.11908e-05
1.76733e-05
1.47608e-05
1.23116e-05
1.0183e-05
8.30303e-06
6.64562e-06
5.20974e-06
3.89069e-06
2.65331e-06
4.24655e-08
6.19984e-08
8.11031e-08
9.99018e-08
1.1869e-07
1.37236e-07
1.54059e-07
1.66988e-07
1.73651e-07
1.68709e-07
1.49282e-07
1.26579e-07
1.15758e-07
1.07461e-07
9.92845e-08
9.02604e-08
8.05391e-08
6.86585e-08
5.39247e-08
3.63431e-08
5.64681e-08
6.33749e-08
7.93211e-08
9.62799e-08
1.14407e-07
1.34181e-07
1.56055e-07
1.80646e-07
2.0602e-07
2.15392e-07
1.71926e-07
1.34452e-07
1.14572e-07
1.00609e-07
8.984e-08
8.0807e-08
7.223e-08
6.31937e-08
5.33972e-08
4.63522e-08
7.02562e-08
7.14816e-08
8.4753e-08
9.91277e-08
1.14487e-07
1.3215e-07
1.54698e-07
1.86338e-07
2.23783e-07
2.41702e-07
1.98816e-07
1.47973e-07
1.1909e-07
1.01103e-07
9.01264e-08
8.30626e-08
7.68917e-08
6.9304e-08
5.91268e-08
5.19093e-08
8.80848e-08
8.36442e-08
9.47706e-08
1.08298e-07
1.2196e-07
1.37059e-07
1.59017e-07
2.02043e-07
2.84067e-07
3.48449e-07
2.811e-07
1.76036e-07
1.27296e-07
1.05244e-07
9.64824e-08
9.32258e-08
9.05734e-08
8.50455e-08
7.47834e-08
6.66285e-08
1.76559e-07
1.35411e-07
1.30375e-07
1.38961e-07
1.50187e-07
1.61773e-07
1.78148e-07
2.17648e-07
3.26507e-07
5.13906e-07
4.2056e-07
2.16737e-07
1.43431e-07
1.23258e-07
1.21316e-07
1.24379e-07
1.26385e-07
1.23934e-07
1.19224e-07
1.37058e-07
4.61462e-07
2.94159e-07
2.10882e-07
1.86656e-07
1.85378e-07
1.92828e-07
2.07037e-07
2.42531e-07
3.5892e-07
6.51496e-07
5.85317e-07
2.8839e-07
1.92679e-07
1.71029e-07
1.69219e-07
1.72376e-07
1.77574e-07
1.90334e-07
2.2968e-07
3.47168e-07
9.13324e-07
6.3431e-07
4.14436e-07
3.29271e-07
3.16046e-07
3.35449e-07
3.70452e-07
4.23879e-07
5.47931e-07
8.80113e-07
9.24969e-07
5.63024e-07
4.27112e-07
3.78216e-07
3.47646e-07
3.24062e-07
3.18103e-07
3.59131e-07
5.20546e-07
7.60842e-07
1.42914e-06
1.16909e-06
9.76493e-07
9.31125e-07
1.10436e-06
1.31553e-06
1.46299e-06
1.49746e-06
1.45322e-06
1.54539e-06
1.51725e-06
1.38283e-06
1.41618e-06
1.38586e-06
1.2554e-06
1.06031e-06
8.77121e-07
8.37476e-07
1.02183e-06
1.24698e-06
2.05688e-06
2.24412e-06
3.09311e-06
4.33878e-06
5.60039e-06
6.79277e-06
7.46193e-06
7.3994e-06
6.7111e-06
6.38322e-06
6.21977e-06
6.39826e-06
6.90832e-06
6.72467e-06
5.93201e-06
4.81648e-06
3.68448e-06
2.70883e-06
1.9593e-06
1.81333e-06
2.84594e-06
4.12285e-06
5.44756e-06
6.82994e-06
8.31201e-06
9.87949e-06
1.15041e-05
1.31636e-05
1.47701e-05
1.60877e-05
1.55822e-05
1.39929e-05
1.23116e-05
1.06299e-05
9.01234e-06
7.49195e-06
6.09353e-06
4.82816e-06
3.63733e-06
2.5105e-06
4.43048e-08
6.82973e-08
8.84784e-08
1.06614e-07
1.23549e-07
1.38966e-07
1.5098e-07
1.56685e-07
1.54433e-07
1.43114e-07
1.25617e-07
1.0805e-07
1.01886e-07
9.92845e-08
9.74586e-08
9.41139e-08
8.65406e-08
7.51869e-08
5.98818e-08
3.94275e-08
5.85778e-08
6.48661e-08
7.96541e-08
9.46999e-08
1.09974e-07
1.25334e-07
1.40075e-07
1.53621e-07
1.64511e-07
1.61819e-07
1.34959e-07
1.11093e-07
9.82229e-08
8.984e-08
8.33334e-08
7.80433e-08
7.21404e-08
6.46419e-08
5.57564e-08
4.92571e-08
7.14174e-08
7.07716e-08
8.29323e-08
9.50275e-08
1.06877e-07
1.19173e-07
1.32551e-07
1.48299e-07
1.63847e-07
1.63923e-07
1.43608e-07
1.18977e-07
1.01077e-07
9.01264e-08
8.43945e-08
8.14661e-08
7.82913e-08
7.25807e-08
6.33937e-08
5.69252e-08
9.0808e-08
9.22382e-08
1.03946e-07
1.14919e-07
1.23986e-07
1.32091e-07
1.41565e-07
1.57102e-07
1.80631e-07
1.92406e-07
1.69601e-07
1.31305e-07
1.06179e-07
9.64823e-08
9.62662e-08
9.97412e-08
1.02391e-07
1.00655e-07
9.18792e-08
7.7178e-08
2.01749e-07
1.64495e-07
1.56964e-07
1.61542e-07
1.6773e-07
1.7195e-07
1.74572e-07
1.80236e-07
1.98999e-07
2.28561e-07
2.13042e-07
1.55924e-07
1.24595e-07
1.21315e-07
1.30492e-07
1.42628e-07
1.51843e-07
1.56182e-07
1.61532e-07
1.91483e-07
4.75631e-07
3.3477e-07
2.47029e-07
2.12159e-07
1.98782e-07
1.95333e-07
1.97414e-07
2.0534e-07
2.27675e-07
2.74544e-07
2.86133e-07
2.13805e-07
1.71922e-07
1.69219e-07
1.7947e-07
1.93923e-07
2.11101e-07
2.37863e-07
2.96597e-07
4.07912e-07
8.77974e-07
6.51076e-07
4.51612e-07
3.55275e-07
3.23106e-07
3.22005e-07
3.36405e-07
3.59917e-07
3.92895e-07
4.45042e-07
4.81854e-07
4.13585e-07
3.65028e-07
3.47646e-07
3.42097e-07
3.44467e-07
3.62881e-07
4.19984e-07
5.68548e-07
7.70039e-07
1.34078e-06
1.12086e-06
9.69165e-07
8.97928e-07
1.01177e-06
1.17672e-06
1.30859e-06
1.34833e-06
1.26696e-06
1.13669e-06
1.10375e-06
1.18672e-06
1.26102e-06
1.2554e-06
1.16997e-06
1.03402e-06
9.06166e-07
9.00381e-07
9.99482e-07
1.19953e-06
1.89652e-06
2.06108e-06
2.80377e-06
3.88684e-06
4.88222e-06
5.93143e-06
6.63946e-06
6.76338e-06
6.1246e-06
5.21122e-06
5.11572e-06
5.78852e-06
6.17962e-06
5.932e-06
5.25943e-06
4.36816e-06
3.48145e-06
2.52841e-06
1.8359e-06
1.70071e-06
2.59165e-06
3.70064e-06
4.84342e-06
6.01327e-06
7.22797e-06
8.47281e-06
9.68442e-06
1.07979e-05
1.16874e-05
1.21596e-05
1.18909e-05
1.11925e-05
1.0183e-05
9.01234e-06
7.79421e-06
6.58863e-06
5.43511e-06
4.34824e-06
3.30438e-06
2.3121e-06
4.49265e-08
7.06302e-08
8.96014e-08
1.05351e-07
1.19429e-07
1.31673e-07
1.40172e-07
1.41825e-07
1.351e-07
1.21044e-07
1.05077e-07
9.15172e-08
8.862e-08
9.02603e-08
9.41138e-08
9.29912e-08
8.66894e-08
7.61423e-08
6.14757e-08
4.10641e-08
6.00263e-08
6.60566e-08
7.88798e-08
9.13589e-08
1.03869e-07
1.16099e-07
1.26592e-07
1.33912e-07
1.37166e-07
1.30461e-07
1.10747e-07
9.38721e-08
8.52884e-08
8.08071e-08
7.80433e-08
7.56406e-08
7.15604e-08
6.52913e-08
5.73329e-08
5.19282e-08
7.34554e-08
7.36793e-08
8.42966e-08
9.3466e-08
1.01787e-07
1.09999e-07
1.17825e-07
1.24938e-07
1.30302e-07
1.28235e-07
1.15618e-07
1.00261e-07
8.89814e-08
8.30626e-08
8.14661e-08
8.17513e-08
8.09656e-08
7.73118e-08
6.99165e-08
6.44356e-08
1.01219e-07
1.11247e-07
1.21403e-07
1.28281e-07
1.31513e-07
1.33131e-07
1.34419e-07
1.36599e-07
1.4085e-07
1.41365e-07
1.29224e-07
1.08269e-07
9.47279e-08
9.32257e-08
9.97411e-08
1.09194e-07
1.17008e-07
1.19579e-07
1.15474e-07
1.07668e-07
2.45672e-07
2.08233e-07
1.90693e-07
1.84747e-07
1.83619e-07
1.83453e-07
1.8022e-07
1.7268e-07
1.66327e-07
1.65791e-07
1.57467e-07
1.29404e-07
1.1627e-07
1.24379e-07
1.42628e-07
1.62634e-07
1.80058e-07
1.94973e-07
2.13476e-07
2.547e-07
4.90322e-07
3.78424e-07
2.93158e-07
2.46181e-07
2.20509e-07
2.06827e-07
2.00613e-07
1.98041e-07
1.9772e-07
2.0523e-07
2.10648e-07
1.78184e-07
1.61224e-07
1.72376e-07
1.93923e-07
2.20342e-07
2.5103e-07
2.91812e-07
3.58075e-07
4.59796e-07
8.30199e-07
6.45261e-07
4.93977e-07
3.97567e-07
3.54256e-07
3.38157e-07
3.35284e-07
3.38206e-07
3.42451e-07
3.41675e-07
3.4023e-07
3.20825e-07
3.13549e-07
3.24062e-07
3.44467e-07
3.72506e-07
4.13169e-07
4.83575e-07
5.9365e-07
7.64107e-07
1.22628e-06
1.03926e-06
9.56081e-07
9.06464e-07
9.48727e-07
1.04369e-06
1.12556e-06
1.14546e-06
1.06996e-06
9.23282e-07
8.6366e-07
9.51104e-07
1.03369e-06
1.06031e-06
1.03402e-06
9.75857e-07
9.27185e-07
9.18075e-07
9.52686e-07
1.12712e-06
1.69749e-06
1.83513e-06
2.44554e-06
3.35079e-06
4.10172e-06
4.78735e-06
5.31066e-06
5.44418e-06
5.03435e-06
4.2788e-06
4.20758e-06
4.75622e-06
5.00738e-06
4.81648e-06
4.36816e-06
3.79846e-06
3.07871e-06
2.24883e-06
1.66584e-06
1.55144e-06
2.29466e-06
3.23177e-06
4.19469e-06
5.16504e-06
6.13735e-06
7.09962e-06
7.99023e-06
8.73719e-06
9.22761e-06
9.31851e-06
9.18455e-06
8.91219e-06
8.30303e-06
7.49195e-06
6.58863e-06
5.65196e-06
4.72195e-06
3.81062e-06
2.9214e-06
2.07452e-06
4.40651e-08
6.76889e-08
8.36639e-08
9.63061e-08
1.07477e-07
1.17101e-07
1.23397e-07
1.23524e-07
1.1549e-07
1.00896e-07
8.65562e-08
7.63186e-08
7.56983e-08
8.05389e-08
8.65404e-08
8.66893e-08
8.13359e-08
7.18814e-08
5.90056e-08
4.14323e-08
5.95685e-08
6.4637e-08
7.50438e-08
8.48467e-08
9.47531e-08
1.04764e-07
1.12981e-07
1.16949e-07
1.15835e-07
1.07309e-07
9.16438e-08
7.94584e-08
7.38823e-08
7.223e-08
7.21404e-08
7.15603e-08
6.89054e-08
6.4044e-08
5.76422e-08
5.45493e-08
7.59401e-08
7.7957e-08
8.61742e-08
9.21556e-08
9.65761e-08
1.00961e-07
1.05011e-07
1.07392e-07
1.07528e-07
1.03653e-07
9.47346e-08
8.54546e-08
7.91575e-08
7.68917e-08
7.82912e-08
8.09655e-08
8.26709e-08
8.22497e-08
7.85492e-08
7.52725e-08
1.2796e-07
1.33711e-07
1.36613e-07
1.40054e-07
1.39144e-07
1.3396e-07
1.28167e-07
1.22607e-07
1.17657e-07
1.11972e-07
1.02752e-07
9.14593e-08
8.62558e-08
9.05731e-08
1.0239e-07
1.17008e-07
1.29905e-07
1.39931e-07
1.47342e-07
1.54503e-07
2.97783e-07
2.64261e-07
2.32928e-07
2.08008e-07
1.92677e-07
1.85061e-07
1.79254e-07
1.67348e-07
1.50334e-07
1.34746e-07
1.23329e-07
1.0948e-07
1.09855e-07
1.26384e-07
1.51842e-07
1.80058e-07
2.08821e-07
2.38016e-07
2.70368e-07
3.17433e-07
5.07332e-07
4.1706e-07
3.46471e-07
2.94211e-07
2.55291e-07
2.29052e-07
2.1235e-07
2.0035e-07
1.87105e-07
1.74428e-07
1.66886e-07
1.50834e-07
1.53814e-07
1.77574e-07
2.111e-07
2.5103e-07
2.95533e-07
3.43255e-07
4.05466e-07
5.01309e-07
7.78599e-07
6.24348e-07
5.31775e-07
4.69652e-07
4.18372e-07
3.88265e-07
3.67795e-07
3.48609e-07
3.26093e-07
2.97274e-07
2.69198e-07
2.62899e-07
2.8235e-07
3.18103e-07
3.6288e-07
4.13168e-07
4.72964e-07
5.2539e-07
5.97405e-07
7.45041e-07
1.09695e-06
9.45644e-07
9.33579e-07
9.4183e-07
9.33747e-07
9.62217e-07
9.80236e-07
9.57183e-07
8.69277e-07
7.23319e-07
6.55976e-07
7.31712e-07
8.18968e-07
8.7712e-07
9.06166e-07
9.27184e-07
9.27855e-07
9.03246e-07
8.91643e-07
1.03503e-06
1.47718e-06
1.60063e-06
2.06394e-06
2.69625e-06
3.35064e-06
3.74478e-06
3.97513e-06
3.97506e-06
3.62386e-06
3.01274e-06
2.96677e-06
3.46747e-06
3.72204e-06
3.68447e-06
3.48145e-06
3.07871e-06
2.49731e-06
1.91984e-06
1.47473e-06
1.37618e-06
1.97184e-06
2.74571e-06
3.53932e-06
4.32472e-06
5.09473e-06
5.81602e-06
6.45386e-06
6.94208e-06
7.18882e-06
7.0852e-06
7.03431e-06
6.99811e-06
6.64563e-06
6.09353e-06
5.43511e-06
4.72195e-06
3.98242e-06
3.24251e-06
2.50813e-06
1.80799e-06
4.18796e-08
6.01793e-08
7.20943e-08
8.14582e-08
8.99492e-08
9.74487e-08
1.02319e-07
1.02147e-07
9.51248e-08
8.15037e-08
6.9281e-08
6.1509e-08
6.23897e-08
6.86582e-08
7.51866e-08
7.61422e-08
7.18814e-08
6.41719e-08
5.4122e-08
4.0867e-08
5.72515e-08
5.99447e-08
6.75115e-08
7.49643e-08
8.27653e-08
9.09727e-08
9.77556e-08
9.99975e-08
9.63253e-08
8.73094e-08
7.49319e-08
6.6215e-08
6.29587e-08
6.31936e-08
6.46418e-08
6.52912e-08
6.4044e-08
6.12169e-08
5.74917e-08
5.75671e-08
7.82256e-08
7.9965e-08
8.46393e-08
8.76712e-08
8.90356e-08
9.00126e-08
9.11357e-08
9.08096e-08
8.80796e-08
8.33614e-08
7.7152e-08
7.20986e-08
6.92457e-08
6.93039e-08
7.25806e-08
7.73116e-08
8.22497e-08
8.68619e-08
8.98317e-08
9.31532e-08
1.70803e-07
1.64803e-07
1.47668e-07
1.40952e-07
1.38601e-07
1.30883e-07
1.18101e-07
1.07876e-07
9.88323e-08
9.07507e-08
8.37789e-08
7.80616e-08
7.75826e-08
8.50452e-08
1.00654e-07
1.19579e-07
1.39931e-07
1.64034e-07
1.90132e-07
2.11932e-07
3.45036e-07
3.26285e-07
2.85233e-07
2.37031e-07
2.01808e-07
1.81336e-07
1.69532e-07
1.55541e-07
1.34274e-07
1.12507e-07
1.00839e-07
9.50556e-08
1.02495e-07
1.23933e-07
1.56182e-07
1.94973e-07
2.38016e-07
2.82683e-07
3.26795e-07
3.74032e-07
5.19315e-07
4.45429e-07
3.99403e-07
3.58802e-07
3.09629e-07
2.70113e-07
2.40416e-07
2.15855e-07
1.90691e-07
1.61278e-07
1.41065e-07
1.36093e-07
1.54254e-07
1.90334e-07
2.37862e-07
2.91812e-07
3.43255e-07
3.89338e-07
4.39014e-07
5.30479e-07
7.21241e-07
6.02961e-07
5.69762e-07
5.50954e-07
5.25963e-07
4.83268e-07
4.44615e-07
4.01611e-07
3.54109e-07
3.0516e-07
2.69101e-07
2.69961e-07
3.04449e-07
3.59131e-07
4.19984e-07
4.83575e-07
5.2539e-07
5.54644e-07
5.89723e-07
7.13416e-07
9.58426e-07
8.62175e-07
9.06607e-07
9.56628e-07
9.90505e-07
9.84885e-07
9.33819e-07
8.71445e-07
7.79986e-07
6.56044e-07
6.05785e-07
6.79293e-07
7.63373e-07
8.37475e-07
9.00381e-07
9.18075e-07
9.03246e-07
8.65208e-07
8.25205e-07
9.27095e-07
1.24614e-06
1.37871e-06
1.70518e-06
2.07203e-06
2.44338e-06
2.74892e-06
2.93083e-06
2.90296e-06
2.62355e-06
2.15109e-06
2.13989e-06
2.57518e-06
2.75223e-06
2.70883e-06
2.52841e-06
2.24883e-06
1.91984e-06
1.58538e-06
1.2799e-06
1.18299e-06
1.63228e-06
2.25822e-06
2.89669e-06
3.51198e-06
4.10133e-06
4.63916e-06
5.09242e-06
5.41621e-06
5.54437e-06
5.39705e-06
5.40396e-06
5.42722e-06
5.20974e-06
4.82816e-06
4.34824e-06
3.81062e-06
3.24251e-06
2.66418e-06
2.07829e-06
1.51886e-06
3.89309e-08
5.01055e-08
5.74474e-08
6.3316e-08
6.88844e-08
7.4031e-08
7.74146e-08
7.71876e-08
7.20632e-08
6.22332e-08
5.2431e-08
4.6561e-08
4.81125e-08
5.39244e-08
5.98816e-08
6.14756e-08
5.90055e-08
5.4122e-08
4.78928e-08
3.93177e-08
5.30809e-08
5.27948e-08
5.7335e-08
6.25191e-08
6.85208e-08
7.50369e-08
8.02827e-08
8.12529e-08
7.65596e-08
6.82916e-08
5.92708e-08
5.3291e-08
5.19074e-08
5.33971e-08
5.57563e-08
5.73328e-08
5.76421e-08
5.74916e-08
5.75294e-08
6.03226e-08
8.18822e-08
7.758e-08
7.81194e-08
7.84723e-08
7.73996e-08
7.64693e-08
7.56236e-08
7.39583e-08
7.03411e-08
6.57111e-08
6.195e-08
5.94589e-08
5.82057e-08
5.91267e-08
6.33935e-08
6.99163e-08
7.8549e-08
8.98315e-08
1.0351e-07
1.18713e-07
2.16804e-07
2.06542e-07
1.62715e-07
1.35551e-07
1.25377e-07
1.17018e-07
1.02464e-07
8.9692e-08
8.05684e-08
7.3433e-08
6.88805e-08
6.59325e-08
6.68693e-08
7.4783e-08
9.18787e-08
1.15473e-07
1.47342e-07
1.90132e-07
2.37865e-07
2.67732e-07
3.79566e-07
3.7791e-07
3.35966e-07
2.72747e-07
2.15966e-07
1.81453e-07
1.59586e-07
1.39122e-07
1.13499e-07
9.42393e-08
8.66159e-08
8.48037e-08
9.37766e-08
1.19223e-07
1.61531e-07
2.13475e-07
2.70367e-07
3.26795e-07
3.75864e-07
4.16904e-07
5.17351e-07
4.6904e-07
4.5643e-07
4.3498e-07
3.94303e-07
3.41294e-07
2.98667e-07
2.59547e-07
2.21894e-07
1.80371e-07
1.46638e-07
1.48025e-07
1.78237e-07
2.29679e-07
2.96596e-07
3.58074e-07
4.05466e-07
4.39014e-07
4.6451e-07
5.40692e-07
6.55989e-07
5.9272e-07
6.24844e-07
6.53143e-07
6.71845e-07
6.63637e-07
6.13638e-07
5.47444e-07
4.78063e-07
4.13524e-07
3.83175e-07
4.05658e-07
4.55692e-07
5.20545e-07
5.68547e-07
5.9365e-07
5.97405e-07
5.89723e-07
5.7808e-07
6.65385e-07
8.13593e-07
7.93089e-07
8.91907e-07
9.78845e-07
1.05736e-06
1.11258e-06
1.129e-06
1.09417e-06
1.0068e-06
8.87464e-07
8.63485e-07
9.49679e-07
1.00746e-06
1.02183e-06
9.99482e-07
9.52686e-07
8.91643e-07
8.25205e-07
7.5523e-07
8.04332e-07
1.00925e-06
1.16026e-06
1.38813e-06
1.60028e-06
1.80384e-06
1.97625e-06
2.08629e-06
2.0999e-06
1.98353e-06
1.74063e-06
1.74952e-06
1.95344e-06
2.01083e-06
1.9593e-06
1.8359e-06
1.66584e-06
1.47473e-06
1.2799e-06
1.0798e-06
9.74283e-07
1.27511e-06
1.76845e-06
2.26445e-06
2.72462e-06
3.15067e-06
3.52751e-06
3.83323e-06
4.03814e-06
4.09445e-06
3.94734e-06
3.96886e-06
4.01907e-06
3.89069e-06
3.63733e-06
3.30438e-06
2.9214e-06
2.50813e-06
2.07829e-06
1.63185e-06
1.20415e-06
3.61131e-08
3.96162e-08
4.20057e-08
4.36464e-08
4.49227e-08
4.59235e-08
4.64139e-08
4.59638e-08
4.40957e-08
4.05131e-08
3.58192e-08
3.19009e-08
3.31147e-08
3.6343e-08
3.94273e-08
4.1064e-08
4.14322e-08
4.08669e-08
3.93177e-08
3.58539e-08
4.78035e-08
5.30107e-08
5.38926e-08
5.40695e-08
5.50337e-08
5.66254e-08
5.80643e-08
5.81858e-08
5.61219e-08
5.20636e-08
4.72027e-08
4.36466e-08
4.38142e-08
4.6352e-08
4.92568e-08
5.1928e-08
5.45491e-08
5.7567e-08
6.03225e-08
6.11879e-08
8.98691e-08
7.68333e-08
6.9717e-08
6.84006e-08
6.95953e-08
7.14088e-08
7.28882e-08
7.24311e-08
6.91354e-08
6.36019e-08
5.78402e-08
5.31524e-08
5.06258e-08
5.1909e-08
5.69249e-08
6.44352e-08
7.52721e-08
9.31528e-08
1.18713e-07
1.47106e-07
2.52947e-07
2.18665e-07
1.68449e-07
1.27885e-07
1.01441e-07
8.53192e-08
8.45212e-08
8.45695e-08
8.17917e-08
7.64283e-08
7.10648e-08
6.6393e-08
6.44748e-08
6.66281e-08
7.71774e-08
1.07667e-07
1.54502e-07
2.11931e-07
2.67732e-07
3.09727e-07
3.95829e-07
3.8567e-07
3.5339e-07
3.00967e-07
2.41329e-07
1.95342e-07
1.64141e-07
1.3485e-07
9.84088e-08
8.69263e-08
9.04585e-08
9.26184e-08
1.03291e-07
1.37056e-07
1.91481e-07
2.54699e-07
3.17432e-07
3.74031e-07
4.16904e-07
4.36697e-07
4.98808e-07
5.307e-07
5.34448e-07
5.1662e-07
4.88872e-07
4.50963e-07
4.0834e-07
3.65468e-07
3.24435e-07
2.7799e-07
2.38201e-07
2.48461e-07
2.88776e-07
3.47167e-07
4.0791e-07
4.59795e-07
5.01308e-07
5.30479e-07
5.40692e-07
5.25045e-07
5.8883e-07
6.83494e-07
7.53114e-07
8.01321e-07
8.34881e-07
8.52809e-07
8.50208e-07
8.23946e-07
7.72264e-07
6.98628e-07
6.63829e-07
7.00805e-07
7.36869e-07
7.60842e-07
7.70038e-07
7.64107e-07
7.45041e-07
7.13416e-07
6.65385e-07
5.99472e-07
6.83039e-07
8.52629e-07
1.00615e-06
1.13469e-06
1.23889e-06
1.31433e-06
1.35405e-06
1.35005e-06
1.29505e-06
1.19766e-06
1.17785e-06
1.24092e-06
1.26339e-06
1.24698e-06
1.19953e-06
1.12712e-06
1.03503e-06
9.27095e-07
8.04333e-07
6.76959e-07
7.94258e-07
1.05059e-06
1.29744e-06
1.51423e-06
1.70155e-06
1.85155e-06
1.95119e-06
1.98317e-06
1.92777e-06
1.78814e-06
1.7807e-06
1.87112e-06
1.87632e-06
1.81333e-06
1.70071e-06
1.55144e-06
1.37619e-06
1.18299e-06
9.74284e-07
7.68978e-07
9.39508e-07
1.31689e-06
1.67457e-06
1.98632e-06
2.2586e-06
2.4865e-06
2.66028e-06
2.76444e-06
2.77004e-06
2.63464e-06
2.64895e-06
2.71402e-06
2.65331e-06
2.5105e-06
2.3121e-06
2.07453e-06
1.80799e-06
1.51887e-06
1.20415e-06
8.91902e-07
)
;

boundaryField
{
    floor
    {
        type            compressible::epsilonWallFunction;
        Cmu             0.09;
        kappa           0.41;
        E               9.8;
        value           nonuniform List<scalar> 
400
(
4.42259e-08
4.56887e-08
4.71793e-08
4.87382e-08
5.02082e-08
5.14657e-08
5.22126e-08
5.20869e-08
5.07708e-08
4.82101e-08
4.46435e-08
3.99721e-08
4.02959e-08
4.24655e-08
4.43048e-08
4.49265e-08
4.40651e-08
4.18796e-08
3.89309e-08
3.61131e-08
4.56888e-08
5.42754e-08
6.201e-08
6.98262e-08
7.78982e-08
8.51974e-08
8.96394e-08
8.96303e-08
8.48257e-08
7.48888e-08
6.38343e-08
5.50425e-08
5.56359e-08
6.19984e-08
6.82973e-08
7.06302e-08
6.76889e-08
6.01793e-08
5.01055e-08
3.96162e-08
4.71793e-08
6.201e-08
7.42563e-08
8.5752e-08
9.71834e-08
1.07707e-07
1.15169e-07
1.17679e-07
1.13631e-07
1.00331e-07
8.40979e-08
7.18166e-08
7.25271e-08
8.11031e-08
8.84784e-08
8.96014e-08
8.36639e-08
7.20943e-08
5.74474e-08
4.20057e-08
4.87382e-08
6.98261e-08
8.5752e-08
9.96936e-08
1.13112e-07
1.25698e-07
1.35877e-07
1.41975e-07
1.41258e-07
1.26721e-07
1.05679e-07
8.95729e-08
9.03362e-08
9.99018e-08
1.06614e-07
1.05351e-07
9.63061e-08
8.14582e-08
6.3316e-08
4.36464e-08
5.02082e-08
7.78981e-08
9.71832e-08
1.13112e-07
1.28014e-07
1.42296e-07
1.55219e-07
1.65739e-07
1.70797e-07
1.5677e-07
1.29989e-07
1.08651e-07
1.09315e-07
1.1869e-07
1.23549e-07
1.19429e-07
1.07477e-07
8.99492e-08
6.88844e-08
4.49227e-08
5.14656e-08
8.51972e-08
1.07706e-07
1.25698e-07
1.42295e-07
1.58648e-07
1.74954e-07
1.91248e-07
2.05514e-07
1.94801e-07
1.5929e-07
1.29868e-07
1.29877e-07
1.37236e-07
1.38966e-07
1.31673e-07
1.17101e-07
9.74487e-08
7.4031e-08
4.59235e-08
5.22125e-08
8.96392e-08
1.15169e-07
1.35877e-07
1.55219e-07
1.74953e-07
1.96559e-07
2.216e-07
2.51232e-07
2.49269e-07
1.96008e-07
1.55372e-07
1.5194e-07
1.54059e-07
1.5098e-07
1.40172e-07
1.23397e-07
1.02319e-07
7.74146e-08
4.64139e-08
5.20868e-08
8.963e-08
1.17679e-07
1.41975e-07
1.65738e-07
1.91248e-07
2.216e-07
2.62137e-07
3.13513e-07
3.25293e-07
2.39345e-07
1.85014e-07
1.74393e-07
1.66988e-07
1.56685e-07
1.41825e-07
1.23524e-07
1.02147e-07
7.71876e-08
4.59638e-08
5.07707e-08
8.48255e-08
1.13631e-07
1.41257e-07
1.70796e-07
2.05513e-07
2.51232e-07
3.13513e-07
3.69143e-07
4.00645e-07
2.88065e-07
2.14142e-07
1.93133e-07
1.73651e-07
1.54433e-07
1.351e-07
1.1549e-07
9.51248e-08
7.20632e-08
4.40957e-08
4.82099e-08
7.48885e-08
1.00331e-07
1.26721e-07
1.56769e-07
1.94801e-07
2.49269e-07
3.25292e-07
4.00644e-07
4.18651e-07
2.98161e-07
2.5049e-07
1.98811e-07
1.68709e-07
1.43114e-07
1.21044e-07
1.00896e-07
8.15037e-08
6.22332e-08
4.05131e-08
4.46434e-08
6.38341e-08
8.40976e-08
1.05679e-07
1.29988e-07
1.5929e-07
1.96007e-07
2.39343e-07
2.88062e-07
2.98158e-07
2.5152e-07
2.23687e-07
1.75964e-07
1.49282e-07
1.25617e-07
1.05077e-07
8.65562e-08
6.9281e-08
5.2431e-08
3.58192e-08
3.99721e-08
5.50424e-08
7.18165e-08
8.95727e-08
1.08651e-07
1.29868e-07
1.55372e-07
1.85013e-07
2.14141e-07
2.50488e-07
2.23686e-07
1.71286e-07
1.47082e-07
1.26579e-07
1.0805e-07
9.15172e-08
7.63186e-08
6.1509e-08
4.6561e-08
3.19009e-08
4.02959e-08
5.56359e-08
7.25272e-08
9.03363e-08
1.09315e-07
1.29877e-07
1.5194e-07
1.74393e-07
1.93132e-07
1.9881e-07
1.75963e-07
1.47082e-07
1.30419e-07
1.15758e-07
1.01886e-07
8.862e-08
7.56983e-08
6.23897e-08
4.81125e-08
3.31147e-08
4.24655e-08
6.19984e-08
8.11032e-08
9.99019e-08
1.1869e-07
1.37236e-07
1.54059e-07
1.66988e-07
1.7365e-07
1.68708e-07
1.49281e-07
1.26579e-07
1.15758e-07
1.07461e-07
9.92845e-08
9.02603e-08
8.05389e-08
6.86582e-08
5.39244e-08
3.6343e-08
4.43049e-08
6.82973e-08
8.84784e-08
1.06614e-07
1.23549e-07
1.38966e-07
1.5098e-07
1.56685e-07
1.54432e-07
1.43113e-07
1.25616e-07
1.0805e-07
1.01886e-07
9.92845e-08
9.74586e-08
9.41138e-08
8.65404e-08
7.51866e-08
5.98816e-08
3.94273e-08
4.49266e-08
7.06302e-08
8.96014e-08
1.05351e-07
1.19429e-07
1.31672e-07
1.40172e-07
1.41824e-07
1.35099e-07
1.21043e-07
1.05077e-07
9.15168e-08
8.86199e-08
9.02604e-08
9.41139e-08
9.29912e-08
8.66893e-08
7.61422e-08
6.14756e-08
4.1064e-08
4.40651e-08
6.76889e-08
8.36638e-08
9.63059e-08
1.07477e-07
1.17101e-07
1.23396e-07
1.23524e-07
1.15489e-07
1.00895e-07
8.65554e-08
7.63183e-08
7.56983e-08
8.05391e-08
8.65406e-08
8.66894e-08
8.13359e-08
7.18814e-08
5.90055e-08
4.14322e-08
4.18797e-08
6.01794e-08
7.20943e-08
8.1458e-08
8.99489e-08
9.74484e-08
1.02318e-07
1.02146e-07
9.51241e-08
8.15029e-08
6.92804e-08
6.15087e-08
6.23898e-08
6.86585e-08
7.51869e-08
7.61423e-08
7.18814e-08
6.41719e-08
5.4122e-08
4.08669e-08
3.8931e-08
5.01055e-08
5.74473e-08
6.33159e-08
6.88842e-08
7.40308e-08
7.74142e-08
7.71872e-08
7.20627e-08
6.22326e-08
5.24305e-08
4.65608e-08
4.81126e-08
5.39247e-08
5.98818e-08
6.14757e-08
5.90056e-08
5.4122e-08
4.78928e-08
3.93177e-08
3.61131e-08
3.96163e-08
4.20057e-08
4.36464e-08
4.49227e-08
4.59235e-08
4.64138e-08
4.59636e-08
4.40955e-08
4.05129e-08
3.58189e-08
3.19007e-08
3.31147e-08
3.63431e-08
3.94275e-08
4.10641e-08
4.14323e-08
4.0867e-08
3.93177e-08
3.58539e-08
)
;
    }
    ceiling
    {
        type            compressible::epsilonWallFunction;
        Cmu             0.09;
        kappa           0.41;
        E               9.8;
        value           nonuniform List<scalar> 
400
(
1.07378e-06
1.48893e-06
1.88663e-06
2.23553e-06
2.54672e-06
2.81973e-06
3.04826e-06
3.21372e-06
3.27198e-06
3.12421e-06
3.03674e-06
3.10413e-06
3.02946e-06
2.84594e-06
2.59165e-06
2.29466e-06
1.97184e-06
1.63228e-06
1.27511e-06
9.39508e-07
1.48893e-06
2.02217e-06
2.55614e-06
3.05208e-06
3.51922e-06
3.95131e-06
4.33453e-06
4.63456e-06
4.78155e-06
4.66715e-06
4.57583e-06
4.61491e-06
4.4487e-06
4.12285e-06
3.70064e-06
3.23177e-06
2.74571e-06
2.25822e-06
1.76845e-06
1.31689e-06
1.88663e-06
2.55613e-06
3.23147e-06
3.87934e-06
4.50696e-06
5.10479e-06
5.65517e-06
6.11098e-06
6.37826e-06
6.32127e-06
6.22204e-06
6.219e-06
5.93687e-06
5.44756e-06
4.84342e-06
4.19469e-06
3.53932e-06
2.89669e-06
2.26445e-06
1.67457e-06
2.23553e-06
3.05208e-06
3.87934e-06
4.69127e-06
5.49378e-06
6.28292e-06
7.03838e-06
7.69828e-06
8.13538e-06
8.17472e-06
8.0596e-06
7.97524e-06
7.52652e-06
6.82994e-06
6.01327e-06
5.16504e-06
4.32472e-06
3.51198e-06
2.72462e-06
1.98632e-06
2.54672e-06
3.51922e-06
4.50696e-06
5.49378e-06
6.51013e-06
7.55919e-06
8.60156e-06
9.55775e-06
1.02796e-05
1.05686e-05
1.03879e-05
1.00186e-05
9.28469e-06
8.31201e-06
7.22797e-06
6.13735e-06
5.09473e-06
4.10133e-06
3.15067e-06
2.2586e-06
2.81973e-06
3.95131e-06
5.10479e-06
6.28292e-06
7.55919e-06
8.91854e-06
1.03168e-05
1.16772e-05
1.28514e-05
1.36105e-05
1.33395e-05
1.2431e-05
1.12316e-05
9.87949e-06
8.47281e-06
7.09962e-06
5.81602e-06
4.63916e-06
3.52751e-06
2.4865e-06
3.04826e-06
4.33453e-06
5.65517e-06
7.03838e-06
8.60156e-06
1.03168e-05
1.21639e-05
1.41105e-05
1.60717e-05
1.77965e-05
1.74188e-05
1.54355e-05
1.3423e-05
1.15041e-05
9.68442e-06
7.99023e-06
6.45386e-06
5.09242e-06
3.83323e-06
2.66028e-06
3.21372e-06
4.63456e-06
6.11098e-06
7.69827e-06
9.55774e-06
1.16772e-05
1.41105e-05
1.69606e-05
2.03277e-05
2.39502e-05
2.34517e-05
1.94119e-05
1.5962e-05
1.31636e-05
1.07979e-05
8.73719e-06
6.94208e-06
5.41621e-06
4.03814e-06
2.76444e-06
3.27198e-06
4.78155e-06
6.37826e-06
8.13537e-06
1.02796e-05
1.28513e-05
1.60716e-05
2.03277e-05
2.60605e-05
3.25797e-05
3.18419e-05
2.47707e-05
1.89211e-05
1.47701e-05
1.16874e-05
9.22761e-06
7.18882e-06
5.54437e-06
4.09445e-06
2.77004e-06
3.12421e-06
4.66714e-06
6.32127e-06
8.17471e-06
1.05685e-05
1.36105e-05
1.77965e-05
2.39502e-05
3.25797e-05
3.8248e-05
3.62947e-05
3.09997e-05
2.20853e-05
1.60877e-05
1.21596e-05
9.31851e-06
7.0852e-06
5.39705e-06
3.94734e-06
2.63464e-06
3.03674e-06
4.57582e-06
6.22203e-06
8.05957e-06
1.03878e-05
1.33395e-05
1.74187e-05
2.34515e-05
3.18417e-05
3.62946e-05
3.12039e-05
2.93865e-05
2.11908e-05
1.55822e-05
1.18909e-05
9.18455e-06
7.03431e-06
5.40396e-06
3.96886e-06
2.64895e-06
3.10413e-06
4.6149e-06
6.21899e-06
7.97521e-06
1.00186e-05
1.2431e-05
1.54354e-05
1.94118e-05
2.47705e-05
3.09995e-05
2.93865e-05
2.28261e-05
1.76733e-05
1.39929e-05
1.11925e-05
8.91219e-06
6.99811e-06
5.42722e-06
4.01907e-06
2.71402e-06
3.02945e-06
4.44869e-06
5.93686e-06
7.5265e-06
9.28466e-06
1.12316e-05
1.34229e-05
1.59619e-05
1.8921e-05
2.20852e-05
2.11908e-05
1.76733e-05
1.47608e-05
1.23116e-05
1.0183e-05
8.30303e-06
6.64563e-06
5.20974e-06
3.89069e-06
2.65331e-06
2.84594e-06
4.12284e-06
5.44755e-06
6.82993e-06
8.31199e-06
9.87946e-06
1.1504e-05
1.31635e-05
1.477e-05
1.60876e-05
1.55822e-05
1.39929e-05
1.23116e-05
1.06299e-05
9.01234e-06
7.49195e-06
6.09353e-06
4.82816e-06
3.63733e-06
2.5105e-06
2.59165e-06
3.70063e-06
4.84342e-06
6.01326e-06
7.22795e-06
8.47279e-06
9.68439e-06
1.07979e-05
1.16874e-05
1.21595e-05
1.18908e-05
1.11925e-05
1.0183e-05
9.01234e-06
7.79421e-06
6.58863e-06
5.43511e-06
4.34824e-06
3.30438e-06
2.3121e-06
2.29466e-06
3.23177e-06
4.19469e-06
5.16503e-06
6.13734e-06
7.09961e-06
7.99021e-06
8.73717e-06
9.22758e-06
9.31847e-06
9.18453e-06
8.91218e-06
8.30303e-06
7.49195e-06
6.58863e-06
5.65196e-06
4.72195e-06
3.81062e-06
2.9214e-06
2.07453e-06
1.97184e-06
2.74571e-06
3.53932e-06
4.32472e-06
5.09472e-06
5.81601e-06
6.45385e-06
6.94207e-06
7.1888e-06
7.08518e-06
7.0343e-06
6.9981e-06
6.64562e-06
6.09353e-06
5.43511e-06
4.72195e-06
3.98242e-06
3.24251e-06
2.50813e-06
1.80799e-06
1.63228e-06
2.25822e-06
2.89669e-06
3.51198e-06
4.10133e-06
4.63915e-06
5.09242e-06
5.4162e-06
5.54436e-06
5.39704e-06
5.40395e-06
5.42722e-06
5.20974e-06
4.82816e-06
4.34824e-06
3.81062e-06
3.24251e-06
2.66418e-06
2.07829e-06
1.51887e-06
1.27511e-06
1.76846e-06
2.26446e-06
2.72463e-06
3.15067e-06
3.52751e-06
3.83323e-06
4.03814e-06
4.09445e-06
3.94733e-06
3.96886e-06
4.01907e-06
3.89069e-06
3.63733e-06
3.30438e-06
2.9214e-06
2.50813e-06
2.07829e-06
1.63185e-06
1.20415e-06
9.39507e-07
1.31689e-06
1.67458e-06
1.98632e-06
2.2586e-06
2.4865e-06
2.66028e-06
2.76443e-06
2.77004e-06
2.63464e-06
2.64894e-06
2.71402e-06
2.65331e-06
2.5105e-06
2.3121e-06
2.07452e-06
1.80799e-06
1.51886e-06
1.20415e-06
8.91902e-07
)
;
    }
    fixedWalls
    {
        type            compressible::epsilonWallFunction;
        Cmu             0.09;
        kappa           0.41;
        E               9.8;
        value           nonuniform List<scalar> 
800
(
4.42259e-08
6.66391e-08
1.57613e-07
3.13769e-07
4.42401e-07
5.50633e-07
6.54083e-07
7.67893e-07
9.01675e-07
1.07378e-06
4.56887e-08
6.48243e-08
1.31495e-07
2.86937e-07
4.4388e-07
5.98355e-07
7.65967e-07
9.555e-07
1.18468e-06
1.48893e-06
4.71793e-08
6.41426e-08
1.04289e-07
2.42281e-07
4.1772e-07
6.16934e-07
8.55496e-07
1.13159e-06
1.46201e-06
1.88663e-06
4.87382e-08
6.46049e-08
8.78459e-08
1.87334e-07
3.72218e-07
6.08598e-07
9.17579e-07
1.28034e-06
1.7094e-06
2.23553e-06
5.02082e-08
6.54572e-08
8.15872e-08
1.44584e-07
3.11638e-07
5.85925e-07
9.62032e-07
1.40521e-06
1.9294e-06
2.54672e-06
5.14657e-08
6.64959e-08
8.04003e-08
1.05567e-07
2.51299e-07
5.55044e-07
9.91169e-07
1.50463e-06
2.11603e-06
2.81973e-06
5.22126e-08
6.74786e-08
8.23285e-08
9.08645e-08
1.92772e-07
5.14153e-07
1.00251e-06
1.57374e-06
2.25884e-06
3.04826e-06
5.20869e-08
6.73174e-08
8.53962e-08
9.96978e-08
1.35466e-07
4.69963e-07
9.93923e-07
1.60293e-06
2.33796e-06
3.21372e-06
5.07708e-08
6.52435e-08
8.54945e-08
1.02967e-07
1.27368e-07
4.25039e-07
9.58587e-07
1.57221e-06
2.31729e-06
3.27198e-06
4.82101e-08
6.27567e-08
8.43559e-08
1.02869e-07
1.38038e-07
3.76968e-07
8.83087e-07
1.45073e-06
2.13642e-06
3.12421e-06
4.46435e-08
5.97521e-08
8.13709e-08
1.00799e-07
1.46439e-07
3.6289e-07
8.47896e-07
1.4011e-06
2.06265e-06
3.03674e-06
3.99721e-08
5.56474e-08
7.67601e-08
9.69544e-08
1.56688e-07
3.9854e-07
8.91668e-07
1.46011e-06
2.15123e-06
3.10413e-06
4.02959e-08
5.51862e-08
7.22017e-08
9.09422e-08
1.64218e-07
4.36088e-07
9.20673e-07
1.4744e-06
2.15197e-06
3.02946e-06
4.24655e-08
5.64681e-08
7.02562e-08
8.80848e-08
1.76559e-07
4.61462e-07
9.13324e-07
1.42914e-06
2.05688e-06
2.84594e-06
4.43048e-08
5.85778e-08
7.14174e-08
9.0808e-08
2.01749e-07
4.75631e-07
8.77974e-07
1.34078e-06
1.89652e-06
2.59165e-06
4.49265e-08
6.00263e-08
7.34554e-08
1.01219e-07
2.45672e-07
4.90322e-07
8.30199e-07
1.22628e-06
1.69749e-06
2.29466e-06
4.40651e-08
5.95685e-08
7.59401e-08
1.2796e-07
2.97783e-07
5.07332e-07
7.78599e-07
1.09695e-06
1.47718e-06
1.97184e-06
4.18796e-08
5.72515e-08
7.82256e-08
1.70803e-07
3.45036e-07
5.19315e-07
7.21241e-07
9.58426e-07
1.24614e-06
1.63228e-06
3.89309e-08
5.30809e-08
8.18822e-08
2.16804e-07
3.79566e-07
5.17351e-07
6.55989e-07
8.13593e-07
1.00925e-06
1.27511e-06
3.61131e-08
4.78035e-08
8.98691e-08
2.52947e-07
3.95829e-07
4.98808e-07
5.8883e-07
6.83039e-07
7.94258e-07
9.39508e-07
3.61131e-08
4.78037e-08
8.98692e-08
2.52945e-07
3.95826e-07
4.98805e-07
5.88827e-07
6.83036e-07
7.94257e-07
9.39507e-07
3.96163e-08
5.30107e-08
7.68335e-08
2.18663e-07
3.85668e-07
5.30698e-07
6.83492e-07
8.52628e-07
1.05059e-06
1.31689e-06
4.20057e-08
5.38925e-08
6.97169e-08
1.68448e-07
3.53388e-07
5.34446e-07
7.53113e-07
1.00615e-06
1.29744e-06
1.67458e-06
4.36464e-08
5.40694e-08
6.84003e-08
1.27885e-07
3.00966e-07
5.16619e-07
8.0132e-07
1.13469e-06
1.51423e-06
1.98632e-06
4.49227e-08
5.50337e-08
6.9595e-08
1.01441e-07
2.41328e-07
4.88871e-07
8.3488e-07
1.23889e-06
1.70155e-06
2.2586e-06
4.59235e-08
5.66253e-08
7.14085e-08
8.53191e-08
1.95341e-07
4.50962e-07
8.52808e-07
1.31433e-06
1.85155e-06
2.4865e-06
4.64138e-08
5.80641e-08
7.28876e-08
8.45208e-08
1.6414e-07
4.0834e-07
8.50207e-07
1.35405e-06
1.95119e-06
2.66028e-06
4.59636e-08
5.81855e-08
7.24305e-08
8.45689e-08
1.34849e-07
3.65469e-07
8.23945e-07
1.35005e-06
1.98317e-06
2.76443e-06
4.40955e-08
5.61216e-08
6.91347e-08
8.17911e-08
9.84077e-08
3.24436e-07
7.72262e-07
1.29505e-06
1.92776e-06
2.77004e-06
4.05129e-08
5.20633e-08
6.36014e-08
7.64278e-08
8.69268e-08
2.7799e-07
6.98627e-07
1.19766e-06
1.78814e-06
2.63464e-06
3.58189e-08
4.72025e-08
5.78401e-08
7.10645e-08
9.04591e-08
2.38201e-07
6.63828e-07
1.17785e-06
1.7807e-06
2.64894e-06
3.19007e-08
4.36465e-08
5.31524e-08
6.63931e-08
9.2619e-08
2.48461e-07
7.00804e-07
1.24091e-06
1.87112e-06
2.71402e-06
3.31147e-08
4.38143e-08
5.0626e-08
6.4475e-08
1.03291e-07
2.88777e-07
7.36869e-07
1.26339e-06
1.87632e-06
2.65331e-06
3.63431e-08
4.63522e-08
5.19093e-08
6.66285e-08
1.37058e-07
3.47168e-07
7.60842e-07
1.24698e-06
1.81333e-06
2.5105e-06
3.94275e-08
4.92571e-08
5.69252e-08
7.7178e-08
1.91483e-07
4.07912e-07
7.70039e-07
1.19953e-06
1.70071e-06
2.3121e-06
4.10641e-08
5.19282e-08
6.44356e-08
1.07668e-07
2.547e-07
4.59796e-07
7.64107e-07
1.12712e-06
1.55144e-06
2.07452e-06
4.14323e-08
5.45493e-08
7.52725e-08
1.54503e-07
3.17433e-07
5.01309e-07
7.45041e-07
1.03503e-06
1.37618e-06
1.80799e-06
4.0867e-08
5.75671e-08
9.31532e-08
2.11932e-07
3.74032e-07
5.30479e-07
7.13416e-07
9.27095e-07
1.18299e-06
1.51886e-06
3.93177e-08
6.03226e-08
1.18713e-07
2.67732e-07
4.16904e-07
5.40692e-07
6.65385e-07
8.04332e-07
9.74283e-07
1.20415e-06
3.58539e-08
6.11879e-08
1.47106e-07
3.09727e-07
4.36697e-07
5.25045e-07
5.99472e-07
6.76959e-07
7.68978e-07
8.91902e-07
4.42259e-08
6.66391e-08
1.57613e-07
3.13769e-07
4.42401e-07
5.50633e-07
6.54083e-07
7.67893e-07
9.01675e-07
1.07378e-06
4.56888e-08
6.48243e-08
1.31496e-07
2.86937e-07
4.4388e-07
5.98355e-07
7.65967e-07
9.55499e-07
1.18468e-06
1.48893e-06
4.71793e-08
6.41426e-08
1.04289e-07
2.42281e-07
4.1772e-07
6.16934e-07
8.55496e-07
1.13159e-06
1.462e-06
1.88663e-06
4.87382e-08
6.46049e-08
8.78459e-08
1.87335e-07
3.72218e-07
6.08598e-07
9.17578e-07
1.28034e-06
1.7094e-06
2.23553e-06
5.02082e-08
6.54571e-08
8.15871e-08
1.44585e-07
3.11638e-07
5.85925e-07
9.62031e-07
1.40521e-06
1.9294e-06
2.54672e-06
5.14656e-08
6.64958e-08
8.04002e-08
1.05568e-07
2.513e-07
5.55044e-07
9.91169e-07
1.50463e-06
2.11603e-06
2.81973e-06
5.22125e-08
6.74784e-08
8.23282e-08
9.08642e-08
1.92772e-07
5.14152e-07
1.00251e-06
1.57374e-06
2.25884e-06
3.04826e-06
5.20868e-08
6.73172e-08
8.53958e-08
9.96974e-08
1.35466e-07
4.69962e-07
9.93922e-07
1.60293e-06
2.33796e-06
3.21372e-06
5.07707e-08
6.52433e-08
8.54942e-08
1.02966e-07
1.27367e-07
4.25039e-07
9.58587e-07
1.57221e-06
2.31729e-06
3.27198e-06
4.82099e-08
6.27566e-08
8.43556e-08
1.02869e-07
1.38038e-07
3.76968e-07
8.83087e-07
1.45073e-06
2.13641e-06
3.12421e-06
4.46434e-08
5.9752e-08
8.13707e-08
1.00798e-07
1.4644e-07
3.6289e-07
8.47896e-07
1.40109e-06
2.06265e-06
3.03674e-06
3.99721e-08
5.56474e-08
7.67599e-08
9.69542e-08
1.56688e-07
3.9854e-07
8.91667e-07
1.46011e-06
2.15122e-06
3.10413e-06
4.02959e-08
5.51862e-08
7.22016e-08
9.09421e-08
1.64218e-07
4.36088e-07
9.20671e-07
1.4744e-06
2.15197e-06
3.02945e-06
4.24655e-08
5.64681e-08
7.02561e-08
8.80849e-08
1.7656e-07
4.61462e-07
9.13323e-07
1.42914e-06
2.05688e-06
2.84594e-06
4.43049e-08
5.85778e-08
7.14173e-08
9.08083e-08
2.01749e-07
4.75631e-07
8.77973e-07
1.34078e-06
1.89652e-06
2.59165e-06
4.49266e-08
6.00263e-08
7.34553e-08
1.0122e-07
2.45672e-07
4.90322e-07
8.30198e-07
1.22628e-06
1.69749e-06
2.29466e-06
4.40651e-08
5.95685e-08
7.59401e-08
1.2796e-07
2.97782e-07
5.07331e-07
7.78599e-07
1.09695e-06
1.47718e-06
1.97184e-06
4.18797e-08
5.72515e-08
7.82258e-08
1.70802e-07
3.45034e-07
5.19313e-07
7.2124e-07
9.58426e-07
1.24615e-06
1.63228e-06
3.8931e-08
5.30809e-08
8.18825e-08
2.16802e-07
3.79563e-07
5.17348e-07
6.55987e-07
8.13592e-07
1.00925e-06
1.27511e-06
3.61131e-08
4.78037e-08
8.98692e-08
2.52945e-07
3.95826e-07
4.98805e-07
5.88827e-07
6.83036e-07
7.94257e-07
9.39507e-07
3.61131e-08
4.78035e-08
8.98691e-08
2.52947e-07
3.95829e-07
4.98808e-07
5.8883e-07
6.83039e-07
7.94258e-07
9.39508e-07
3.96162e-08
5.30107e-08
7.68333e-08
2.18665e-07
3.8567e-07
5.307e-07
6.83494e-07
8.52629e-07
1.05059e-06
1.31689e-06
4.20057e-08
5.38926e-08
6.9717e-08
1.68449e-07
3.5339e-07
5.34448e-07
7.53114e-07
1.00615e-06
1.29744e-06
1.67457e-06
4.36464e-08
5.40695e-08
6.84006e-08
1.27885e-07
3.00967e-07
5.1662e-07
8.01321e-07
1.13469e-06
1.51423e-06
1.98632e-06
4.49227e-08
5.50337e-08
6.95953e-08
1.01441e-07
2.41329e-07
4.88872e-07
8.34881e-07
1.23889e-06
1.70155e-06
2.2586e-06
4.59235e-08
5.66254e-08
7.14088e-08
8.53192e-08
1.95342e-07
4.50963e-07
8.52809e-07
1.31433e-06
1.85155e-06
2.4865e-06
4.64139e-08
5.80643e-08
7.28882e-08
8.45212e-08
1.64141e-07
4.0834e-07
8.50208e-07
1.35405e-06
1.95119e-06
2.66028e-06
4.59638e-08
5.81858e-08
7.24311e-08
8.45695e-08
1.3485e-07
3.65468e-07
8.23946e-07
1.35005e-06
1.98317e-06
2.76444e-06
4.40957e-08
5.61219e-08
6.91354e-08
8.17917e-08
9.84088e-08
3.24435e-07
7.72264e-07
1.29505e-06
1.92777e-06
2.77004e-06
4.05131e-08
5.20636e-08
6.36019e-08
7.64283e-08
8.69263e-08
2.7799e-07
6.98628e-07
1.19766e-06
1.78814e-06
2.63464e-06
3.58192e-08
4.72027e-08
5.78402e-08
7.10648e-08
9.04585e-08
2.38201e-07
6.63829e-07
1.17785e-06
1.7807e-06
2.64895e-06
3.19009e-08
4.36466e-08
5.31524e-08
6.6393e-08
9.26184e-08
2.48461e-07
7.00805e-07
1.24092e-06
1.87112e-06
2.71402e-06
3.31147e-08
4.38142e-08
5.06258e-08
6.44748e-08
1.03291e-07
2.88776e-07
7.36869e-07
1.26339e-06
1.87632e-06
2.65331e-06
3.6343e-08
4.6352e-08
5.1909e-08
6.66281e-08
1.37056e-07
3.47167e-07
7.60842e-07
1.24698e-06
1.81333e-06
2.5105e-06
3.94273e-08
4.92568e-08
5.69249e-08
7.71774e-08
1.91481e-07
4.0791e-07
7.70038e-07
1.19953e-06
1.70071e-06
2.3121e-06
4.1064e-08
5.1928e-08
6.44352e-08
1.07667e-07
2.54699e-07
4.59795e-07
7.64107e-07
1.12712e-06
1.55144e-06
2.07453e-06
4.14322e-08
5.45491e-08
7.52721e-08
1.54502e-07
3.17432e-07
5.01308e-07
7.45041e-07
1.03503e-06
1.37619e-06
1.80799e-06
4.08669e-08
5.7567e-08
9.31528e-08
2.11931e-07
3.74031e-07
5.30479e-07
7.13416e-07
9.27095e-07
1.18299e-06
1.51887e-06
3.93177e-08
6.03225e-08
1.18713e-07
2.67732e-07
4.16904e-07
5.40692e-07
6.65385e-07
8.04333e-07
9.74284e-07
1.20415e-06
3.58539e-08
6.11879e-08
1.47106e-07
3.09727e-07
4.36697e-07
5.25045e-07
5.99472e-07
6.76959e-07
7.68978e-07
8.91902e-07
)
;
    }
}


// ************************************************************************* //
