/*--------------------------------*- C++ -*----------------------------------*\
| =========                 |                                                 |
| \\      /  F ield         | OpenFOAM: The Open Source CFD Toolbox           |
|  \\    /   O peration     | Version:  1.7.1                                 |
|   \\  /    A nd           | Web:      www.OpenFOAM.com                      |
|    \\/     M anipulation  |                                                 |
\*---------------------------------------------------------------------------*/
FoamFile
{
    version     2.0;
    format      ascii;
    class       volScalarField;
    location    "800";
    object      k;
}
// * * * * * * * * * * * * * * * * * * * * * * * * * * * * * * * * * * * * * //

dimensions      [0 2 -2 0 0 0 0];

internalField   nonuniform List<scalar> 
4000
(
9.05899e-06
9.25946e-06
9.46238e-06
9.67295e-06
9.87033e-06
1.00375e-05
1.01378e-05
1.01254e-05
9.95869e-06
9.62496e-06
9.14207e-06
8.48177e-06
8.52451e-06
8.83412e-06
9.09056e-06
9.17684e-06
9.05871e-06
8.75451e-06
8.3362e-06
7.92857e-06
1.18957e-05
1.16691e-05
1.15973e-05
1.16664e-05
1.17887e-05
1.19281e-05
1.20567e-05
1.20438e-05
1.18021e-05
1.1501e-05
1.11246e-05
1.06029e-05
1.0533e-05
1.06936e-05
1.09601e-05
1.11416e-05
1.10839e-05
1.07888e-05
1.02466e-05
9.54358e-06
2.14244e-05
1.88597e-05
1.60654e-05
1.43021e-05
1.36247e-05
1.35348e-05
1.37791e-05
1.41207e-05
1.41274e-05
1.39952e-05
1.36727e-05
1.31599e-05
1.26278e-05
1.24002e-05
1.25316e-05
1.27644e-05
1.30356e-05
1.32611e-05
1.36766e-05
1.4617e-05
3.39666e-05
3.19288e-05
2.83942e-05
2.37582e-05
2.00046e-05
1.62208e-05
1.4705e-05
1.56646e-05
1.60089e-05
1.60282e-05
1.58585e-05
1.55017e-05
1.4875e-05
1.45553e-05
1.48052e-05
1.58727e-05
1.85658e-05
2.25515e-05
2.64666e-05
2.93375e-05
4.26879e-05
4.26922e-05
4.08737e-05
3.77205e-05
3.32746e-05
2.8732e-05
2.41861e-05
1.92651e-05
1.86666e-05
1.98042e-05
2.06834e-05
2.16841e-05
2.23429e-05
2.33144e-05
2.5314e-05
2.87639e-05
3.26597e-05
3.60249e-05
3.8401e-05
3.94995e-05
4.93652e-05
5.20576e-05
5.29718e-05
5.23416e-05
5.09118e-05
4.90604e-05
4.66269e-05
4.41199e-05
4.1529e-05
3.86361e-05
3.7861e-05
4.02449e-05
4.25484e-05
4.39525e-05
4.4668e-05
4.54941e-05
4.65192e-05
4.72659e-05
4.71738e-05
4.60654e-05
5.53177e-05
6.13015e-05
6.58118e-05
6.88234e-05
7.09448e-05
7.23432e-05
7.29264e-05
7.26023e-05
7.10186e-05
6.74047e-05
6.57643e-05
6.79871e-05
6.93663e-05
6.89002e-05
6.70372e-05
6.45434e-05
6.18348e-05
5.8782e-05
5.5222e-05
5.14302e-05
6.14833e-05
7.09344e-05
7.92238e-05
8.58993e-05
9.13252e-05
9.55576e-05
9.84771e-05
9.97418e-05
9.85395e-05
9.34961e-05
9.14761e-05
9.40385e-05
9.4634e-05
9.26595e-05
8.87762e-05
8.36352e-05
7.76507e-05
7.0994e-05
6.36938e-05
5.67382e-05
6.83284e-05
8.17424e-05
9.38629e-05
0.000104048
0.000112717
0.000119839
0.000125177
0.00012812
0.000127426
0.000120791
0.000118148
0.000121553
0.000121596
0.000117982
0.000111758
0.000103793
9.46169e-05
8.45039e-05
7.34725e-05
6.26881e-05
7.66465e-05
9.5043e-05
0.000111097
0.000124276
0.000135479
0.000144961
0.000152691
0.000158189
0.000160135
0.00015537
0.000152656
0.000154952
0.000152477
0.00014627
0.000137434
0.000126737
0.000114577
0.000101054
8.5776e-05
7.00532e-05
9.25946e-06
1.03826e-05
1.13453e-05
1.22797e-05
1.32116e-05
1.40297e-05
1.45258e-05
1.45477e-05
1.40555e-05
1.29594e-05
1.1639e-05
1.05054e-05
1.05903e-05
1.13882e-05
1.21401e-05
1.24075e-05
1.2054e-05
1.11396e-05
9.85759e-06
8.43187e-06
1.16691e-05
1.4333e-05
1.60683e-05
1.78923e-05
2.01131e-05
2.2408e-05
2.41983e-05
2.49699e-05
2.44946e-05
2.26149e-05
2.03554e-05
1.8763e-05
1.88036e-05
1.95221e-05
2.01158e-05
1.99788e-05
1.88363e-05
1.67484e-05
1.39441e-05
1.02374e-05
1.88597e-05
2.00285e-05
1.98701e-05
2.06351e-05
2.19072e-05
2.30396e-05
2.43726e-05
2.5513e-05
2.58885e-05
2.52915e-05
2.4445e-05
2.37763e-05
2.29945e-05
2.2161e-05
2.1454e-05
2.09204e-05
2.02658e-05
1.89671e-05
1.67367e-05
1.31075e-05
3.19288e-05
3.51791e-05
3.15593e-05
2.75941e-05
2.60662e-05
2.64177e-05
2.79602e-05
2.7608e-05
2.7364e-05
2.68551e-05
2.58709e-05
2.45285e-05
2.28934e-05
2.16531e-05
2.1855e-05
2.3105e-05
2.40144e-05
2.56097e-05
2.81653e-05
2.65286e-05
4.26922e-05
4.60669e-05
4.4233e-05
3.97809e-05
3.43128e-05
3.07897e-05
2.84693e-05
2.66963e-05
2.7251e-05
2.74467e-05
2.6769e-05
2.53719e-05
2.38651e-05
2.40266e-05
2.63564e-05
3.0115e-05
3.48252e-05
3.96843e-05
4.26445e-05
3.87528e-05
5.20576e-05
5.39081e-05
5.4345e-05
5.32839e-05
5.03319e-05
4.52989e-05
4.0681e-05
3.65351e-05
3.30619e-05
3.17816e-05
3.19558e-05
3.28137e-05
3.40968e-05
3.68234e-05
4.04084e-05
4.41874e-05
4.73299e-05
4.92523e-05
4.9715e-05
4.79265e-05
6.13015e-05
6.3959e-05
6.74615e-05
7.02544e-05
7.22329e-05
7.19043e-05
6.77468e-05
6.28629e-05
5.95226e-05
5.50011e-05
5.30723e-05
5.60358e-05
5.98726e-05
6.30862e-05
6.47291e-05
6.43695e-05
6.25853e-05
6.05193e-05
5.83455e-05
5.66972e-05
7.09345e-05
7.77597e-05
8.56053e-05
9.29358e-05
0.000100247
0.000106403
0.000110055
0.000109493
0.000103519
9.24612e-05
8.79583e-05
9.37499e-05
9.80545e-05
9.85756e-05
9.54897e-05
8.97087e-05
8.27946e-05
7.65039e-05
7.05757e-05
6.56466e-05
8.17425e-05
9.78926e-05
0.000112963
0.000126991
0.000140673
0.000152453
0.000160909
0.000164023
0.000158872
0.000141133
0.000136175
0.000148576
0.000153321
0.000149483
0.000140122
0.000127882
0.000114729
0.000102015
8.87793e-05
7.53824e-05
9.5043e-05
0.000116318
0.000135813
0.000152743
0.000167892
0.000181348
0.000192912
0.000201759
0.000206068
0.000202886
0.000200459
0.000201669
0.000196832
0.000187115
0.000174114
0.000159078
0.000142706
0.000125295
0.000106498
8.75603e-05
9.46238e-06
1.13453e-05
1.27916e-05
1.40797e-05
1.5306e-05
1.63957e-05
1.71583e-05
1.74391e-05
1.70876e-05
1.5764e-05
1.39969e-05
1.25472e-05
1.26478e-05
1.3626e-05
1.44261e-05
1.45381e-05
1.38825e-05
1.25667e-05
1.08001e-05
8.76756e-06
1.15973e-05
1.60683e-05
1.87571e-05
2.12896e-05
2.41581e-05
2.72305e-05
3.00772e-05
3.21033e-05
3.24169e-05
2.98934e-05
2.63441e-05
2.41531e-05
2.44013e-05
2.51912e-05
2.54085e-05
2.46078e-05
2.26824e-05
1.96749e-05
1.5712e-05
1.0354e-05
1.60653e-05
1.98701e-05
2.20766e-05
2.40556e-05
2.59985e-05
2.80694e-05
3.05989e-05
3.30442e-05
3.41212e-05
3.31268e-05
3.15393e-05
3.03518e-05
2.922e-05
2.80376e-05
2.68083e-05
2.56643e-05
2.42535e-05
2.20255e-05
1.85997e-05
1.22868e-05
2.83942e-05
3.15593e-05
3.01162e-05
2.93434e-05
3.0419e-05
3.26321e-05
3.48529e-05
3.54959e-05
3.58847e-05
3.51166e-05
3.34133e-05
3.12294e-05
2.8958e-05
2.73983e-05
2.73322e-05
2.82377e-05
2.78636e-05
2.63449e-05
2.53556e-05
2.21823e-05
4.08737e-05
4.42329e-05
4.21792e-05
3.78624e-05
3.45274e-05
3.32352e-05
3.3805e-05
3.57134e-05
3.7061e-05
3.59679e-05
3.41197e-05
3.12821e-05
2.85812e-05
2.8013e-05
2.94022e-05
3.14885e-05
3.44687e-05
3.81303e-05
4.04593e-05
3.64738e-05
5.29718e-05
5.43451e-05
5.25138e-05
4.95019e-05
4.49562e-05
4.11541e-05
3.81961e-05
3.59096e-05
3.43049e-05
3.47743e-05
3.52904e-05
3.39399e-05
3.24892e-05
3.32898e-05
3.61929e-05
4.02772e-05
4.46872e-05
4.81827e-05
5.01252e-05
4.80328e-05
6.58118e-05
6.74615e-05
6.74377e-05
6.66508e-05
6.39277e-05
6.00037e-05
5.60608e-05
5.20805e-05
4.89306e-05
4.58807e-05
4.55021e-05
4.75969e-05
4.9385e-05
5.17144e-05
5.49946e-05
5.82257e-05
6.03408e-05
6.1607e-05
6.22856e-05
6.03493e-05
7.92239e-05
8.56053e-05
9.2429e-05
9.86198e-05
0.000102841
0.000102238
9.92337e-05
9.64783e-05
9.25222e-05
8.58885e-05
8.40444e-05
9.22206e-05
9.70904e-05
9.79223e-05
9.63923e-05
9.32895e-05
8.8937e-05
8.40905e-05
7.9062e-05
7.31691e-05
9.38629e-05
0.000112963
0.00013873
0.000166371
0.000192179
0.000212272
0.000226003
0.000231171
0.000224337
0.000201185
0.000195082
0.000214318
0.000223025
0.00021591
0.000198454
0.000175774
0.000150457
0.000125931
0.000103288
8.66266e-05
0.000111098
0.000135813
0.000158645
0.000179101
0.000197876
0.000215002
0.000230227
0.000242504
0.000249609
0.000248261
0.000245924
0.000245915
0.000238459
0.000225183
0.000208202
0.000189155
0.000168892
0.00014778
0.000125434
0.000102628
9.67295e-06
1.22797e-05
1.40797e-05
1.55653e-05
1.69305e-05
1.81641e-05
1.91429e-05
1.97488e-05
1.97494e-05
1.84206e-05
1.62979e-05
1.45365e-05
1.46442e-05
1.56564e-05
1.63305e-05
1.61907e-05
1.52462e-05
1.36337e-05
1.15255e-05
8.99511e-06
1.16664e-05
1.78924e-05
2.12896e-05
2.42275e-05
2.74021e-05
3.09275e-05
3.46679e-05
3.80389e-05
3.94547e-05
3.64332e-05
3.15107e-05
2.87476e-05
2.9298e-05
3.00206e-05
2.97231e-05
2.8251e-05
2.56641e-05
2.20303e-05
1.72968e-05
1.03757e-05
1.43021e-05
2.06351e-05
2.40555e-05
2.65658e-05
2.89385e-05
3.18446e-05
3.57739e-05
4.00005e-05
4.21105e-05
4.07821e-05
3.82096e-05
3.63338e-05
3.47432e-05
3.30343e-05
3.11273e-05
2.92186e-05
2.70708e-05
2.41307e-05
1.99337e-05
1.21438e-05
2.37582e-05
2.75941e-05
2.93433e-05
3.14649e-05
3.42554e-05
3.69549e-05
3.97624e-05
4.26297e-05
4.43885e-05
4.37006e-05
4.10492e-05
3.7806e-05
3.47022e-05
3.25064e-05
3.17179e-05
3.19314e-05
3.12232e-05
2.80962e-05
2.39803e-05
1.84623e-05
3.77205e-05
3.97808e-05
3.78624e-05
3.59113e-05
3.52665e-05
3.64603e-05
3.96007e-05
4.37011e-05
4.57938e-05
4.49819e-05
4.24673e-05
3.82484e-05
3.42622e-05
3.28398e-05
3.33293e-05
3.35555e-05
3.39159e-05
3.48658e-05
3.55504e-05
3.26003e-05
5.23416e-05
5.32839e-05
4.95019e-05
4.49335e-05
4.14524e-05
3.93592e-05
3.86842e-05
3.90333e-05
4.02927e-05
4.28843e-05
4.371e-05
4.03473e-05
3.60812e-05
3.43554e-05
3.539e-05
3.79204e-05
4.16063e-05
4.58487e-05
4.88633e-05
4.68375e-05
6.88235e-05
7.02544e-05
6.66508e-05
6.20035e-05
5.78405e-05
5.50428e-05
5.31354e-05
5.15618e-05
5.05298e-05
4.99773e-05
5.0549e-05
5.04018e-05
4.80659e-05
4.8654e-05
5.02861e-05
5.32583e-05
5.81092e-05
6.22619e-05
6.52334e-05
6.27808e-05
8.58994e-05
9.29358e-05
9.86198e-05
0.000102898
0.000103885
0.000106104
0.00010693
0.000106178
0.000102322
9.44956e-05
9.18366e-05
0.000100121
0.00010548
0.000103987
9.99812e-05
9.76929e-05
9.57466e-05
9.17423e-05
8.6519e-05
7.9165e-05
0.000104048
0.000126991
0.000166371
0.000212814
0.000249621
0.000268857
0.000282763
0.000289509
0.00028078
0.000255901
0.000256427
0.000289937
0.000307266
0.000299291
0.00027443
0.000240937
0.00019722
0.000152907
0.000116705
9.59149e-05
0.000124276
0.000152743
0.000179101
0.000203203
0.000225707
0.00024684
0.000266306
0.000282784
0.000293488
0.000294587
0.000292143
0.000290151
0.000279198
0.000261702
0.000240381
0.000217179
0.000192916
0.000167913
0.000141786
0.000114894
9.87033e-06
1.32116e-05
1.5306e-05
1.69305e-05
1.83798e-05
1.97169e-05
2.08986e-05
2.18711e-05
2.23977e-05
2.12219e-05
1.87024e-05
1.6525e-05
1.66266e-05
1.75548e-05
1.80078e-05
1.75948e-05
1.63987e-05
1.45643e-05
1.21929e-05
9.17185e-06
1.17887e-05
2.01131e-05
2.41581e-05
2.74021e-05
3.07583e-05
3.45916e-05
3.90697e-05
4.38871e-05
4.68789e-05
4.34886e-05
3.69318e-05
3.34638e-05
3.42605e-05
3.46567e-05
3.36992e-05
3.16211e-05
2.85069e-05
2.44244e-05
1.91456e-05
1.0502e-05
1.36248e-05
2.19072e-05
2.59985e-05
2.89385e-05
3.18076e-05
3.54664e-05
4.0682e-05
4.697e-05
5.07923e-05
4.91828e-05
4.54121e-05
4.26256e-05
4.03131e-05
3.77825e-05
3.50343e-05
3.23095e-05
2.93706e-05
2.5741e-05
2.08182e-05
1.23005e-05
2.00045e-05
2.60662e-05
3.0419e-05
3.42554e-05
3.74115e-05
4.01355e-05
4.39294e-05
4.94566e-05
5.34398e-05
5.31338e-05
4.94806e-05
4.47988e-05
4.04448e-05
3.71922e-05
3.53493e-05
3.44682e-05
3.33904e-05
3.01939e-05
2.45286e-05
1.58107e-05
3.32746e-05
3.43128e-05
3.45274e-05
3.52665e-05
3.71771e-05
4.04853e-05
4.5205e-05
5.04724e-05
5.42348e-05
5.51394e-05
5.2199e-05
4.60125e-05
4.01989e-05
3.74611e-05
3.70756e-05
3.60634e-05
3.41844e-05
3.25627e-05
3.09266e-05
2.80073e-05
5.09118e-05
5.03319e-05
4.49562e-05
4.14524e-05
3.95887e-05
3.94257e-05
4.09513e-05
4.39083e-05
4.83033e-05
5.35993e-05
5.52634e-05
4.92053e-05
4.17432e-05
3.73612e-05
3.62386e-05
3.6896e-05
3.88834e-05
4.19575e-05
4.56833e-05
4.50357e-05
7.09448e-05
7.2233e-05
6.39277e-05
5.78405e-05
5.47317e-05
5.38059e-05
5.43567e-05
5.57771e-05
5.81772e-05
6.17649e-05
6.4559e-05
6.06836e-05
5.40959e-05
5.0985e-05
5.001e-05
5.14875e-05
5.545e-05
6.16553e-05
6.72768e-05
6.44326e-05
9.13253e-05
0.000100248
0.000102841
0.000103885
0.000109355
0.000115757
0.00012106
0.00012353
0.000120981
0.00011404
0.000112667
0.000120661
0.000124502
0.000120269
0.00011257
0.000106026
0.000101061
9.84046e-05
9.35596e-05
8.38613e-05
0.000112717
0.000140673
0.000192179
0.000249621
0.000285773
0.000318178
0.000344103
0.000355444
0.000342812
0.000312156
0.000310528
0.000344647
0.00036681
0.000358277
0.000327565
0.000290313
0.000243685
0.000180256
0.000129676
0.000103589
0.000135479
0.000167892
0.000197876
0.000225707
0.000252716
0.000279208
0.000304381
0.000326611
0.000342931
0.000349456
0.000345857
0.000337654
0.000321001
0.000298186
0.000271637
0.000243529
0.000215077
0.000186115
0.000156124
0.000125093
1.00375e-05
1.40298e-05
1.63958e-05
1.81641e-05
1.97169e-05
2.11873e-05
2.26141e-05
2.40293e-05
2.53118e-05
2.45184e-05
2.14099e-05
1.8596e-05
1.86406e-05
1.93235e-05
1.94618e-05
1.87662e-05
1.73555e-05
1.53597e-05
1.27939e-05
9.31084e-06
1.19281e-05
2.24081e-05
2.72305e-05
3.09275e-05
3.45916e-05
3.88131e-05
4.40273e-05
5.03777e-05
5.57576e-05
5.22847e-05
4.35271e-05
3.90391e-05
3.9705e-05
3.92657e-05
3.74271e-05
3.47704e-05
3.12852e-05
2.68959e-05
2.11872e-05
1.07085e-05
1.35348e-05
2.30396e-05
2.80694e-05
3.18445e-05
3.54664e-05
3.98884e-05
4.61952e-05
5.46902e-05
6.11593e-05
5.92682e-05
5.37873e-05
4.97452e-05
4.62987e-05
4.25067e-05
3.87536e-05
3.52169e-05
3.15332e-05
2.72427e-05
2.17259e-05
1.25232e-05
1.62208e-05
2.64177e-05
3.26321e-05
3.69549e-05
4.01355e-05
4.34538e-05
4.85927e-05
5.65715e-05
6.42786e-05
6.51575e-05
5.98612e-05
5.28085e-05
4.65028e-05
4.16969e-05
3.85637e-05
3.64268e-05
3.43162e-05
3.11065e-05
2.5334e-05
1.40562e-05
2.8732e-05
3.07897e-05
3.32352e-05
3.64603e-05
4.04853e-05
4.5133e-05
5.04846e-05
5.70052e-05
6.45206e-05
6.95104e-05
6.55035e-05
5.51343e-05
4.63117e-05
4.17162e-05
4.02189e-05
3.86148e-05
3.53751e-05
3.17092e-05
2.82595e-05
2.43157e-05
4.90604e-05
4.52989e-05
4.11541e-05
3.93592e-05
3.94257e-05
4.12073e-05
4.47932e-05
5.0501e-05
5.92139e-05
6.98784e-05
7.2366e-05
6.00819e-05
4.80811e-05
4.10862e-05
3.80084e-05
3.68784e-05
3.71316e-05
3.86736e-05
4.13048e-05
4.2486e-05
7.23432e-05
7.19043e-05
6.00037e-05
5.50429e-05
5.38059e-05
5.50152e-05
5.80858e-05
6.29135e-05
7.04649e-05
8.15092e-05
8.77696e-05
7.59598e-05
6.2959e-05
5.56516e-05
5.19992e-05
5.15733e-05
5.39189e-05
5.88021e-05
6.70367e-05
6.52883e-05
9.55577e-05
0.000106403
0.000102238
0.000106104
0.000115757
0.000126622
0.000135867
0.000140958
0.000140136
0.000137277
0.00013759
0.000140363
0.000141991
0.000136706
0.000126366
0.000115704
0.000106797
0.000101704
9.88707e-05
8.71807e-05
0.000119839
0.000152453
0.000212272
0.000268857
0.000318178
0.000363876
0.000396637
0.000406222
0.000384497
0.000351269
0.000346671
0.000377258
0.000407942
0.000407109
0.000373563
0.00032401
0.000271597
0.000202681
0.000140598
0.000109537
0.000144961
0.000181348
0.000215002
0.00024684
0.000279208
0.000311776
0.00034362
0.000373253
0.000397921
0.000413545
0.000408562
0.000389812
0.000364357
0.000334508
0.000301918
0.00026829
0.000234846
0.000201983
0.000168282
0.000133325
1.01378e-05
1.45258e-05
1.71583e-05
1.91429e-05
2.08986e-05
2.26141e-05
2.4441e-05
2.64831e-05
2.88995e-05
2.88842e-05
2.45902e-05
2.0939e-05
2.0675e-05
2.08488e-05
2.055e-05
1.95524e-05
1.79633e-05
1.58629e-05
1.31811e-05
9.38015e-06
1.20567e-05
2.41983e-05
3.00772e-05
3.46679e-05
3.90697e-05
4.40273e-05
5.03711e-05
5.88676e-05
6.7437e-05
6.46954e-05
5.23248e-05
4.62382e-05
4.58967e-05
4.37766e-05
4.07117e-05
3.73904e-05
3.35881e-05
2.89795e-05
2.28825e-05
1.08932e-05
1.37791e-05
2.43726e-05
3.05989e-05
3.57739e-05
4.0682e-05
4.61951e-05
5.37249e-05
6.44997e-05
7.52053e-05
7.40864e-05
6.50416e-05
5.83387e-05
5.30199e-05
4.73071e-05
4.22324e-05
3.78612e-05
3.34885e-05
2.86172e-05
2.25682e-05
1.26998e-05
1.47051e-05
2.79602e-05
3.48528e-05
3.97623e-05
4.39293e-05
4.85926e-05
5.55793e-05
6.70365e-05
8.13923e-05
8.79807e-05
7.80939e-05
6.42064e-05
5.39389e-05
4.65043e-05
4.16598e-05
3.81911e-05
3.47601e-05
3.06265e-05
2.48015e-05
1.40017e-05
2.41861e-05
2.84693e-05
3.3805e-05
3.96006e-05
4.5205e-05
5.04846e-05
5.67385e-05
6.732e-05
8.53797e-05
0.000104831
9.53793e-05
7.03972e-05
5.41078e-05
4.60525e-05
4.27581e-05
4.05461e-05
3.68932e-05
3.18961e-05
2.67671e-05
2.16575e-05
4.66269e-05
4.06811e-05
3.81962e-05
3.86842e-05
4.09513e-05
4.47932e-05
5.08822e-05
6.16451e-05
8.26781e-05
0.000114818
0.000114533
7.87926e-05
5.60806e-05
4.54254e-05
4.04436e-05
3.77003e-05
3.63336e-05
3.62966e-05
3.77658e-05
3.96843e-05
7.29264e-05
6.77468e-05
5.60609e-05
5.31354e-05
5.43568e-05
5.80859e-05
6.42719e-05
7.47935e-05
9.53811e-05
0.000130763
0.000139527
0.000100414
7.39252e-05
6.14559e-05
5.5181e-05
5.26434e-05
5.29478e-05
5.59302e-05
6.3325e-05
6.51242e-05
9.84772e-05
0.000110055
9.92338e-05
0.000106931
0.00012106
0.000135867
0.00014809
0.000156275
0.000164075
0.000182699
0.000184414
0.000161185
0.000153756
0.000147706
0.000136532
0.000122926
0.000109946
0.000100356
0.00010106
8.89039e-05
0.000125177
0.000160909
0.000226003
0.000282763
0.000344103
0.000396637
0.00042894
0.000431647
0.000411746
0.000405054
0.000397417
0.000396184
0.000421741
0.000430321
0.000400899
0.000346084
0.000283256
0.0002163
0.000147348
0.000113405
0.000152691
0.000192912
0.000230227
0.000266306
0.000304381
0.00034362
0.000383529
0.00042345
0.000461846
0.000494411
0.000488124
0.000450333
0.000410317
0.000370226
0.00033004
0.000290262
0.000251683
0.000214903
0.000177842
0.000139442
1.01254e-05
1.45477e-05
1.74392e-05
1.97489e-05
2.18711e-05
2.40294e-05
2.64831e-05
2.96219e-05
3.34645e-05
3.44728e-05
2.80968e-05
2.35138e-05
2.26322e-05
2.19949e-05
2.10704e-05
1.9707e-05
1.79714e-05
1.58431e-05
1.31551e-05
9.321e-06
1.20438e-05
2.497e-05
3.21033e-05
3.8039e-05
4.38871e-05
5.03777e-05
5.88676e-05
7.07419e-05
8.2986e-05
8.32139e-05
6.27443e-05
5.52619e-05
5.27803e-05
4.78288e-05
4.3178e-05
3.90582e-05
3.48291e-05
2.99539e-05
2.34887e-05
1.09073e-05
1.41208e-05
2.55131e-05
3.30442e-05
4.00005e-05
4.69699e-05
5.46901e-05
6.44996e-05
7.91829e-05
9.77176e-05
0.000112875
9.13232e-05
7.0597e-05
6.08002e-05
5.20836e-05
4.53158e-05
3.99078e-05
3.48545e-05
2.94283e-05
2.29335e-05
1.26415e-05
1.56646e-05
2.7608e-05
3.54959e-05
4.26297e-05
4.94566e-05
5.65714e-05
6.70364e-05
8.6064e-05
0.000117549
0.000162628
0.000138384
8.84612e-05
6.57156e-05
5.25567e-05
4.49101e-05
3.96827e-05
3.49443e-05
2.98206e-05
2.35988e-05
1.40225e-05
1.92651e-05
2.66963e-05
3.57134e-05
4.37011e-05
5.04724e-05
5.70051e-05
6.732e-05
9.13987e-05
0.000143874
0.000229944
0.000205657
0.000113084
6.98853e-05
5.20381e-05
4.51002e-05
4.1333e-05
3.74587e-05
3.20975e-05
2.55817e-05
1.90301e-05
4.41199e-05
3.65351e-05
3.59096e-05
3.90333e-05
4.39083e-05
5.0501e-05
6.16451e-05
8.8576e-05
0.000159576
0.00028845
0.000273478
0.0001381
7.33086e-05
5.17761e-05
4.36783e-05
3.91918e-05
3.61397e-05
3.44617e-05
3.45529e-05
3.68727e-05
7.26024e-05
6.2863e-05
5.20806e-05
5.15619e-05
5.57772e-05
6.29136e-05
7.47936e-05
0.000101773
0.000176253
0.000324048
0.000322017
0.000167032
9.34228e-05
6.9076e-05
5.92683e-05
5.42054e-05
5.19254e-05
5.24218e-05
5.80759e-05
6.37879e-05
9.97418e-05
0.000109493
9.64784e-05
0.000106178
0.00012353
0.000140958
0.000156275
0.000176243
0.00023143
0.000365729
0.000361696
0.000214094
0.000164015
0.000151114
0.000139831
0.000124872
0.000108877
9.65381e-05
9.89554e-05
8.87322e-05
0.00012812
0.000164023
0.000231172
0.000289509
0.000355444
0.000406222
0.000431647
0.000436848
0.00045977
0.000539853
0.000531723
0.000435435
0.000415172
0.000422101
0.000401528
0.000348732
0.000281403
0.000217106
0.00014773
0.000114639
0.000158189
0.000201759
0.000242504
0.000282784
0.000326611
0.000373253
0.00042345
0.00047869
0.000540122
0.00060267
0.000595272
0.000524772
0.000460604
0.000405064
0.000354911
0.000308108
0.000264234
0.000223917
0.000184121
0.000143053
9.9587e-06
1.40555e-05
1.70876e-05
1.97494e-05
2.23977e-05
2.53118e-05
2.88995e-05
3.34645e-05
3.73185e-05
3.94956e-05
3.16644e-05
2.59089e-05
2.42181e-05
2.25766e-05
2.08818e-05
1.90995e-05
1.71992e-05
1.51111e-05
1.2566e-05
9.06597e-06
1.18021e-05
2.44946e-05
3.24169e-05
3.94548e-05
4.6879e-05
5.57577e-05
6.7437e-05
8.2986e-05
9.83206e-05
0.000159591
0.000119335
6.48523e-05
5.86362e-05
5.04382e-05
4.41157e-05
3.92295e-05
3.45982e-05
2.93619e-05
2.25971e-05
1.06417e-05
1.41274e-05
2.58885e-05
3.41212e-05
4.21106e-05
5.07924e-05
6.11593e-05
7.52053e-05
9.77176e-05
0.000144255
0.000311483
0.00027233
0.000101625
6.81173e-05
5.52298e-05
4.70281e-05
4.08074e-05
3.52261e-05
2.93479e-05
2.25339e-05
1.22452e-05
1.6009e-05
2.73641e-05
3.58847e-05
4.43885e-05
5.34398e-05
6.42786e-05
8.13923e-05
0.000117549
0.000211634
0.000479486
0.000454064
0.000163687
8.47853e-05
5.95156e-05
4.77631e-05
4.06762e-05
3.47345e-05
2.89961e-05
2.25599e-05
1.3716e-05
1.86667e-05
2.7251e-05
3.7061e-05
4.57937e-05
5.42348e-05
6.45206e-05
8.53798e-05
0.000143874
0.000301936
0.000662415
0.000655181
0.000252183
0.000108419
6.22521e-05
4.79464e-05
4.14222e-05
3.64502e-05
3.11601e-05
2.43304e-05
1.54525e-05
4.1529e-05
3.30619e-05
3.43049e-05
4.02927e-05
4.83033e-05
5.92139e-05
8.26782e-05
0.000159576
0.000385986
0.000824197
0.000833057
0.000340122
0.000124781
6.42256e-05
4.83748e-05
4.11908e-05
3.61518e-05
3.26523e-05
3.146e-05
3.4186e-05
7.10186e-05
5.95227e-05
4.89307e-05
5.05299e-05
5.81773e-05
7.0465e-05
9.53813e-05
0.000176253
0.00043789
0.000919901
0.000936745
0.000398928
0.000146855
8.23244e-05
6.45463e-05
5.59096e-05
5.03455e-05
4.80893e-05
5.21775e-05
6.1148e-05
9.85395e-05
0.000103519
9.25224e-05
0.000102322
0.000120981
0.000140136
0.000164075
0.00023143
0.000475655
0.000922628
0.000930077
0.000429098
0.000196158
0.000149535
0.000134818
0.000119434
0.00010189
8.89921e-05
9.20222e-05
8.63363e-05
0.000127426
0.000158872
0.000224337
0.00028078
0.000342812
0.000384497
0.000411746
0.00045977
0.000602479
0.00084226
0.000837163
0.000565901
0.000420343
0.000387275
0.000369353
0.00032648
0.000261568
0.000203975
0.000139574
0.000112513
0.000160135
0.000206068
0.000249609
0.000293488
0.000342932
0.000397921
0.000461846
0.000540122
0.000637477
0.00074028
0.000730339
0.00061762
0.000516043
0.000437471
0.00037421
0.000319581
0.000270493
0.000227449
0.000185832
0.000143246
9.62498e-06
1.29595e-05
1.57641e-05
1.84207e-05
2.1222e-05
2.45184e-05
2.88843e-05
3.44729e-05
3.94956e-05
4.06529e-05
3.23523e-05
2.87742e-05
2.46806e-05
2.21335e-05
1.98414e-05
1.77495e-05
1.57226e-05
1.3638e-05
1.1395e-05
8.56468e-06
1.1501e-05
2.26149e-05
2.98935e-05
3.64333e-05
4.34888e-05
5.22849e-05
6.46957e-05
8.32145e-05
0.000159592
0.000154856
0.000124619
0.000120945
6.11245e-05
4.8626e-05
4.14477e-05
3.64434e-05
3.19421e-05
2.70061e-05
2.05354e-05
1.01156e-05
1.39952e-05
2.52916e-05
3.31269e-05
4.07822e-05
4.91829e-05
5.92684e-05
7.40867e-05
0.000112876
0.000311484
0.000271013
0.000227336
0.000255864
7.95012e-05
5.33324e-05
4.51608e-05
3.9411e-05
3.39866e-05
2.8255e-05
2.1526e-05
1.15737e-05
1.60282e-05
2.68551e-05
3.51166e-05
4.37007e-05
5.3134e-05
6.51577e-05
8.79812e-05
0.000162629
0.000479488
0.000402292
0.000350569
0.000423073
0.000116126
6.14498e-05
4.76003e-05
4.00137e-05
3.35103e-05
2.76148e-05
2.15255e-05
1.31127e-05
1.98042e-05
2.74467e-05
3.59679e-05
4.4982e-05
5.51394e-05
6.95106e-05
0.000104831
0.000229945
0.000662416
0.000549321
0.00049388
0.000617176
0.000173321
7.35672e-05
5.01022e-05
4.10521e-05
3.41782e-05
2.83008e-05
2.26961e-05
1.43161e-05
3.86361e-05
3.17816e-05
3.47743e-05
4.28844e-05
5.35993e-05
6.98786e-05
0.000114818
0.000288452
0.000824198
0.000701586
0.000646319
0.000798746
0.000233442
8.49796e-05
5.43961e-05
4.36915e-05
3.63129e-05
3.0665e-05
2.80073e-05
3.101e-05
6.74048e-05
5.50011e-05
4.58808e-05
4.99774e-05
6.1765e-05
8.15094e-05
0.000130764
0.000324049
0.000919904
0.000834792
0.000782452
0.000910624
0.000272513
0.000106669
7.15462e-05
5.71642e-05
4.78266e-05
4.3111e-05
4.63125e-05
5.72951e-05
9.34961e-05
9.24613e-05
8.58886e-05
9.44957e-05
0.00011404
0.000137277
0.0001827
0.000365731
0.00092263
0.000910693
0.000863411
0.000913852
0.000296431
0.000154274
0.000126197
0.000108178
8.92714e-05
7.74693e-05
8.17819e-05
8.20127e-05
0.000120791
0.000141133
0.000201185
0.000255901
0.000312156
0.000351269
0.000405055
0.000539854
0.000842262
0.000944763
0.000902028
0.000822722
0.000485698
0.000361933
0.000324338
0.000288408
0.000228384
0.000179185
0.000122868
0.000107052
0.00015537
0.000202886
0.000248261
0.000294587
0.000349457
0.000413546
0.000494412
0.000602671
0.00074028
0.000825728
0.000798576
0.000717888
0.000572358
0.000463263
0.000384319
0.000321748
0.00026793
0.000223424
0.000181353
0.000138534
9.14208e-06
1.1639e-05
1.39969e-05
1.62979e-05
1.87024e-05
2.141e-05
2.45903e-05
2.8097e-05
3.16646e-05
3.23525e-05
2.88041e-05
2.66242e-05
2.26935e-05
2.03528e-05
1.81516e-05
1.61225e-05
1.41726e-05
1.22204e-05
1.01512e-05
7.88291e-06
1.11246e-05
2.03554e-05
2.63442e-05
3.15107e-05
3.69318e-05
4.35272e-05
5.2325e-05
6.27446e-05
0.000119336
0.000124619
0.000104934
0.000102334
4.68742e-05
3.91128e-05
3.43632e-05
3.06952e-05
2.71436e-05
2.31199e-05
1.78588e-05
9.47503e-06
1.36727e-05
2.44451e-05
3.15394e-05
3.82097e-05
4.54122e-05
5.37875e-05
6.50419e-05
9.1324e-05
0.000272333
0.000227336
0.000180733
0.000244563
6.61798e-05
4.63157e-05
4.04164e-05
3.58303e-05
3.12576e-05
2.62777e-05
2.03298e-05
1.08605e-05
1.58586e-05
2.5871e-05
3.34134e-05
4.10493e-05
4.94808e-05
5.98615e-05
7.80944e-05
0.000138386
0.00045407
0.00035057
0.000269302
0.000428996
9.91517e-05
5.34533e-05
4.32353e-05
3.68807e-05
3.10242e-05
2.5733e-05
2.0282e-05
1.25017e-05
2.06834e-05
2.67691e-05
3.41197e-05
4.24674e-05
5.21991e-05
6.55038e-05
9.538e-05
0.000205659
0.000655189
0.000493879
0.000375139
0.000643396
0.000149807
6.41229e-05
4.67635e-05
3.8521e-05
3.15121e-05
2.58532e-05
2.09465e-05
1.47499e-05
3.7861e-05
3.19559e-05
3.52904e-05
4.37101e-05
5.52635e-05
7.23663e-05
0.000114534
0.000273481
0.000833067
0.000646318
0.000495279
0.000840949
0.000205226
7.91178e-05
5.51967e-05
4.42946e-05
3.577e-05
2.90219e-05
2.51462e-05
2.81634e-05
6.57643e-05
5.30723e-05
4.55022e-05
5.05491e-05
6.45592e-05
8.77699e-05
0.000139528
0.00032202
0.000936756
0.00078245
0.000613345
0.00095306
0.000253494
0.000110856
7.61963e-05
5.79839e-05
4.52985e-05
3.93208e-05
4.33826e-05
5.55565e-05
9.14762e-05
8.79584e-05
8.40446e-05
9.18369e-05
0.000112668
0.000137591
0.000184415
0.000361699
0.000930088
0.000863409
0.000698191
0.000932588
0.000277317
0.00015279
0.000124147
0.000103034
8.25154e-05
7.1739e-05
7.85776e-05
8.12428e-05
0.000118148
0.000136175
0.000195082
0.000256427
0.000310529
0.000346672
0.000397419
0.000531726
0.00083717
0.000902027
0.000763394
0.000819372
0.000472026
0.000353986
0.000320503
0.0002846
0.00022496
0.000177024
0.000121395
0.000106882
0.000152657
0.00020046
0.000245924
0.000292144
0.000345858
0.000408563
0.000488126
0.000595275
0.000730342
0.000798576
0.000717135
0.000692338
0.000556709
0.000453366
0.000378497
0.000318559
0.000266606
0.000223629
0.000182083
0.000139151
8.48178e-06
1.05054e-05
1.25472e-05
1.45365e-05
1.6525e-05
1.85961e-05
2.0939e-05
2.35138e-05
2.59089e-05
2.87743e-05
2.66243e-05
2.22387e-05
2.01008e-05
1.8206e-05
1.63985e-05
1.469e-05
1.30194e-05
1.12779e-05
9.37138e-06
7.2955e-06
1.06029e-05
1.8763e-05
2.41531e-05
2.87476e-05
3.34638e-05
3.90391e-05
4.62383e-05
5.5262e-05
6.48526e-05
0.000120946
0.000102334
4.48656e-05
3.75557e-05
3.31833e-05
2.98537e-05
2.69902e-05
2.40575e-05
2.06399e-05
1.60925e-05
8.99642e-06
1.31599e-05
2.37764e-05
3.03519e-05
3.63339e-05
4.26257e-05
4.97454e-05
5.83389e-05
7.05974e-05
0.000101626
0.000255866
0.000244563
7.3005e-05
4.66374e-05
4.00007e-05
3.59178e-05
3.23964e-05
2.8805e-05
2.46607e-05
1.93611e-05
1.02753e-05
1.55017e-05
2.45285e-05
3.12295e-05
3.78061e-05
4.4799e-05
5.28088e-05
6.42068e-05
8.8462e-05
0.000163689
0.000423078
0.000428997
0.000120252
5.59775e-05
4.28413e-05
3.69344e-05
3.24033e-05
2.81361e-05
2.39537e-05
1.91675e-05
1.19626e-05
2.16841e-05
2.53719e-05
3.12822e-05
3.82485e-05
4.60127e-05
5.51346e-05
7.03977e-05
0.000113085
0.000252186
0.000617184
0.000643398
0.000190111
6.89494e-05
4.53848e-05
3.7863e-05
3.28309e-05
2.81529e-05
2.39615e-05
1.98016e-05
1.49986e-05
4.02449e-05
3.28138e-05
3.39399e-05
4.03474e-05
4.92054e-05
6.00822e-05
7.87931e-05
0.000138101
0.000340127
0.000798756
0.000840952
0.000263569
8.70755e-05
5.37668e-05
4.46651e-05
3.81716e-05
3.22097e-05
2.73848e-05
2.48352e-05
2.90437e-05
6.79872e-05
5.60359e-05
4.7597e-05
5.04019e-05
6.06837e-05
7.596e-05
0.000100414
0.000167033
0.000398933
0.000910634
0.000953064
0.000322674
0.000123471
8.41845e-05
6.78088e-05
5.46948e-05
4.40875e-05
3.9214e-05
4.52244e-05
5.76579e-05
9.40386e-05
9.37501e-05
9.22209e-05
0.000100121
0.000120661
0.000140363
0.000161186
0.000214095
0.000429103
0.000913862
0.000932592
0.000346762
0.000173589
0.000145452
0.000129685
0.000109602
8.85366e-05
7.71037e-05
8.48216e-05
8.41655e-05
0.000121554
0.000148576
0.000214319
0.000289938
0.000344647
0.000377259
0.000396185
0.000435437
0.000565905
0.000822729
0.000819375
0.00050727
0.000391747
0.000374291
0.00035591
0.0003136
0.000251907
0.000194123
0.000134626
0.000110526
0.000154952
0.000201669
0.000245915
0.000290152
0.000337655
0.000389813
0.000450335
0.000524774
0.000617623
0.000717891
0.000692339
0.000584899
0.000492969
0.000421829
0.000363458
0.000312229
0.000265753
0.000224356
0.000183701
0.000141485
8.5245e-06
1.05903e-05
1.26477e-05
1.46442e-05
1.66266e-05
1.86406e-05
2.0675e-05
2.26322e-05
2.42182e-05
2.46807e-05
2.26935e-05
2.01008e-05
1.85706e-05
1.71753e-05
1.5793e-05
1.44031e-05
1.29738e-05
1.14084e-05
9.5981e-06
7.49473e-06
1.0533e-05
1.88036e-05
2.44013e-05
2.9298e-05
3.42605e-05
3.9705e-05
4.58968e-05
5.27805e-05
5.86364e-05
6.11247e-05
4.68743e-05
3.75557e-05
3.39985e-05
3.12325e-05
2.88582e-05
2.65161e-05
2.38553e-05
2.06103e-05
1.617e-05
9.02453e-06
1.26278e-05
2.29946e-05
2.92201e-05
3.47432e-05
4.03132e-05
4.62988e-05
5.30201e-05
6.08005e-05
6.81176e-05
7.95018e-05
6.618e-05
4.66374e-05
4.02712e-05
3.61019e-05
3.29854e-05
3.0268e-05
2.73718e-05
2.37992e-05
1.88765e-05
9.95714e-06
1.48751e-05
2.28934e-05
2.89581e-05
3.47023e-05
4.0445e-05
4.6503e-05
5.39392e-05
6.5716e-05
8.4786e-05
0.000116127
9.91521e-05
5.59775e-05
4.25928e-05
3.61807e-05
3.22256e-05
2.92314e-05
2.64095e-05
2.3144e-05
1.87575e-05
1.17519e-05
2.23429e-05
2.38651e-05
2.85813e-05
3.42623e-05
4.01991e-05
4.63119e-05
5.41081e-05
6.98859e-05
0.00010842
0.000173323
0.000149807
6.89495e-05
4.39496e-05
3.56716e-05
3.20463e-05
2.95593e-05
2.70468e-05
2.39672e-05
2.00292e-05
1.60921e-05
4.25485e-05
3.40968e-05
3.24892e-05
3.60813e-05
4.17433e-05
4.80812e-05
5.60808e-05
7.33091e-05
0.000124783
0.000233445
0.000205228
8.70757e-05
5.13207e-05
4.13311e-05
3.71839e-05
3.40377e-05
3.09502e-05
2.82842e-05
2.72794e-05
3.20312e-05
6.93664e-05
5.98727e-05
4.93851e-05
4.8066e-05
5.4096e-05
6.29591e-05
7.39254e-05
9.34232e-05
0.000146857
0.000272516
0.000253496
0.000123471
8.27728e-05
6.91144e-05
6.05532e-05
5.24316e-05
4.54121e-05
4.2586e-05
4.9732e-05
5.95829e-05
9.46341e-05
9.80548e-05
9.70907e-05
0.00010548
0.000124503
0.000141991
0.000153756
0.000164016
0.000196159
0.000296434
0.000277319
0.000173589
0.000153506
0.000147101
0.000135293
0.000116793
9.64977e-05
8.43728e-05
8.96662e-05
8.51673e-05
0.000121596
0.000153322
0.000223026
0.000307267
0.000366811
0.000407942
0.000421742
0.000415173
0.000420345
0.000485701
0.000472028
0.000391747
0.000398108
0.000403839
0.000379241
0.000330181
0.000268042
0.000202559
0.000139326
0.000110731
0.000152477
0.000196832
0.000238459
0.000279199
0.000321002
0.000364358
0.000410318
0.000460606
0.000516045
0.00057236
0.000556709
0.00049297
0.000437109
0.000387289
0.00034124
0.00029782
0.000256751
0.000218333
0.000179784
0.000139377
8.83411e-06
1.13881e-05
1.3626e-05
1.56564e-05
1.75548e-05
1.93234e-05
2.08488e-05
2.19949e-05
2.25767e-05
2.21336e-05
2.03529e-05
1.8206e-05
1.71753e-05
1.63701e-05
1.55485e-05
1.46068e-05
1.35511e-05
1.21906e-05
1.03819e-05
7.98338e-06
1.06936e-05
1.95221e-05
2.51912e-05
3.00207e-05
3.46568e-05
3.92658e-05
4.37767e-05
4.7829e-05
5.04384e-05
4.86262e-05
3.91129e-05
3.31833e-05
3.12325e-05
2.99058e-05
2.85161e-05
2.68116e-05
2.44516e-05
2.13514e-05
1.69906e-05
9.36963e-06
1.24002e-05
2.2161e-05
2.80377e-05
3.30344e-05
3.77826e-05
4.25068e-05
4.73072e-05
5.20838e-05
5.523e-05
5.33326e-05
4.63158e-05
4.00007e-05
3.61019e-05
3.32413e-05
3.09808e-05
2.88787e-05
2.64863e-05
2.335e-05
1.87404e-05
1.01332e-05
1.45553e-05
2.16531e-05
2.73984e-05
3.25065e-05
3.71924e-05
4.16971e-05
4.65045e-05
5.25569e-05
5.95159e-05
6.145e-05
5.34534e-05
4.28413e-05
3.61807e-05
3.21403e-05
2.97774e-05
2.81309e-05
2.62835e-05
2.35891e-05
1.94136e-05
1.20248e-05
2.33144e-05
2.40266e-05
2.80131e-05
3.28399e-05
3.74613e-05
4.17164e-05
4.60527e-05
5.20384e-05
6.22525e-05
7.35677e-05
6.41231e-05
4.53848e-05
3.56716e-05
3.18132e-05
3.04324e-05
2.95421e-05
2.81207e-05
2.56401e-05
2.21671e-05
1.93823e-05
4.39525e-05
3.68234e-05
3.32899e-05
3.43555e-05
3.73613e-05
4.10863e-05
4.54256e-05
5.17763e-05
6.42259e-05
8.49802e-05
7.91182e-05
5.3767e-05
4.13311e-05
3.68956e-05
3.51734e-05
3.39512e-05
3.2598e-05
3.14654e-05
3.18744e-05
3.60883e-05
6.89003e-05
6.30863e-05
5.17144e-05
4.8654e-05
5.0985e-05
5.56517e-05
6.14559e-05
6.90761e-05
8.23246e-05
0.00010667
0.000110856
8.41847e-05
6.91144e-05
6.21336e-05
5.71949e-05
5.24718e-05
4.85929e-05
4.79793e-05
5.55456e-05
6.07982e-05
9.26596e-05
9.85759e-05
9.79225e-05
0.000103988
0.000120269
0.000136706
0.000147706
0.000151114
0.000149535
0.000154275
0.00015279
0.000145452
0.000147101
0.000145127
0.000135713
0.000119837
0.000101926
9.05698e-05
9.12991e-05
8.43948e-05
0.000117982
0.000149483
0.00021591
0.000299291
0.000358277
0.000407109
0.000430322
0.000422102
0.000387276
0.000361934
0.000353986
0.000374291
0.000403839
0.000403383
0.00037437
0.000326068
0.000269155
0.000199778
0.00013761
0.000108218
0.00014627
0.000187115
0.000225183
0.000261702
0.000298187
0.000334509
0.000370227
0.000405065
0.000437472
0.000463265
0.000453366
0.000421829
0.000387289
0.000351144
0.000314525
0.000278059
0.000242295
0.000207517
0.000171878
0.00013432
9.09055e-06
1.21401e-05
1.44261e-05
1.63305e-05
1.80078e-05
1.94618e-05
2.055e-05
2.10705e-05
2.08819e-05
1.98415e-05
1.81517e-05
1.63985e-05
1.5793e-05
1.55485e-05
1.53726e-05
1.50338e-05
1.42261e-05
1.29578e-05
1.11356e-05
8.42809e-06
1.09601e-05
2.01158e-05
2.54085e-05
2.97231e-05
3.36993e-05
3.74272e-05
4.07119e-05
4.31782e-05
4.41159e-05
4.14479e-05
3.43633e-05
2.98538e-05
2.88582e-05
2.85161e-05
2.773e-05
2.62561e-05
2.4244e-05
2.1423e-05
1.73135e-05
9.76448e-06
1.25316e-05
2.14541e-05
2.68083e-05
3.11274e-05
3.50344e-05
3.87537e-05
4.22325e-05
4.5316e-05
4.70282e-05
4.5161e-05
4.04165e-05
3.59178e-05
3.29854e-05
3.09808e-05
2.93026e-05
2.77356e-05
2.5812e-05
2.3009e-05
1.87322e-05
1.07846e-05
1.48052e-05
2.18551e-05
2.73323e-05
3.1718e-05
3.53494e-05
3.85639e-05
4.166e-05
4.49102e-05
4.77633e-05
4.76004e-05
4.32354e-05
3.69344e-05
3.22256e-05
2.97774e-05
2.88007e-05
2.81821e-05
2.70955e-05
2.48677e-05
2.08372e-05
1.32226e-05
2.5314e-05
2.63565e-05
2.94023e-05
3.33295e-05
3.70758e-05
4.02191e-05
4.27583e-05
4.51004e-05
4.79466e-05
5.01024e-05
4.67636e-05
3.7863e-05
3.20463e-05
3.04324e-05
3.05329e-05
3.06759e-05
3.00282e-05
2.83576e-05
2.60795e-05
2.42027e-05
4.4668e-05
4.04085e-05
3.6193e-05
3.53901e-05
3.62387e-05
3.80085e-05
4.04437e-05
4.36784e-05
4.83749e-05
5.43962e-05
5.51968e-05
4.46653e-05
3.7184e-05
3.51734e-05
3.50602e-05
3.53286e-05
3.5516e-05
3.59446e-05
3.78271e-05
4.00893e-05
6.70373e-05
6.47292e-05
5.49947e-05
5.02862e-05
5.00101e-05
5.19993e-05
5.5181e-05
5.92683e-05
6.45464e-05
7.15463e-05
7.61965e-05
6.78089e-05
6.05533e-05
5.7195e-05
5.51603e-05
5.34303e-05
5.24188e-05
5.36711e-05
5.97516e-05
6.1221e-05
8.87762e-05
9.54899e-05
9.63925e-05
9.99814e-05
0.00011257
0.000126366
0.000136532
0.000139831
0.000134818
0.000126197
0.000124147
0.000129685
0.000135293
0.000135713
0.000129534
0.000117695
0.000103543
9.45234e-05
8.99258e-05
8.22016e-05
0.000111758
0.000140122
0.000198455
0.000274431
0.000327565
0.000373564
0.000400899
0.000401529
0.000369354
0.000324339
0.000320504
0.00035591
0.000379241
0.00037437
0.000348202
0.000307445
0.000257553
0.000188208
0.000131331
0.000103665
0.000137434
0.000174115
0.000208202
0.000240381
0.000271637
0.000301919
0.000330041
0.000354912
0.000374211
0.00038432
0.000378497
0.000363458
0.00034124
0.000314525
0.000285468
0.000255197
0.000224478
0.000193505
0.000161207
0.000127134
9.17683e-06
1.24075e-05
1.45381e-05
1.61907e-05
1.75949e-05
1.87662e-05
1.95525e-05
1.9707e-05
1.90996e-05
1.77496e-05
1.61226e-05
1.469e-05
1.44031e-05
1.46068e-05
1.50338e-05
1.49248e-05
1.42484e-05
1.30691e-05
1.13306e-05
8.65807e-06
1.11416e-05
1.99788e-05
2.46079e-05
2.82511e-05
3.16212e-05
3.47706e-05
3.73906e-05
3.90584e-05
3.92297e-05
3.64436e-05
3.06953e-05
2.69902e-05
2.65161e-05
2.68116e-05
2.62561e-05
2.52097e-05
2.34253e-05
2.07694e-05
1.6943e-05
1.01254e-05
1.27644e-05
2.09204e-05
2.56644e-05
2.92187e-05
3.23097e-05
3.52171e-05
3.78613e-05
3.99079e-05
4.08076e-05
3.94111e-05
3.58304e-05
3.23964e-05
3.0268e-05
2.88787e-05
2.77356e-05
2.6613e-05
2.49472e-05
2.24036e-05
1.85544e-05
1.17257e-05
1.58727e-05
2.31051e-05
2.82379e-05
3.19316e-05
3.44684e-05
3.6427e-05
3.81912e-05
3.96829e-05
4.06763e-05
4.00138e-05
3.68808e-05
3.24033e-05
2.92314e-05
2.81309e-05
2.81821e-05
2.8336e-05
2.77042e-05
2.57398e-05
2.22444e-05
1.6492e-05
2.87639e-05
3.01151e-05
3.14886e-05
3.35557e-05
3.60636e-05
3.8615e-05
4.05464e-05
4.13332e-05
4.14223e-05
4.10522e-05
3.85211e-05
3.28309e-05
2.95593e-05
2.95421e-05
3.06759e-05
3.16419e-05
3.19805e-05
3.16487e-05
3.07778e-05
2.92665e-05
4.54942e-05
4.41875e-05
4.02773e-05
3.79205e-05
3.68961e-05
3.68785e-05
3.77005e-05
3.91919e-05
4.11909e-05
4.36916e-05
4.42947e-05
3.81717e-05
3.40377e-05
3.39512e-05
3.53286e-05
3.71441e-05
3.89905e-05
4.09076e-05
4.31461e-05
4.3369e-05
6.45434e-05
6.43696e-05
5.82259e-05
5.32584e-05
5.14876e-05
5.15734e-05
5.26435e-05
5.42055e-05
5.59096e-05
5.71643e-05
5.7984e-05
5.46949e-05
5.24316e-05
5.24718e-05
5.34303e-05
5.45847e-05
5.60684e-05
5.88015e-05
6.17869e-05
6.08568e-05
8.36352e-05
8.97088e-05
9.32896e-05
9.7693e-05
0.000106026
0.000115704
0.000122926
0.000124872
0.000119434
0.000108178
0.000103034
0.000109602
0.000116793
0.000119837
0.000117695
0.000111006
0.000102016
9.35214e-05
8.63121e-05
7.88272e-05
0.000103793
0.000127882
0.000175774
0.000240937
0.000290313
0.00032401
0.000346084
0.000348733
0.000326481
0.000288408
0.000284601
0.0003136
0.000330181
0.000326068
0.000307445
0.000278522
0.000230118
0.000169207
0.000121721
9.7487e-05
0.000126737
0.000159078
0.000189155
0.000217179
0.000243529
0.00026829
0.000290263
0.000308108
0.000319582
0.000321748
0.000318559
0.000312229
0.00029782
0.000278059
0.000255197
0.000230388
0.000204384
0.0001772
0.000148488
0.000118261
9.0587e-06
1.2054e-05
1.38825e-05
1.52462e-05
1.63987e-05
1.73556e-05
1.79634e-05
1.79714e-05
1.71992e-05
1.57226e-05
1.41727e-05
1.30195e-05
1.29738e-05
1.3551e-05
1.42261e-05
1.42484e-05
1.36568e-05
1.25743e-05
1.10203e-05
8.70819e-06
1.1084e-05
1.88363e-05
2.26825e-05
2.56643e-05
2.8507e-05
3.12854e-05
3.35883e-05
3.48293e-05
3.45984e-05
3.19423e-05
2.71438e-05
2.40576e-05
2.38553e-05
2.44516e-05
2.4244e-05
2.34253e-05
2.17465e-05
1.92523e-05
1.58764e-05
1.04707e-05
1.30356e-05
2.02658e-05
2.42536e-05
2.7071e-05
2.93707e-05
3.15333e-05
3.34886e-05
3.48546e-05
3.52262e-05
3.39867e-05
3.12576e-05
2.8805e-05
2.73718e-05
2.64863e-05
2.5812e-05
2.49472e-05
2.35078e-05
2.13743e-05
1.82707e-05
1.29835e-05
1.85658e-05
2.40145e-05
2.78638e-05
3.12234e-05
3.33906e-05
3.43164e-05
3.47602e-05
3.49444e-05
3.47346e-05
3.35104e-05
3.10242e-05
2.81361e-05
2.64094e-05
2.62834e-05
2.70955e-05
2.77042e-05
2.73544e-05
2.62111e-05
2.44406e-05
2.09943e-05
3.26598e-05
3.48253e-05
3.44689e-05
3.3916e-05
3.41845e-05
3.53753e-05
3.68934e-05
3.74588e-05
3.64504e-05
3.41783e-05
3.15122e-05
2.81529e-05
2.70467e-05
2.81207e-05
3.00282e-05
3.19805e-05
3.37815e-05
3.51876e-05
3.56869e-05
3.38905e-05
4.65193e-05
4.733e-05
4.46874e-05
4.16065e-05
3.88835e-05
3.71317e-05
3.63337e-05
3.61398e-05
3.61518e-05
3.63129e-05
3.57701e-05
3.22097e-05
3.09502e-05
3.2598e-05
3.55159e-05
3.89905e-05
4.24426e-05
4.51728e-05
4.70228e-05
4.59263e-05
6.18349e-05
6.25854e-05
6.03409e-05
5.81094e-05
5.54501e-05
5.39191e-05
5.2948e-05
5.19255e-05
5.03456e-05
4.78267e-05
4.52987e-05
4.40876e-05
4.54121e-05
4.85929e-05
5.24187e-05
5.60684e-05
5.962e-05
6.12165e-05
6.18163e-05
5.98143e-05
7.76507e-05
8.27947e-05
8.89371e-05
9.57467e-05
0.000101061
0.000106798
0.000109946
0.000108877
0.00010189
8.92718e-05
8.25157e-05
8.85367e-05
9.64977e-05
0.000101926
0.000103543
0.000102016
9.69272e-05
8.93486e-05
8.13201e-05
7.44535e-05
9.46169e-05
0.000114729
0.000150457
0.00019722
0.000243685
0.000271597
0.000283256
0.000281404
0.000261568
0.000228385
0.00022496
0.000251907
0.000268042
0.000269154
0.000257552
0.000230118
0.000188916
0.000145822
0.000110322
8.99891e-05
0.000114577
0.000142706
0.000168892
0.000192916
0.000215078
0.000234846
0.000251683
0.000264235
0.000270493
0.00026793
0.000266607
0.000265753
0.000256751
0.000242295
0.000224478
0.000204384
0.000182459
0.000159126
0.000134133
0.0001079
8.7545e-06
1.11396e-05
1.25667e-05
1.36337e-05
1.45643e-05
1.53597e-05
1.58629e-05
1.58432e-05
1.51111e-05
1.36381e-05
1.22205e-05
1.12779e-05
1.14084e-05
1.21905e-05
1.29578e-05
1.30691e-05
1.25743e-05
1.16533e-05
1.03981e-05
8.62596e-06
1.07888e-05
1.67485e-05
1.9675e-05
2.20304e-05
2.44245e-05
2.68961e-05
2.89796e-05
2.9954e-05
2.93621e-05
2.70063e-05
2.312e-05
2.064e-05
2.06103e-05
2.13514e-05
2.1423e-05
2.07694e-05
1.92523e-05
1.71203e-05
1.45202e-05
1.08496e-05
1.32611e-05
1.89671e-05
2.20256e-05
2.41309e-05
2.57411e-05
2.72429e-05
2.86173e-05
2.94284e-05
2.9348e-05
2.82551e-05
2.62778e-05
2.46607e-05
2.37992e-05
2.335e-05
2.3009e-05
2.24035e-05
2.13743e-05
1.99691e-05
1.80763e-05
1.49303e-05
2.25516e-05
2.56097e-05
2.6345e-05
2.80964e-05
3.01941e-05
3.11067e-05
3.06267e-05
2.98207e-05
2.89962e-05
2.76149e-05
2.5733e-05
2.39537e-05
2.3144e-05
2.3589e-05
2.48677e-05
2.57398e-05
2.62111e-05
2.70499e-05
2.77882e-05
2.59291e-05
3.6025e-05
3.96845e-05
3.81305e-05
3.4866e-05
3.25628e-05
3.17093e-05
3.18963e-05
3.20976e-05
3.11602e-05
2.83009e-05
2.58532e-05
2.39615e-05
2.39671e-05
2.56401e-05
2.83576e-05
3.16487e-05
3.51876e-05
3.83676e-05
4.01042e-05
3.78102e-05
4.7266e-05
4.92525e-05
4.81828e-05
4.58489e-05
4.19576e-05
3.86737e-05
3.62967e-05
3.44618e-05
3.26524e-05
3.0665e-05
2.90219e-05
2.73848e-05
2.82842e-05
3.14654e-05
3.59445e-05
4.09076e-05
4.51728e-05
4.80901e-05
4.93701e-05
4.77015e-05
5.87821e-05
6.05194e-05
6.16071e-05
6.22621e-05
6.16555e-05
5.88022e-05
5.59303e-05
5.24219e-05
4.80894e-05
4.31111e-05
3.9321e-05
3.92141e-05
4.25859e-05
4.79792e-05
5.36711e-05
5.88015e-05
6.12165e-05
6.16821e-05
6.06694e-05
5.81086e-05
7.0994e-05
7.65039e-05
8.40906e-05
9.17425e-05
9.84048e-05
0.000101704
0.000100356
9.65384e-05
8.89924e-05
7.74697e-05
7.17393e-05
7.71038e-05
8.43729e-05
9.05698e-05
9.45234e-05
9.35214e-05
8.93485e-05
8.3144e-05
7.57779e-05
6.91813e-05
8.45039e-05
0.000102015
0.000125931
0.000152907
0.000180256
0.000202681
0.0002163
0.000217106
0.000203975
0.000179186
0.000177024
0.000194123
0.000202559
0.000199778
0.000188208
0.000169207
0.000145822
0.00012141
9.83187e-05
8.1359e-05
0.000101053
0.000125295
0.00014778
0.000167913
0.000186115
0.000201983
0.000214903
0.000223917
0.000227449
0.000223425
0.00022363
0.000224356
0.000218333
0.000207517
0.000193505
0.0001772
0.000159126
0.000139615
0.000118347
9.60764e-05
8.33619e-06
9.85759e-06
1.08001e-05
1.15255e-05
1.2193e-05
1.27939e-05
1.31812e-05
1.31551e-05
1.25661e-05
1.13951e-05
1.01513e-05
9.3714e-06
9.59809e-06
1.03818e-05
1.11355e-05
1.13306e-05
1.10203e-05
1.03981e-05
9.57979e-06
8.40132e-06
1.02465e-05
1.39442e-05
1.5712e-05
1.72968e-05
1.91457e-05
2.11873e-05
2.28826e-05
2.34888e-05
2.25972e-05
2.05356e-05
1.78589e-05
1.60925e-05
1.617e-05
1.69906e-05
1.73135e-05
1.6943e-05
1.58764e-05
1.45202e-05
1.31336e-05
1.11813e-05
1.36766e-05
1.67367e-05
1.85998e-05
1.99338e-05
2.08183e-05
2.1726e-05
2.25683e-05
2.29336e-05
2.25339e-05
2.1526e-05
2.03298e-05
1.93612e-05
1.88765e-05
1.87404e-05
1.87322e-05
1.85544e-05
1.82707e-05
1.80763e-05
1.81557e-05
1.75656e-05
2.64667e-05
2.81654e-05
2.53556e-05
2.39804e-05
2.45287e-05
2.53342e-05
2.48016e-05
2.35989e-05
2.256e-05
2.15256e-05
2.0282e-05
1.91675e-05
1.87575e-05
1.94136e-05
2.08371e-05
2.22443e-05
2.44406e-05
2.77882e-05
3.10587e-05
3.03019e-05
3.84011e-05
4.26447e-05
4.04595e-05
3.55505e-05
3.09267e-05
2.82597e-05
2.67672e-05
2.55818e-05
2.43305e-05
2.26962e-05
2.09466e-05
1.98016e-05
2.00291e-05
2.2167e-05
2.60794e-05
3.07777e-05
3.56869e-05
4.01042e-05
4.27846e-05
4.06615e-05
4.7174e-05
4.97152e-05
5.01253e-05
4.88635e-05
4.56834e-05
4.13049e-05
3.77659e-05
3.4553e-05
3.14601e-05
2.80074e-05
2.51463e-05
2.48352e-05
2.72793e-05
3.18743e-05
3.7827e-05
4.3146e-05
4.70228e-05
4.93701e-05
4.98932e-05
4.83392e-05
5.52221e-05
5.83457e-05
6.22858e-05
6.52336e-05
6.72769e-05
6.70368e-05
6.33251e-05
5.8076e-05
5.21776e-05
4.63125e-05
4.33826e-05
4.52244e-05
4.9732e-05
5.55455e-05
5.97516e-05
6.17869e-05
6.18163e-05
6.06694e-05
5.8162e-05
5.5493e-05
6.36939e-05
7.05758e-05
7.90621e-05
8.65191e-05
9.35598e-05
9.88709e-05
0.00010106
9.89558e-05
9.20226e-05
8.17822e-05
7.85778e-05
8.48217e-05
8.96662e-05
9.12992e-05
8.99258e-05
8.63121e-05
8.13201e-05
7.5778e-05
6.92395e-05
6.29519e-05
7.34725e-05
8.87793e-05
0.000103288
0.000116705
0.000129676
0.000140599
0.000147348
0.00014773
0.000139574
0.000122868
0.000121395
0.000134626
0.000139326
0.00013761
0.000131331
0.000121721
0.000110322
9.83186e-05
8.52694e-05
7.15051e-05
8.5776e-05
0.000106498
0.000125434
0.000141786
0.000156124
0.000168282
0.000177843
0.000184122
0.000185832
0.000181353
0.000182083
0.000183701
0.000179784
0.000171879
0.000161207
0.000148488
0.000134133
0.000118347
0.000100754
8.23237e-05
7.92856e-06
8.43186e-06
8.76756e-06
8.99511e-06
9.17185e-06
9.31085e-06
9.38016e-06
9.32102e-06
9.066e-06
8.56472e-06
7.88295e-06
7.29552e-06
7.49472e-06
7.98336e-06
8.42807e-06
8.65805e-06
8.70818e-06
8.62596e-06
8.40132e-06
7.89385e-06
9.54356e-06
1.02374e-05
1.0354e-05
1.03757e-05
1.0502e-05
1.07085e-05
1.08932e-05
1.09073e-05
1.06418e-05
1.01157e-05
9.47506e-06
8.99643e-06
9.02452e-06
9.36961e-06
9.76444e-06
1.01253e-05
1.04707e-05
1.08495e-05
1.11813e-05
1.12755e-05
1.4617e-05
1.31074e-05
1.22868e-05
1.21438e-05
1.23005e-05
1.25233e-05
1.26998e-05
1.26416e-05
1.22453e-05
1.15738e-05
1.08605e-05
1.02753e-05
9.95712e-06
1.01332e-05
1.07846e-05
1.17257e-05
1.29835e-05
1.49302e-05
1.75656e-05
2.02999e-05
2.93377e-05
2.65287e-05
2.21824e-05
1.84624e-05
1.58107e-05
1.40562e-05
1.40017e-05
1.40226e-05
1.37161e-05
1.31127e-05
1.25017e-05
1.19626e-05
1.17519e-05
1.20247e-05
1.32225e-05
1.64919e-05
2.09942e-05
2.5929e-05
3.03019e-05
3.33926e-05
3.94997e-05
3.87529e-05
3.64739e-05
3.26003e-05
2.80073e-05
2.43157e-05
2.16576e-05
1.90301e-05
1.54526e-05
1.43161e-05
1.47498e-05
1.49986e-05
1.6092e-05
1.93821e-05
2.42026e-05
2.92664e-05
3.38904e-05
3.78101e-05
4.06615e-05
4.1957e-05
4.60656e-05
4.79266e-05
4.80329e-05
4.68376e-05
4.50358e-05
4.2486e-05
3.96843e-05
3.68726e-05
3.41859e-05
3.10101e-05
2.81635e-05
2.90437e-05
3.20312e-05
3.60882e-05
4.00892e-05
4.33689e-05
4.59263e-05
4.77015e-05
4.83392e-05
4.7431e-05
5.14304e-05
5.66973e-05
6.03494e-05
6.27809e-05
6.44327e-05
6.52883e-05
6.51243e-05
6.3788e-05
6.11481e-05
5.72951e-05
5.55565e-05
5.76579e-05
5.9583e-05
6.07982e-05
6.1221e-05
6.08568e-05
5.98143e-05
5.81086e-05
5.5493e-05
5.18017e-05
5.67383e-05
6.56467e-05
7.31691e-05
7.9165e-05
8.38613e-05
8.71807e-05
8.8904e-05
8.87323e-05
8.63364e-05
8.20128e-05
8.12429e-05
8.41655e-05
8.51673e-05
8.43948e-05
8.22017e-05
7.88272e-05
7.44535e-05
6.91814e-05
6.29519e-05
5.61538e-05
6.26881e-05
7.53824e-05
8.66266e-05
9.59149e-05
0.000103589
0.000109537
0.000113405
0.000114639
0.000112513
0.000107052
0.000106883
0.000110526
0.000110731
0.000108218
0.000103665
9.74871e-05
8.99891e-05
8.13591e-05
7.15051e-05
6.11124e-05
7.00532e-05
8.75602e-05
0.000102628
0.000114893
0.000125093
0.000133325
0.000139442
0.000143053
0.000143246
0.000138535
0.000139151
0.000141485
0.000139377
0.00013432
0.000127134
0.000118261
0.0001079
9.60764e-05
8.23237e-05
6.74396e-05
)
;

boundaryField
{
    floor
    {
        type            compressible::kqRWallFunction;
        value           nonuniform List<scalar> 
400
(
9.05899e-06
9.25946e-06
9.46238e-06
9.67295e-06
9.87033e-06
1.00375e-05
1.01378e-05
1.01254e-05
9.9587e-06
9.62498e-06
9.14208e-06
8.48178e-06
8.5245e-06
8.83411e-06
9.09055e-06
9.17683e-06
9.0587e-06
8.7545e-06
8.33619e-06
7.92856e-06
9.25946e-06
1.03826e-05
1.13453e-05
1.22797e-05
1.32116e-05
1.40298e-05
1.45258e-05
1.45477e-05
1.40555e-05
1.29595e-05
1.1639e-05
1.05054e-05
1.05903e-05
1.13881e-05
1.21401e-05
1.24075e-05
1.2054e-05
1.11396e-05
9.85759e-06
8.43186e-06
9.46238e-06
1.13453e-05
1.27916e-05
1.40797e-05
1.5306e-05
1.63958e-05
1.71583e-05
1.74392e-05
1.70876e-05
1.57641e-05
1.39969e-05
1.25472e-05
1.26477e-05
1.3626e-05
1.44261e-05
1.45381e-05
1.38825e-05
1.25667e-05
1.08001e-05
8.76756e-06
9.67295e-06
1.22797e-05
1.40797e-05
1.55653e-05
1.69305e-05
1.81641e-05
1.91429e-05
1.97489e-05
1.97494e-05
1.84207e-05
1.62979e-05
1.45365e-05
1.46442e-05
1.56564e-05
1.63305e-05
1.61907e-05
1.52462e-05
1.36337e-05
1.15255e-05
8.99511e-06
9.87033e-06
1.32116e-05
1.5306e-05
1.69305e-05
1.83798e-05
1.97169e-05
2.08986e-05
2.18711e-05
2.23977e-05
2.1222e-05
1.87024e-05
1.6525e-05
1.66266e-05
1.75548e-05
1.80078e-05
1.75949e-05
1.63987e-05
1.45643e-05
1.2193e-05
9.17185e-06
1.00375e-05
1.40297e-05
1.63957e-05
1.81641e-05
1.97169e-05
2.11873e-05
2.26141e-05
2.40294e-05
2.53118e-05
2.45184e-05
2.141e-05
1.85961e-05
1.86406e-05
1.93234e-05
1.94618e-05
1.87662e-05
1.73556e-05
1.53597e-05
1.27939e-05
9.31085e-06
1.01378e-05
1.45258e-05
1.71583e-05
1.91429e-05
2.08986e-05
2.26141e-05
2.4441e-05
2.64831e-05
2.88995e-05
2.88843e-05
2.45903e-05
2.0939e-05
2.0675e-05
2.08488e-05
2.055e-05
1.95525e-05
1.79634e-05
1.58629e-05
1.31812e-05
9.38016e-06
1.01254e-05
1.45477e-05
1.74391e-05
1.97488e-05
2.18711e-05
2.40293e-05
2.64831e-05
2.96219e-05
3.34645e-05
3.44729e-05
2.8097e-05
2.35138e-05
2.26322e-05
2.19949e-05
2.10705e-05
1.9707e-05
1.79714e-05
1.58432e-05
1.31551e-05
9.32102e-06
9.95869e-06
1.40555e-05
1.70876e-05
1.97494e-05
2.23977e-05
2.53118e-05
2.88995e-05
3.34645e-05
3.73185e-05
3.94956e-05
3.16646e-05
2.59089e-05
2.42182e-05
2.25767e-05
2.08819e-05
1.90996e-05
1.71992e-05
1.51111e-05
1.25661e-05
9.066e-06
9.62496e-06
1.29594e-05
1.5764e-05
1.84206e-05
2.12219e-05
2.45184e-05
2.88842e-05
3.44728e-05
3.94956e-05
4.06529e-05
3.23525e-05
2.87743e-05
2.46807e-05
2.21336e-05
1.98415e-05
1.77496e-05
1.57226e-05
1.36381e-05
1.13951e-05
8.56472e-06
9.14207e-06
1.1639e-05
1.39969e-05
1.62979e-05
1.87024e-05
2.14099e-05
2.45902e-05
2.80968e-05
3.16644e-05
3.23523e-05
2.88041e-05
2.66243e-05
2.26935e-05
2.03529e-05
1.81517e-05
1.61226e-05
1.41727e-05
1.22205e-05
1.01513e-05
7.88295e-06
8.48177e-06
1.05054e-05
1.25472e-05
1.45365e-05
1.6525e-05
1.8596e-05
2.0939e-05
2.35138e-05
2.59089e-05
2.87742e-05
2.66242e-05
2.22387e-05
2.01008e-05
1.8206e-05
1.63985e-05
1.469e-05
1.30195e-05
1.12779e-05
9.3714e-06
7.29552e-06
8.52451e-06
1.05903e-05
1.26478e-05
1.46442e-05
1.66266e-05
1.86406e-05
2.0675e-05
2.26322e-05
2.42181e-05
2.46806e-05
2.26935e-05
2.01008e-05
1.85706e-05
1.71753e-05
1.5793e-05
1.44031e-05
1.29738e-05
1.14084e-05
9.59809e-06
7.49472e-06
8.83412e-06
1.13882e-05
1.3626e-05
1.56564e-05
1.75548e-05
1.93235e-05
2.08488e-05
2.19949e-05
2.25766e-05
2.21335e-05
2.03528e-05
1.8206e-05
1.71753e-05
1.63701e-05
1.55485e-05
1.46068e-05
1.3551e-05
1.21905e-05
1.03818e-05
7.98336e-06
9.09056e-06
1.21401e-05
1.44261e-05
1.63305e-05
1.80078e-05
1.94618e-05
2.055e-05
2.10704e-05
2.08818e-05
1.98414e-05
1.81516e-05
1.63985e-05
1.5793e-05
1.55485e-05
1.53726e-05
1.50338e-05
1.42261e-05
1.29578e-05
1.11355e-05
8.42807e-06
9.17684e-06
1.24075e-05
1.45381e-05
1.61907e-05
1.75948e-05
1.87662e-05
1.95524e-05
1.9707e-05
1.90995e-05
1.77495e-05
1.61225e-05
1.469e-05
1.44031e-05
1.46068e-05
1.50338e-05
1.49248e-05
1.42484e-05
1.30691e-05
1.13306e-05
8.65805e-06
9.05871e-06
1.2054e-05
1.38825e-05
1.52462e-05
1.63987e-05
1.73555e-05
1.79633e-05
1.79714e-05
1.71992e-05
1.57226e-05
1.41726e-05
1.30194e-05
1.29738e-05
1.35511e-05
1.42261e-05
1.42484e-05
1.36568e-05
1.25743e-05
1.10203e-05
8.70818e-06
8.75451e-06
1.11396e-05
1.25667e-05
1.36337e-05
1.45643e-05
1.53597e-05
1.58629e-05
1.58431e-05
1.51111e-05
1.3638e-05
1.22204e-05
1.12779e-05
1.14084e-05
1.21906e-05
1.29578e-05
1.30691e-05
1.25743e-05
1.16533e-05
1.03981e-05
8.62596e-06
8.3362e-06
9.85759e-06
1.08001e-05
1.15255e-05
1.21929e-05
1.27939e-05
1.31811e-05
1.31551e-05
1.2566e-05
1.1395e-05
1.01512e-05
9.37138e-06
9.5981e-06
1.03819e-05
1.11356e-05
1.13306e-05
1.10203e-05
1.03981e-05
9.57979e-06
8.40132e-06
7.92857e-06
8.43187e-06
8.76756e-06
8.99511e-06
9.17185e-06
9.31084e-06
9.38015e-06
9.321e-06
9.06597e-06
8.56468e-06
7.88291e-06
7.2955e-06
7.49473e-06
7.98338e-06
8.42809e-06
8.65807e-06
8.70819e-06
8.62596e-06
8.40132e-06
7.89385e-06
)
;
    }
    ceiling
    {
        type            compressible::kqRWallFunction;
        value           nonuniform List<scalar> 
400
(
7.66465e-05
9.5043e-05
0.000111098
0.000124276
0.000135479
0.000144961
0.000152691
0.000158189
0.000160135
0.00015537
0.000152657
0.000154952
0.000152477
0.00014627
0.000137434
0.000126737
0.000114577
0.000101053
8.5776e-05
7.00532e-05
9.5043e-05
0.000116318
0.000135813
0.000152743
0.000167892
0.000181348
0.000192912
0.000201759
0.000206068
0.000202886
0.00020046
0.000201669
0.000196832
0.000187115
0.000174115
0.000159078
0.000142706
0.000125295
0.000106498
8.75602e-05
0.000111097
0.000135813
0.000158645
0.000179101
0.000197876
0.000215002
0.000230227
0.000242504
0.000249609
0.000248261
0.000245924
0.000245915
0.000238459
0.000225183
0.000208202
0.000189155
0.000168892
0.00014778
0.000125434
0.000102628
0.000124276
0.000152743
0.000179101
0.000203203
0.000225707
0.00024684
0.000266306
0.000282784
0.000293488
0.000294587
0.000292144
0.000290152
0.000279199
0.000261702
0.000240381
0.000217179
0.000192916
0.000167913
0.000141786
0.000114893
0.000135479
0.000167892
0.000197876
0.000225707
0.000252716
0.000279208
0.000304381
0.000326611
0.000342932
0.000349457
0.000345858
0.000337655
0.000321002
0.000298187
0.000271637
0.000243529
0.000215078
0.000186115
0.000156124
0.000125093
0.000144961
0.000181348
0.000215002
0.00024684
0.000279208
0.000311776
0.00034362
0.000373253
0.000397921
0.000413546
0.000408563
0.000389813
0.000364358
0.000334509
0.000301919
0.00026829
0.000234846
0.000201983
0.000168282
0.000133325
0.000152691
0.000192912
0.000230227
0.000266306
0.000304381
0.00034362
0.000383529
0.00042345
0.000461846
0.000494412
0.000488126
0.000450335
0.000410318
0.000370227
0.000330041
0.000290263
0.000251683
0.000214903
0.000177843
0.000139442
0.000158189
0.000201759
0.000242504
0.000282784
0.000326611
0.000373253
0.00042345
0.00047869
0.000540122
0.000602671
0.000595275
0.000524774
0.000460606
0.000405065
0.000354912
0.000308108
0.000264235
0.000223917
0.000184122
0.000143053
0.000160135
0.000206068
0.000249609
0.000293488
0.000342931
0.000397921
0.000461846
0.000540122
0.000637477
0.00074028
0.000730342
0.000617623
0.000516045
0.000437472
0.000374211
0.000319582
0.000270493
0.000227449
0.000185832
0.000143246
0.00015537
0.000202886
0.000248261
0.000294587
0.000349456
0.000413545
0.000494411
0.00060267
0.00074028
0.000825728
0.000798576
0.000717891
0.00057236
0.000463265
0.00038432
0.000321748
0.00026793
0.000223425
0.000181353
0.000138535
0.000152656
0.000200459
0.000245924
0.000292143
0.000345857
0.000408562
0.000488124
0.000595272
0.000730339
0.000798576
0.000717135
0.000692339
0.000556709
0.000453366
0.000378497
0.000318559
0.000266607
0.00022363
0.000182083
0.000139151
0.000154952
0.000201669
0.000245915
0.000290151
0.000337654
0.000389812
0.000450333
0.000524772
0.00061762
0.000717888
0.000692338
0.000584899
0.00049297
0.000421829
0.000363458
0.000312229
0.000265753
0.000224356
0.000183701
0.000141485
0.000152477
0.000196832
0.000238459
0.000279198
0.000321001
0.000364357
0.000410317
0.000460604
0.000516043
0.000572358
0.000556709
0.000492969
0.000437109
0.000387289
0.00034124
0.00029782
0.000256751
0.000218333
0.000179784
0.000139377
0.00014627
0.000187115
0.000225183
0.000261702
0.000298186
0.000334508
0.000370226
0.000405064
0.000437471
0.000463263
0.000453366
0.000421829
0.000387289
0.000351144
0.000314525
0.000278059
0.000242295
0.000207517
0.000171879
0.00013432
0.000137434
0.000174114
0.000208202
0.000240381
0.000271637
0.000301918
0.00033004
0.000354911
0.00037421
0.000384319
0.000378497
0.000363458
0.00034124
0.000314525
0.000285468
0.000255197
0.000224478
0.000193505
0.000161207
0.000127134
0.000126737
0.000159078
0.000189155
0.000217179
0.000243529
0.00026829
0.000290262
0.000308108
0.000319581
0.000321748
0.000318559
0.000312229
0.00029782
0.000278059
0.000255197
0.000230388
0.000204384
0.0001772
0.000148488
0.000118261
0.000114577
0.000142706
0.000168892
0.000192916
0.000215077
0.000234846
0.000251683
0.000264234
0.000270493
0.00026793
0.000266606
0.000265753
0.000256751
0.000242295
0.000224478
0.000204384
0.000182459
0.000159126
0.000134133
0.0001079
0.000101054
0.000125295
0.00014778
0.000167913
0.000186115
0.000201983
0.000214903
0.000223917
0.000227449
0.000223424
0.000223629
0.000224356
0.000218333
0.000207517
0.000193505
0.0001772
0.000159126
0.000139615
0.000118347
9.60764e-05
8.5776e-05
0.000106498
0.000125434
0.000141786
0.000156124
0.000168282
0.000177842
0.000184121
0.000185832
0.000181353
0.000182083
0.000183701
0.000179784
0.000171878
0.000161207
0.000148488
0.000134133
0.000118347
0.000100754
8.23237e-05
7.00532e-05
8.75603e-05
0.000102628
0.000114894
0.000125093
0.000133325
0.000139442
0.000143053
0.000143246
0.000138534
0.000139151
0.000141485
0.000139377
0.00013432
0.000127134
0.000118261
0.0001079
9.60764e-05
8.23237e-05
6.74396e-05
)
;
    }
    fixedWalls
    {
        type            compressible::kqRWallFunction;
        value           nonuniform List<scalar> 
800
(
9.05899e-06
1.18957e-05
2.14244e-05
3.39666e-05
4.26879e-05
4.93652e-05
5.53177e-05
6.14833e-05
6.83284e-05
7.66465e-05
9.25946e-06
1.16691e-05
1.88597e-05
3.19288e-05
4.26922e-05
5.20576e-05
6.13015e-05
7.09345e-05
8.17425e-05
9.5043e-05
9.46238e-06
1.15973e-05
1.60653e-05
2.83942e-05
4.08737e-05
5.29718e-05
6.58118e-05
7.92239e-05
9.38629e-05
0.000111098
9.67295e-06
1.16664e-05
1.43021e-05
2.37582e-05
3.77205e-05
5.23416e-05
6.88235e-05
8.58994e-05
0.000104048
0.000124276
9.87033e-06
1.17887e-05
1.36248e-05
2.00045e-05
3.32746e-05
5.09118e-05
7.09448e-05
9.13253e-05
0.000112717
0.000135479
1.00375e-05
1.19281e-05
1.35348e-05
1.62208e-05
2.8732e-05
4.90604e-05
7.23432e-05
9.55577e-05
0.000119839
0.000144961
1.01378e-05
1.20567e-05
1.37791e-05
1.47051e-05
2.41861e-05
4.66269e-05
7.29264e-05
9.84772e-05
0.000125177
0.000152691
1.01254e-05
1.20438e-05
1.41208e-05
1.56646e-05
1.92651e-05
4.41199e-05
7.26024e-05
9.97418e-05
0.00012812
0.000158189
9.9587e-06
1.18021e-05
1.41274e-05
1.6009e-05
1.86667e-05
4.1529e-05
7.10186e-05
9.85395e-05
0.000127426
0.000160135
9.62498e-06
1.1501e-05
1.39952e-05
1.60282e-05
1.98042e-05
3.86361e-05
6.74048e-05
9.34961e-05
0.000120791
0.00015537
9.14208e-06
1.11246e-05
1.36727e-05
1.58586e-05
2.06834e-05
3.7861e-05
6.57643e-05
9.14762e-05
0.000118148
0.000152657
8.48178e-06
1.06029e-05
1.31599e-05
1.55017e-05
2.16841e-05
4.02449e-05
6.79872e-05
9.40386e-05
0.000121554
0.000154952
8.5245e-06
1.0533e-05
1.26278e-05
1.48751e-05
2.23429e-05
4.25485e-05
6.93664e-05
9.46341e-05
0.000121596
0.000152477
8.83411e-06
1.06936e-05
1.24002e-05
1.45553e-05
2.33144e-05
4.39525e-05
6.89003e-05
9.26596e-05
0.000117982
0.00014627
9.09055e-06
1.09601e-05
1.25316e-05
1.48052e-05
2.5314e-05
4.4668e-05
6.70373e-05
8.87762e-05
0.000111758
0.000137434
9.17683e-06
1.11416e-05
1.27644e-05
1.58727e-05
2.87639e-05
4.54942e-05
6.45434e-05
8.36352e-05
0.000103793
0.000126737
9.0587e-06
1.1084e-05
1.30356e-05
1.85658e-05
3.26598e-05
4.65193e-05
6.18349e-05
7.76507e-05
9.46169e-05
0.000114577
8.7545e-06
1.07888e-05
1.32611e-05
2.25516e-05
3.6025e-05
4.7266e-05
5.87821e-05
7.0994e-05
8.45039e-05
0.000101053
8.33619e-06
1.02465e-05
1.36766e-05
2.64667e-05
3.84011e-05
4.7174e-05
5.52221e-05
6.36939e-05
7.34725e-05
8.5776e-05
7.92856e-06
9.54356e-06
1.4617e-05
2.93377e-05
3.94997e-05
4.60656e-05
5.14304e-05
5.67383e-05
6.26881e-05
7.00532e-05
7.92857e-06
9.54358e-06
1.4617e-05
2.93375e-05
3.94995e-05
4.60654e-05
5.14302e-05
5.67382e-05
6.26881e-05
7.00532e-05
8.43187e-06
1.02374e-05
1.31075e-05
2.65286e-05
3.87528e-05
4.79265e-05
5.66972e-05
6.56466e-05
7.53824e-05
8.75603e-05
8.76756e-06
1.0354e-05
1.22868e-05
2.21823e-05
3.64738e-05
4.80328e-05
6.03493e-05
7.31691e-05
8.66266e-05
0.000102628
8.99511e-06
1.03757e-05
1.21438e-05
1.84623e-05
3.26003e-05
4.68375e-05
6.27808e-05
7.9165e-05
9.59149e-05
0.000114894
9.17185e-06
1.0502e-05
1.23005e-05
1.58107e-05
2.80073e-05
4.50357e-05
6.44326e-05
8.38613e-05
0.000103589
0.000125093
9.31084e-06
1.07085e-05
1.25232e-05
1.40562e-05
2.43157e-05
4.2486e-05
6.52883e-05
8.71807e-05
0.000109537
0.000133325
9.38015e-06
1.08932e-05
1.26998e-05
1.40017e-05
2.16575e-05
3.96843e-05
6.51242e-05
8.89039e-05
0.000113405
0.000139442
9.321e-06
1.09073e-05
1.26415e-05
1.40225e-05
1.90301e-05
3.68727e-05
6.37879e-05
8.87322e-05
0.000114639
0.000143053
9.06597e-06
1.06417e-05
1.22452e-05
1.3716e-05
1.54525e-05
3.4186e-05
6.1148e-05
8.63363e-05
0.000112513
0.000143246
8.56468e-06
1.01156e-05
1.15737e-05
1.31127e-05
1.43161e-05
3.101e-05
5.72951e-05
8.20127e-05
0.000107052
0.000138534
7.88291e-06
9.47503e-06
1.08605e-05
1.25017e-05
1.47499e-05
2.81634e-05
5.55565e-05
8.12428e-05
0.000106882
0.000139151
7.2955e-06
8.99642e-06
1.02753e-05
1.19626e-05
1.49986e-05
2.90437e-05
5.76579e-05
8.41655e-05
0.000110526
0.000141485
7.49473e-06
9.02453e-06
9.95714e-06
1.17519e-05
1.60921e-05
3.20312e-05
5.95829e-05
8.51673e-05
0.000110731
0.000139377
7.98338e-06
9.36963e-06
1.01332e-05
1.20248e-05
1.93823e-05
3.60883e-05
6.07982e-05
8.43948e-05
0.000108218
0.00013432
8.42809e-06
9.76448e-06
1.07846e-05
1.32226e-05
2.42027e-05
4.00893e-05
6.1221e-05
8.22016e-05
0.000103665
0.000127134
8.65807e-06
1.01254e-05
1.17257e-05
1.6492e-05
2.92665e-05
4.3369e-05
6.08568e-05
7.88272e-05
9.7487e-05
0.000118261
8.70819e-06
1.04707e-05
1.29835e-05
2.09943e-05
3.38905e-05
4.59263e-05
5.98143e-05
7.44535e-05
8.99891e-05
0.0001079
8.62596e-06
1.08496e-05
1.49303e-05
2.59291e-05
3.78102e-05
4.77015e-05
5.81086e-05
6.91813e-05
8.1359e-05
9.60764e-05
8.40132e-06
1.11813e-05
1.75656e-05
3.03019e-05
4.06615e-05
4.83392e-05
5.5493e-05
6.29519e-05
7.15051e-05
8.23237e-05
7.89385e-06
1.12755e-05
2.02999e-05
3.33926e-05
4.1957e-05
4.7431e-05
5.18017e-05
5.61538e-05
6.11124e-05
6.74396e-05
9.05899e-06
1.18957e-05
2.14244e-05
3.39666e-05
4.26879e-05
4.93652e-05
5.53177e-05
6.14833e-05
6.83284e-05
7.66465e-05
9.25946e-06
1.16691e-05
1.88597e-05
3.19288e-05
4.26922e-05
5.20576e-05
6.13015e-05
7.09344e-05
8.17424e-05
9.5043e-05
9.46238e-06
1.15973e-05
1.60654e-05
2.83942e-05
4.08737e-05
5.29718e-05
6.58118e-05
7.92238e-05
9.38629e-05
0.000111097
9.67295e-06
1.16664e-05
1.43021e-05
2.37582e-05
3.77205e-05
5.23416e-05
6.88234e-05
8.58993e-05
0.000104048
0.000124276
9.87033e-06
1.17887e-05
1.36247e-05
2.00046e-05
3.32746e-05
5.09118e-05
7.09448e-05
9.13252e-05
0.000112717
0.000135479
1.00375e-05
1.19281e-05
1.35348e-05
1.62208e-05
2.8732e-05
4.90604e-05
7.23432e-05
9.55576e-05
0.000119839
0.000144961
1.01378e-05
1.20567e-05
1.37791e-05
1.4705e-05
2.41861e-05
4.66269e-05
7.29264e-05
9.84771e-05
0.000125177
0.000152691
1.01254e-05
1.20438e-05
1.41207e-05
1.56646e-05
1.92651e-05
4.41199e-05
7.26023e-05
9.97418e-05
0.00012812
0.000158189
9.95869e-06
1.18021e-05
1.41274e-05
1.60089e-05
1.86666e-05
4.1529e-05
7.10186e-05
9.85395e-05
0.000127426
0.000160135
9.62496e-06
1.1501e-05
1.39952e-05
1.60282e-05
1.98042e-05
3.86361e-05
6.74047e-05
9.34961e-05
0.000120791
0.00015537
9.14207e-06
1.11246e-05
1.36727e-05
1.58585e-05
2.06834e-05
3.7861e-05
6.57643e-05
9.14761e-05
0.000118148
0.000152656
8.48177e-06
1.06029e-05
1.31599e-05
1.55017e-05
2.16841e-05
4.02449e-05
6.79871e-05
9.40385e-05
0.000121553
0.000154952
8.52451e-06
1.0533e-05
1.26278e-05
1.4875e-05
2.23429e-05
4.25484e-05
6.93663e-05
9.4634e-05
0.000121596
0.000152477
8.83412e-06
1.06936e-05
1.24002e-05
1.45553e-05
2.33144e-05
4.39525e-05
6.89002e-05
9.26595e-05
0.000117982
0.00014627
9.09056e-06
1.09601e-05
1.25316e-05
1.48052e-05
2.5314e-05
4.4668e-05
6.70372e-05
8.87762e-05
0.000111758
0.000137434
9.17684e-06
1.11416e-05
1.27644e-05
1.58727e-05
2.87639e-05
4.54941e-05
6.45434e-05
8.36352e-05
0.000103793
0.000126737
9.05871e-06
1.10839e-05
1.30356e-05
1.85658e-05
3.26597e-05
4.65192e-05
6.18348e-05
7.76507e-05
9.46169e-05
0.000114577
8.75451e-06
1.07888e-05
1.32611e-05
2.25515e-05
3.60249e-05
4.72659e-05
5.8782e-05
7.0994e-05
8.45039e-05
0.000101054
8.3362e-06
1.02466e-05
1.36766e-05
2.64666e-05
3.8401e-05
4.71738e-05
5.5222e-05
6.36938e-05
7.34725e-05
8.5776e-05
7.92857e-06
9.54358e-06
1.4617e-05
2.93375e-05
3.94995e-05
4.60654e-05
5.14302e-05
5.67382e-05
6.26881e-05
7.00532e-05
7.92856e-06
9.54356e-06
1.4617e-05
2.93377e-05
3.94997e-05
4.60656e-05
5.14304e-05
5.67383e-05
6.26881e-05
7.00532e-05
8.43186e-06
1.02374e-05
1.31074e-05
2.65287e-05
3.87529e-05
4.79266e-05
5.66973e-05
6.56467e-05
7.53824e-05
8.75602e-05
8.76756e-06
1.0354e-05
1.22868e-05
2.21824e-05
3.64739e-05
4.80329e-05
6.03494e-05
7.31691e-05
8.66266e-05
0.000102628
8.99511e-06
1.03757e-05
1.21438e-05
1.84624e-05
3.26003e-05
4.68376e-05
6.27809e-05
7.9165e-05
9.59149e-05
0.000114893
9.17185e-06
1.0502e-05
1.23005e-05
1.58107e-05
2.80073e-05
4.50358e-05
6.44327e-05
8.38613e-05
0.000103589
0.000125093
9.31085e-06
1.07085e-05
1.25233e-05
1.40562e-05
2.43157e-05
4.2486e-05
6.52883e-05
8.71807e-05
0.000109537
0.000133325
9.38016e-06
1.08932e-05
1.26998e-05
1.40017e-05
2.16576e-05
3.96843e-05
6.51243e-05
8.8904e-05
0.000113405
0.000139442
9.32102e-06
1.09073e-05
1.26416e-05
1.40226e-05
1.90301e-05
3.68726e-05
6.3788e-05
8.87323e-05
0.000114639
0.000143053
9.066e-06
1.06418e-05
1.22453e-05
1.37161e-05
1.54526e-05
3.41859e-05
6.11481e-05
8.63364e-05
0.000112513
0.000143246
8.56472e-06
1.01157e-05
1.15738e-05
1.31127e-05
1.43161e-05
3.10101e-05
5.72951e-05
8.20128e-05
0.000107052
0.000138535
7.88295e-06
9.47506e-06
1.08605e-05
1.25017e-05
1.47498e-05
2.81635e-05
5.55565e-05
8.12429e-05
0.000106883
0.000139151
7.29552e-06
8.99643e-06
1.02753e-05
1.19626e-05
1.49986e-05
2.90437e-05
5.76579e-05
8.41655e-05
0.000110526
0.000141485
7.49472e-06
9.02452e-06
9.95712e-06
1.17519e-05
1.6092e-05
3.20312e-05
5.9583e-05
8.51673e-05
0.000110731
0.000139377
7.98336e-06
9.36961e-06
1.01332e-05
1.20247e-05
1.93821e-05
3.60882e-05
6.07982e-05
8.43948e-05
0.000108218
0.00013432
8.42807e-06
9.76444e-06
1.07846e-05
1.32225e-05
2.42026e-05
4.00892e-05
6.1221e-05
8.22017e-05
0.000103665
0.000127134
8.65805e-06
1.01253e-05
1.17257e-05
1.64919e-05
2.92664e-05
4.33689e-05
6.08568e-05
7.88272e-05
9.74871e-05
0.000118261
8.70818e-06
1.04707e-05
1.29835e-05
2.09942e-05
3.38904e-05
4.59263e-05
5.98143e-05
7.44535e-05
8.99891e-05
0.0001079
8.62596e-06
1.08495e-05
1.49302e-05
2.5929e-05
3.78101e-05
4.77015e-05
5.81086e-05
6.91814e-05
8.13591e-05
9.60764e-05
8.40132e-06
1.11813e-05
1.75656e-05
3.03019e-05
4.06615e-05
4.83392e-05
5.5493e-05
6.29519e-05
7.15051e-05
8.23237e-05
7.89385e-06
1.12755e-05
2.02999e-05
3.33926e-05
4.1957e-05
4.7431e-05
5.18017e-05
5.61538e-05
6.11124e-05
6.74396e-05
)
;
    }
}


// ************************************************************************* //
