/*--------------------------------*- C++ -*----------------------------------*\
| =========                 |                                                 |
| \\      /  F ield         | OpenFOAM: The Open Source CFD Toolbox           |
|  \\    /   O peration     | Version:  1.7.1                                 |
|   \\  /    A nd           | Web:      www.OpenFOAM.com                      |
|    \\/     M anipulation  |                                                 |
\*---------------------------------------------------------------------------*/
FoamFile
{
    version     2.0;
    format      ascii;
    class       volScalarField;
    location    "800";
    object      p_rgh;
}
// * * * * * * * * * * * * * * * * * * * * * * * * * * * * * * * * * * * * * //

dimensions      [1 -1 -2 0 0 0 0];

internalField   nonuniform List<scalar> 
4000
(
100108
100108
100108
100108
100108
100108
100108
100108
100108
100108
100108
100108
100108
100108
100108
100108
100108
100108
100108
100108
100108
100108
100108
100108
100108
100108
100108
100108
100108
100108
100108
100108
100108
100108
100108
100108
100108
100108
100108
100108
100108
100108
100108
100108
100108
100108
100108
100108
100108
100108
100108
100108
100108
100108
100108
100108
100108
100108
100108
100108
100108
100108
100108
100108
100108
100108
100108
100108
100108
100108
100108
100108
100108
100108
100108
100108
100108
100108
100108
100108
100108
100108
100108
100108
100108
100108
100108
100108
100108
100108
100108
100108
100108
100108
100108
100108
100108
100108
100108
100108
100108
100108
100108
100108
100108
100108
100108
100108
100108
100108
100108
100108
100108
100108
100108
100108
100108
100108
100108
100108
100108
100108
100108
100108
100108
100108
100108
100108
100108
100108
100108
100108
100108
100108
100108
100108
100108
100108
100108
100108
100108
100108
100108
100108
100108
100108
100108
100108
100108
100108
100108
100108
100108
100108
100108
100108
100108
100108
100108
100108
100108
100108
100108
100108
100108
100108
100108
100108
100108
100108
100108
100108
100108
100108
100108
100108
100108
100108
100108
100108
100108
100108
100108
100108
100108
100108
100108
100108
100108
100108
100108
100108
100108
100108
100108
100108
100108
100108
100108
100108
100108
100108
100108
100108
100108
100108
100108
100108
100108
100108
100108
100108
100108
100108
100108
100108
100108
100108
100108
100108
100108
100108
100108
100108
100108
100108
100108
100108
100108
100108
100108
100108
100108
100108
100108
100108
100108
100108
100108
100108
100108
100108
100108
100108
100108
100108
100108
100108
100108
100108
100108
100108
100108
100108
100108
100108
100108
100108
100108
100108
100108
100108
100108
100108
100108
100108
100108
100108
100108
100108
100108
100108
100108
100108
100108
100108
100108
100108
100108
100108
100108
100108
100108
100108
100108
100108
100108
100108
100108
100108
100108
100108
100108
100108
100108
100108
100108
100108
100108
100108
100108
100108
100108
100108
100108
100108
100108
100108
100108
100108
100108
100108
100108
100108
100108
100108
100108
100108
100108
100108
100108
100108
100108
100108
100108
100108
100108
100108
100108
100108
100108
100108
100108
100108
100108
100108
100108
100108
100108
100108
100108
100108
100108
100108
100108
100108
100108
100108
100108
100108
100108
100108
100108
100108
100108
100108
100108
100108
100108
100108
100108
100108
100108
100108
100108
100108
100108
100108
100108
100108
100108
100108
100108
100108
100108
100108
100108
100108
100108
100108
100108
100108
100108
100108
100108
100108
100108
100108
100108
100108
100108
100108
100108
100108
100108
100108
100108
100108
100108
100108
100108
100108
100108
100108
100108
100108
100108
100108
100108
100108
100108
100108
100108
100108
100108
100108
100108
100108
100108
100108
100108
100108
100108
100108
100108
100108
100108
100108
100108
100108
100108
100108
100108
100108
100108
100108
100108
100108
100108
100108
100108
100108
100108
100108
100108
100108
100108
100108
100108
100108
100108
100108
100108
100108
100108
100108
100108
100108
100108
100108
100108
100108
100108
100108
100108
100108
100108
100108
100108
100108
100108
100108
100108
100108
100108
100108
100108
100108
100108
100108
100108
100108
100108
100108
100108
100108
100108
100108
100108
100108
100108
100108
100108
100108
100108
100108
100108
100108
100108
100108
100108
100108
100108
100108
100108
100108
100108
100108
100108
100108
100108
100108
100108
100108
100108
100108
100108
100108
100108
100108
100108
100108
100108
100108
100108
100108
100108
100108
100108
100108
100108
100108
100108
100108
100108
100108
100108
100108
100108
100108
100108
100108
100108
100108
100108
100108
100108
100108
100108
100108
100108
100108
100108
100108
100108
100108
100108
100108
100108
100108
100108
100108
100108
100108
100108
100108
100108
100108
100108
100108
100108
100108
100108
100108
100108
100108
100108
100108
100108
100108
100108
100108
100108
100108
100108
100108
100108
100108
100108
100108
100108
100108
100108
100108
100108
100108
100108
100108
100108
100108
100108
100108
100108
100108
100108
100108
100108
100108
100108
100108
100108
100108
100108
100108
100108
100108
100108
100108
100108
100108
100108
100108
100108
100108
100108
100108
100108
100108
100108
100108
100108
100108
100108
100108
100108
100108
100108
100108
100108
100108
100108
100108
100108
100108
100108
100108
100108
100108
100108
100108
100108
100108
100108
100108
100108
100108
100108
100108
100108
100108
100108
100108
100108
100108
100108
100108
100108
100108
100108
100108
100108
100108
100108
100108
100108
100108
100108
100108
100108
100108
100108
100108
100108
100108
100108
100108
100108
100108
100108
100108
100108
100108
100108
100108
100108
100108
100108
100108
100108
100108
100108
100108
100108
100108
100108
100108
100108
100108
100108
100108
100108
100108
100108
100108
100108
100108
100108
100108
100108
100108
100108
100108
100108
100108
100108
100108
100108
100108
100108
100108
100108
100108
100108
100108
100108
100108
100108
100108
100108
100108
100108
100108
100108
100108
100108
100108
100108
100108
100108
100108
100108
100108
100108
100108
100108
100108
100108
100108
100108
100108
100108
100108
100108
100108
100108
100108
100108
100108
100108
100108
100108
100108
100108
100108
100108
100108
100108
100108
100108
100108
100108
100108
100108
100108
100108
100108
100108
100108
100108
100108
100108
100108
100108
100108
100108
100108
100108
100108
100108
100108
100108
100108
100108
100108
100108
100108
100108
100108
100108
100108
100108
100108
100108
100108
100108
100108
100108
100108
100108
100108
100108
100108
100108
100108
100108
100108
100108
100108
100108
100108
100108
100108
100108
100108
100108
100108
100108
100108
100108
100108
100108
100108
100108
100108
100108
100108
100108
100108
100108
100108
100108
100108
100108
100108
100108
100108
100108
100108
100108
100108
100108
100108
100108
100108
100108
100108
100108
100108
100108
100108
100108
100108
100108
100108
100108
100108
100108
100108
100108
100108
100108
100108
100108
100108
100108
100108
100108
100108
100108
100108
100108
100108
100108
100108
100108
100108
100108
100108
100108
100108
100108
100108
100108
100108
100108
100108
100108
100108
100108
100108
100108
100108
100108
100108
100108
100108
100108
100108
100108
100108
100108
100108
100108
100108
100108
100108
100108
100108
100108
100108
100108
100108
100108
100108
100108
100108
100108
100108
100108
100108
100108
100108
100108
100108
100108
100108
100108
100108
100108
100108
100108
100108
100108
100108
100108
100108
100108
100108
100108
100108
100108
100108
100108
100108
100108
100108
100108
100108
100108
100108
100108
100108
100108
100108
100108
100108
100108
100108
100108
100108
100108
100108
100108
100108
100108
100108
100108
100108
100108
100108
100108
100108
100108
100108
100108
100108
100108
100108
100108
100108
100108
100108
100108
100108
100108
100108
100108
100108
100108
100108
100108
100108
100108
100108
100108
100108
100108
100108
100108
100108
100108
100108
100108
100108
100108
100108
100108
100108
100108
100108
100108
100108
100108
100108
100108
100108
100108
100108
100108
100108
100108
100108
100108
100108
100108
100108
100108
100108
100108
100108
100108
100108
100108
100108
100108
100108
100108
100108
100108
100108
100108
100108
100108
100108
100108
100108
100108
100108
100108
100108
100108
100108
100108
100108
100108
100108
100108
100108
100108
100108
100108
100108
100108
100108
100108
100108
100108
100108
100108
100108
100108
100108
100108
100108
100108
100108
100108
100108
100108
100108
100108
100108
100108
100108
100108
100108
100108
100108
100108
100108
100108
100108
100108
100108
100108
100108
100108
100108
100108
100108
100108
100108
100108
100108
100108
100108
100108
100108
100108
100108
100108
100108
100108
100108
100108
100108
100108
100108
100108
100108
100108
100108
100108
100108
100108
100108
100108
100108
100108
100108
100108
100108
100108
100108
100108
100108
100108
100108
100108
100108
100108
100108
100108
100108
100108
100108
100108
100108
100108
100108
100108
100108
100108
100108
100108
100108
100108
100108
100108
100108
100108
100108
100108
100108
100108
100108
100108
100108
100108
100108
100108
100108
100108
100108
100108
100108
100108
100108
100108
100108
100108
100108
100108
100108
100108
100108
100108
100108
100108
100108
100108
100108
100108
100108
100108
100108
100108
100108
100108
100108
100108
100108
100108
100108
100108
100108
100108
100108
100108
100108
100108
100108
100108
100108
100108
100108
100108
100108
100108
100108
100108
100108
100108
100108
100108
100108
100108
100108
100108
100108
100108
100108
100108
100108
100108
100108
100108
100108
100108
100108
100108
100108
100108
100108
100108
100108
100108
100108
100108
100108
100108
100108
100108
100108
100108
100108
100108
100108
100108
100108
100108
100108
100108
100108
100108
100108
100108
100108
100108
100108
100108
100108
100108
100108
100108
100108
100108
100108
100108
100108
100108
100108
100108
100108
100108
100108
100108
100108
100108
100108
100108
100108
100108
100108
100108
100108
100108
100108
100108
100108
100108
100108
100108
100108
100108
100108
100108
100108
100108
100108
100108
100108
100108
100108
100108
100108
100108
100108
100108
100108
100108
100108
100108
100108
100108
100108
100108
100108
100108
100108
100108
100108
100108
100108
100108
100108
100108
100108
100108
100108
100108
100108
100108
100108
100108
100108
100108
100108
100108
100108
100108
100108
100108
100108
100108
100108
100108
100108
100108
100108
100108
100108
100108
100108
100108
100108
100108
100108
100108
100108
100108
100108
100108
100108
100108
100108
100108
100108
100108
100108
100108
100108
100108
100108
100108
100108
100108
100108
100108
100108
100108
100108
100108
100108
100108
100108
100108
100108
100108
100108
100108
100108
100108
100108
100108
100108
100108
100108
100108
100108
100108
100108
100108
100108
100108
100108
100108
100108
100108
100108
100108
100108
100108
100108
100108
100108
100108
100108
100108
100108
100108
100108
100108
100108
100108
100108
100108
100108
100108
100108
100108
100108
100108
100108
100108
100108
100108
100108
100108
100108
100108
100108
100108
100108
100108
100108
100108
100108
100108
100108
100108
100108
100108
100108
100108
100108
100108
100108
100108
100108
100108
100108
100108
100108
100108
100108
100108
100108
100108
100108
100108
100108
100108
100108
100108
100108
100108
100108
100108
100108
100108
100108
100108
100108
100108
100108
100108
100108
100108
100108
100108
100108
100108
100108
100108
100108
100108
100108
100108
100108
100108
100108
100108
100108
100108
100108
100108
100108
100108
100108
100108
100108
100108
100108
100108
100108
100108
100108
100108
100108
100108
100108
100108
100108
100108
100108
100108
100108
100108
100108
100108
100108
100108
100108
100108
100108
100108
100108
100108
100108
100108
100108
100108
100108
100108
100108
100108
100108
100108
100108
100108
100108
100108
100108
100108
100108
100108
100108
100108
100108
100108
100108
100108
100108
100108
100108
100108
100108
100108
100108
100108
100108
100108
100108
100108
100108
100108
100108
100108
100108
100108
100108
100108
100108
100108
100108
100108
100108
100108
100108
100108
100108
100108
100108
100108
100108
100108
100108
100108
100108
100108
100108
100108
100108
100108
100108
100108
100108
100108
100108
100108
100108
100108
100108
100108
100108
100108
100108
100108
100108
100108
100108
100108
100108
100108
100108
100108
100108
100108
100108
100108
100108
100108
100108
100108
100108
100108
100108
100108
100108
100108
100108
100108
100108
100108
100108
100108
100108
100108
100108
100108
100108
100108
100108
100108
100108
100108
100108
100108
100108
100108
100108
100108
100108
100108
100108
100108
100108
100108
100108
100108
100108
100108
100108
100108
100108
100108
100108
100108
100108
100108
100108
100108
100108
100108
100108
100108
100108
100108
100108
100108
100108
100108
100108
100108
100108
100108
100108
100108
100108
100108
100108
100108
100108
100108
100108
100108
100108
100108
100108
100108
100108
100108
100108
100108
100108
100108
100108
100108
100108
100108
100108
100108
100108
100108
100108
100108
100108
100108
100108
100108
100108
100108
100108
100108
100108
100108
100108
100108
100108
100108
100108
100108
100108
100108
100108
100108
100108
100108
100108
100108
100108
100108
100108
100108
100108
100108
100108
100108
100108
100108
100108
100108
100108
100108
100108
100108
100108
100108
100108
100108
100108
100108
100108
100108
100108
100108
100108
100108
100108
100108
100108
100108
100108
100108
100108
100108
100108
100108
100108
100108
100108
100108
100108
100108
100108
100108
100108
100108
100108
100108
100108
100108
100108
100108
100108
100108
100108
100108
100108
100108
100108
100108
100108
100108
100108
100108
100108
100108
100108
100108
100108
100108
100108
100108
100108
100108
100108
100108
100108
100108
100108
100108
100108
100108
100108
100108
100108
100108
100108
100108
100108
100108
100108
100108
100108
100108
100108
100108
100108
100108
100108
100108
100108
100108
100108
100108
100108
100108
100108
100108
100108
100108
100108
100108
100108
100108
100108
100108
100108
100108
100108
100108
100108
100108
100108
100108
100108
100108
100108
100108
100108
100108
100108
100108
100108
100108
100108
100108
100108
100108
100108
100108
100108
100108
100108
100108
100108
100108
100108
100108
100108
100108
100108
100108
100108
100108
100108
100108
100108
100108
100108
100108
100108
100108
100108
100108
100108
100108
100108
100108
100108
100108
100108
100108
100108
100108
100108
100108
100108
100108
100108
100108
100108
100108
100108
100108
100108
100108
100108
100108
100108
100108
100108
100108
100108
100108
100108
100108
100108
100108
100108
100108
100108
100108
100108
100108
100108
100108
100108
100108
100108
100108
100108
100108
100108
100108
100108
100108
100108
100108
100108
100108
100108
100108
100108
100108
100108
100108
100108
100108
100108
100108
100108
100108
100108
100108
100108
100108
100108
100108
100108
100108
100108
100108
100108
100108
100108
100108
100108
100108
100108
100108
100108
100108
100108
100108
100108
100108
100108
100108
100108
100108
100108
100108
100108
100108
100108
100108
100108
100108
100108
100108
100108
100108
100108
100108
100108
100108
100108
100108
100108
100108
100108
100108
100108
100108
100108
100108
100108
100108
100108
100108
100108
100108
100108
100108
100108
100108
100108
100108
100108
100108
100108
100108
100108
100108
100108
100108
100108
100108
100108
100108
100108
100108
100108
100108
100108
100108
100108
100108
100108
100108
100108
100108
100108
100108
100108
100108
100108
100108
100108
100108
100108
100108
100108
100108
100108
100108
100108
100108
100108
100108
100108
100108
100108
100108
100108
100108
100108
100108
100108
100108
100108
100108
100108
100108
100108
100108
100108
100108
100108
100108
100108
100108
100108
100108
100108
100108
100108
100108
100108
100108
100108
100108
100108
100108
100108
100108
100108
100108
100108
100108
100108
100108
100108
100108
100108
100108
100108
100108
100108
100108
100108
100108
100108
100108
100108
100108
100108
100108
100108
100108
100108
100108
100108
100108
100108
100108
100108
100108
100108
100108
100108
100108
100108
100108
100108
100108
100108
100108
100108
100108
100108
100108
100108
100108
100108
100108
100108
100108
100108
100108
100108
100108
100108
100108
100108
100108
100108
100108
100108
100108
100108
100108
100108
100108
100108
100108
100108
100108
100108
100108
100108
100108
100108
100108
100108
100108
100108
100108
100108
100108
100108
100108
100108
100108
100108
100108
100108
100108
100108
100108
100108
100108
100108
100108
100108
100108
100108
100108
100108
100108
100108
100108
100108
100108
100108
100108
100108
100108
100108
100108
100108
100108
100108
100108
100108
100108
100108
100108
100108
100108
100108
100108
100108
100108
100108
100108
100108
100108
100108
100108
100108
100108
100108
100108
100108
100108
100108
100108
100108
100108
100108
100108
100108
100108
100108
100108
100108
100108
100108
100108
100108
100108
100108
100108
100108
100108
100108
100108
100108
100108
100108
100108
100108
100108
100108
100108
100108
100108
100108
100108
100108
100108
100108
100108
100108
100108
100108
100108
100108
100108
100108
100108
100108
100108
100108
100108
100108
100108
100108
100108
100108
100108
100108
100108
100108
100108
100108
100108
100108
100108
100108
100108
100108
100108
100108
100108
100108
100108
100108
100108
100108
100108
100108
100108
100108
100108
100108
100108
100108
100108
100108
100108
100108
100108
100108
100108
100108
100108
100108
100108
100108
100108
100108
100108
100108
100108
100108
100108
100108
100108
100108
100108
100108
100108
100108
100108
100108
100108
100108
100108
100108
100108
100108
100108
100108
100108
100108
100108
100108
100108
100108
100108
100108
100108
100108
100108
100108
100108
100108
100108
100108
100108
100108
100108
100108
100108
100108
100108
100108
100108
100108
100108
100108
100108
100108
100108
100108
100108
100108
100108
100108
100108
100108
100108
100108
100108
100108
100108
100108
100108
100108
100108
100108
100108
100108
100108
100108
100108
100108
100108
100108
100108
100108
100108
100108
100108
100108
100108
100108
100108
100108
100108
100108
100108
100108
100108
100108
100108
100108
100108
100108
100108
100108
100108
100108
100108
100108
100108
100108
100108
100108
100108
100108
100108
100108
100108
100108
100108
100108
100108
100108
100108
100108
100108
100108
100108
100108
100108
100108
100108
100108
100108
100108
100108
100108
100108
100108
100108
100108
100108
100108
100108
100108
100108
100108
100108
100108
100108
100108
100108
100108
100108
100108
100108
100108
100108
100108
100108
100108
100108
100108
100108
100108
100108
100108
100108
100108
100108
100108
100108
100108
100108
100108
100108
100108
100108
100108
100108
100108
100108
100108
100108
100108
100108
100108
100108
100108
100108
100108
100108
100108
100108
100108
100108
100108
100108
100108
100108
100108
100108
100108
100108
100108
100108
100108
100108
100108
100108
100108
100108
100108
100108
100108
100108
100108
100108
100108
100108
100108
100108
100108
100108
100108
100108
100108
100108
100108
100108
100108
100108
100108
100108
100108
100108
100108
100108
100108
100108
100108
100108
100108
100108
100108
100108
100108
100108
100108
100108
100108
100108
100108
100108
100108
100108
100108
100108
100108
100108
100108
100108
100108
100108
100108
100108
100108
100108
100108
100108
100108
100108
100108
100108
100108
100108
100108
100108
100108
100108
100108
100108
100108
100108
100108
100108
100108
100108
100108
100108
100108
100108
100108
100108
100108
100108
100108
100108
100108
100108
100108
100108
100108
100108
100108
100108
100108
100108
100108
100108
100108
100108
100108
100108
100108
100108
100108
100108
100108
100108
100108
100108
100108
100108
100108
100108
100108
100108
100108
100108
100108
100108
100108
100108
100108
100108
100108
100108
100108
100108
100108
100108
100108
100108
100108
100108
100108
100108
100108
100108
100108
100108
100108
100108
100108
100108
100108
100108
100108
100108
100108
100108
100108
100108
100108
100108
100108
100108
100108
100108
100108
100108
100108
100108
100108
100108
100108
100108
100108
100108
100108
100108
100108
100108
100108
100108
100108
100108
100108
100108
100108
100108
100108
100108
100108
100108
100108
100108
100108
100108
100108
100108
100108
100108
100108
100108
100108
100108
100108
100108
100108
100108
100108
100108
100108
100108
100108
100108
100108
100108
100108
100108
100108
100108
100108
100108
100108
100108
100108
100108
100108
100108
100108
100108
100108
100108
100108
100108
100108
100108
100108
100108
100108
100108
100108
100108
100108
100108
100108
100108
100108
100108
100108
100108
100108
100108
100108
100108
100108
100108
100108
100108
100108
100108
100108
100108
100108
100108
100108
100108
100108
100108
100108
100108
100108
100108
100108
100108
100108
100108
100108
100108
100108
100108
100108
100108
100108
100108
100108
100108
100108
100108
100108
100108
100108
100108
100108
100108
100108
100108
100108
100108
100108
100108
100108
100108
100108
100108
100108
100108
100108
100108
100108
100108
100108
100108
100108
100108
100108
100108
100108
100108
100108
100108
100108
100108
100108
100108
100108
100108
100108
100108
100108
100108
100108
100108
100108
100108
100108
100108
100108
100108
100108
100108
100108
100108
100108
100108
100108
100108
100108
100108
100108
100108
100108
100108
100108
100108
100108
100108
100108
100108
100108
100108
100108
100108
100108
100108
100108
100108
100108
100108
100108
100108
100108
100108
100108
100108
100108
100108
100108
100108
100108
100108
100108
100108
100108
100108
100108
100108
100108
100108
100108
100108
100108
100108
100108
100108
100108
100108
100108
100108
100108
100108
100108
100108
100108
100108
100108
100108
100108
100108
100108
100108
100108
100108
100108
100108
100108
100108
100108
100108
100108
100108
100108
100108
100108
100108
100108
100108
100108
100108
100108
100108
100108
100108
100108
100108
100108
100108
100108
100108
100108
100108
100108
100108
100108
100108
100108
100108
100108
100108
100108
100108
100108
100108
100108
100108
100108
100108
100108
100108
100108
100108
100108
100108
100108
100108
100108
100108
100108
100108
100108
100108
100108
100108
100108
100108
100108
100108
100108
100108
100108
100108
100108
100108
100108
100108
100108
100108
100108
100108
100108
100108
100108
100108
100108
100108
100108
100108
100108
100108
100108
100108
100108
100108
100108
100108
100108
100108
100108
100108
100108
100108
100108
100108
100108
100108
100108
100108
100108
100108
100108
100108
100108
100108
100108
100108
100108
100108
100108
100108
100108
100108
100108
100108
100108
100108
100108
100108
100108
100108
100108
100108
100108
100108
100108
100108
100108
100108
100108
100108
100108
100108
100108
100108
100108
100108
100108
100108
100108
100108
100108
100108
100108
100108
100108
100108
100108
100108
100108
100108
100108
100108
100108
100108
100108
100108
100108
100108
100108
100108
100108
100108
100108
100108
100108
100108
100108
100108
100108
100108
100108
100108
100108
100108
100108
100108
100108
100108
100108
100108
100108
100108
100108
100108
100108
100108
100108
100108
100108
100108
100108
100108
100108
100108
100108
100108
100108
100108
100108
100108
100108
100108
100108
100108
100108
100108
100108
100108
100108
100108
100108
100108
100108
100108
100108
100108
100108
100108
100108
100108
100108
100108
100108
100108
100108
100108
100108
100108
100108
100108
100108
100108
100108
100108
100108
100108
100108
100108
100108
100108
100108
100108
100108
100108
100108
100108
100108
100108
100108
100108
100108
100108
100108
100108
100108
100108
100108
100108
100108
100108
100108
100108
100108
100108
100108
100108
100108
100108
100108
100108
100108
100108
100108
100108
100108
100108
100108
100108
100108
100108
100108
100108
100108
100108
100108
100108
100108
100108
100108
100108
100108
100108
100108
100108
100108
100108
100108
100108
100108
100108
100108
100108
100108
100108
100108
100108
100108
100108
100108
100108
100108
100108
100108
100108
100108
100108
100108
100108
100108
100108
100108
100108
100108
100108
100108
100108
100108
100108
100108
100108
100108
100108
100108
100108
100108
100108
100108
100108
100108
100108
100108
100108
100108
100108
100108
100108
100108
100108
100108
100108
100108
100108
100108
100108
100108
100108
100108
100108
100108
100108
100108
100108
100108
100108
100108
100108
100108
100108
100108
100108
100108
100108
100108
100108
100108
100108
100108
100108
100108
100108
100108
100108
100108
100108
100108
100108
100108
100108
100108
100108
100108
100108
100108
100108
100108
100108
100108
100108
100108
100108
100108
100108
100108
100108
100108
100108
100108
100108
100108
100108
100108
100108
100108
100108
100108
100108
100108
100108
100108
100108
100108
100108
100108
100108
100108
100108
100108
100108
100108
100108
100108
100108
100108
100108
100108
100108
100108
100108
100108
100108
100108
100108
100108
100108
100108
100108
100108
100108
100108
100108
100108
100108
100108
100108
100108
100108
100108
100108
100108
100108
100108
100108
100108
100108
100108
100108
100108
100108
100108
100108
100108
100108
100108
100108
100108
100108
100108
100108
100108
100108
100108
100108
100108
100108
100108
100108
100108
100108
100108
100108
100108
100108
100108
100108
100108
100108
100108
100108
100108
100108
100108
100108
100108
100108
100108
100108
100108
100108
100108
100108
100108
100108
100108
100108
100108
100108
100108
100108
100108
100108
100108
100108
100108
100108
100108
100108
100108
100108
100108
100108
100108
100108
100108
100108
100108
100108
100108
100108
100108
100108
100108
100108
100108
100108
100108
100108
100108
100108
100108
100108
100108
100108
100108
100108
100108
100108
100108
100108
100108
100108
100108
100108
100108
100108
100108
100108
100108
100108
100108
100108
100108
100108
100108
100108
100108
100108
100108
100108
100108
100108
100108
100108
100108
100108
100108
100108
100108
100108
100108
100108
100108
100108
100108
100108
100108
100108
100108
100108
100108
100108
100108
100108
100108
100108
100108
100108
100108
100108
100108
100108
100108
100108
100108
100108
100108
100108
100108
100108
100108
100108
100108
100108
100108
100108
100108
100108
100108
100108
100108
100108
100108
100108
100108
100108
100108
100108
100108
100108
100108
100108
100108
100108
100108
100108
100108
100108
100108
100108
100108
100108
100108
100108
100108
100108
100108
100108
100108
100108
100108
100108
100108
100108
100108
100108
100108
100108
100108
100108
100108
100108
100108
100108
100108
100108
100108
100108
100108
100108
100108
100108
100108
100108
100108
100108
100108
100108
100108
100108
100108
100108
100108
100108
100108
100108
100108
100108
100108
100108
100108
100108
100108
100108
100108
100108
100108
100108
100108
100108
100108
100108
100108
100108
100108
100108
100108
100108
100108
100108
100108
100108
100108
100108
100108
100108
100108
100108
100108
100108
100108
100108
100108
100108
100108
100108
100108
100108
100108
100108
100108
100108
100108
100108
100108
100108
100108
100108
100108
100108
100108
100108
100108
100108
100108
100108
100108
100108
100108
100108
100108
100108
100108
100108
100108
100108
100108
100108
100108
100108
100108
100108
100108
100108
100108
100108
100108
100108
100108
100108
100108
100108
100108
100108
100108
100108
100108
100108
100108
100108
100108
100108
100108
100108
100108
100108
100108
100108
100108
100108
100108
100108
100108
100108
100108
100108
100108
100108
100108
100108
100108
100108
100108
100108
100108
100108
100108
100108
100108
100108
100108
100108
100108
100108
100108
100108
100108
100108
100108
100108
100108
100108
100108
100108
100108
100108
100108
100108
100108
100108
100108
100108
100108
100108
100108
100108
100108
100108
100108
100108
100108
100108
100108
100108
100108
100108
100108
100108
100108
100108
100108
100108
100108
100108
100108
100108
100108
100108
100108
100108
100108
100108
100108
100108
100108
100108
100108
100108
100108
100108
100108
100108
100108
100108
100108
100108
100108
100108
100108
100108
100108
100108
100108
100108
100108
100108
100108
100108
100108
100108
100108
100108
100108
100108
100108
100108
100108
100108
100108
100108
100108
100108
100108
100108
100108
100108
100108
100108
100108
100108
100108
100108
100108
100108
100108
100108
100108
100108
100108
100108
100108
100108
100108
100108
100108
100108
100108
100108
100108
100108
100108
100108
100108
100108
100108
100108
100108
100108
100108
100108
100108
100108
100108
100108
100108
100108
100108
100108
100108
100108
100108
100108
100108
100108
100108
100108
100108
100108
100108
100108
100108
100108
100108
100108
100108
100108
100108
100108
100108
100108
100108
100108
100108
100108
100108
100108
100108
100108
100108
)
;

boundaryField
{
    floor
    {
        type            buoyantPressure;
        gradient        uniform -0;
        rho             rho;
        value           nonuniform List<scalar> 
400
(
100108
100108
100108
100108
100108
100108
100108
100108
100108
100108
100108
100108
100108
100108
100108
100108
100108
100108
100108
100108
100108
100108
100108
100108
100108
100108
100108
100108
100108
100108
100108
100108
100108
100108
100108
100108
100108
100108
100108
100108
100108
100108
100108
100108
100108
100108
100108
100108
100108
100108
100108
100108
100108
100108
100108
100108
100108
100108
100108
100108
100108
100108
100108
100108
100108
100108
100108
100108
100108
100108
100108
100108
100108
100108
100108
100108
100108
100108
100108
100108
100108
100108
100108
100108
100108
100108
100108
100108
100108
100108
100108
100108
100108
100108
100108
100108
100108
100108
100108
100108
100108
100108
100108
100108
100108
100108
100108
100108
100108
100108
100108
100108
100108
100108
100108
100108
100108
100108
100108
100108
100108
100108
100108
100108
100108
100108
100108
100108
100108
100108
100108
100108
100108
100108
100108
100108
100108
100108
100108
100108
100108
100108
100108
100108
100108
100108
100108
100108
100108
100108
100108
100108
100108
100108
100108
100108
100108
100108
100108
100108
100108
100108
100108
100108
100108
100108
100108
100108
100108
100108
100108
100108
100108
100108
100108
100108
100108
100108
100108
100108
100108
100108
100108
100108
100108
100108
100108
100108
100108
100108
100108
100108
100108
100108
100108
100108
100108
100108
100108
100108
100108
100108
100108
100108
100108
100108
100108
100108
100108
100108
100108
100108
100108
100108
100108
100108
100108
100108
100108
100108
100108
100108
100108
100108
100108
100108
100108
100108
100108
100108
100108
100108
100108
100108
100108
100108
100108
100108
100108
100108
100108
100108
100108
100108
100108
100108
100108
100108
100108
100108
100108
100108
100108
100108
100108
100108
100108
100108
100108
100108
100108
100108
100108
100108
100108
100108
100108
100108
100108
100108
100108
100108
100108
100108
100108
100108
100108
100108
100108
100108
100108
100108
100108
100108
100108
100108
100108
100108
100108
100108
100108
100108
100108
100108
100108
100108
100108
100108
100108
100108
100108
100108
100108
100108
100108
100108
100108
100108
100108
100108
100108
100108
100108
100108
100108
100108
100108
100108
100108
100108
100108
100108
100108
100108
100108
100108
100108
100108
100108
100108
100108
100108
100108
100108
100108
100108
100108
100108
100108
100108
100108
100108
100108
100108
100108
100108
100108
100108
100108
100108
100108
100108
100108
100108
100108
100108
100108
100108
100108
100108
100108
100108
100108
100108
100108
100108
100108
100108
100108
100108
100108
100108
100108
100108
100108
100108
100108
100108
100108
100108
100108
100108
100108
100108
100108
100108
100108
100108
100108
100108
100108
100108
100108
100108
100108
100108
100108
100108
100108
100108
)
;
    }
    ceiling
    {
        type            buoyantPressure;
        gradient        nonuniform List<scalar> 
400
(
0.181155
0.184715
0.187503
0.189656
0.191376
0.192773
0.193868
0.194602
0.194818
0.194191
0.194404
0.195118
0.1951
0.194454
0.193316
0.191798
0.189954
0.187778
0.185254
0.18257
0.184715
0.187715
0.190115
0.192079
0.193755
0.195214
0.196439
0.19732
0.197638
0.197091
0.19762
0.198437
0.198387
0.197612
0.196308
0.194658
0.192766
0.190654
0.188336
0.185928
0.187503
0.190115
0.192219
0.194042
0.195704
0.197254
0.198643
0.199711
0.200163
0.19961
0.200403
0.201378
0.201256
0.200303
0.1988
0.197015
0.195084
0.193032
0.190862
0.188581
0.189656
0.192079
0.194042
0.195825
0.197551
0.199272
0.200913
0.202256
0.20291
0.202348
0.203409
0.204501
0.204202
0.202961
0.20116
0.199169
0.197144
0.195079
0.192946
0.190664
0.191376
0.193755
0.195704
0.197551
0.199448
0.201562
0.203682
0.2055
0.206589
0.206382
0.207755
0.208398
0.207563
0.20578
0.203552
0.201255
0.199059
0.196892
0.194701
0.192329
0.192773
0.195214
0.197254
0.199272
0.201562
0.204205
0.206886
0.209321
0.211104
0.211651
0.213568
0.213322
0.211643
0.209132
0.20627
0.203413
0.200882
0.198511
0.196178
0.193658
0.193868
0.196439
0.198643
0.200913
0.203682
0.206886
0.210245
0.213567
0.21655
0.218694
0.221481
0.219404
0.216304
0.212738
0.209077
0.205571
0.202509
0.199874
0.197356
0.19466
0.194602
0.19732
0.199711
0.202256
0.2055
0.209321
0.213567
0.218252
0.223377
0.228851
0.233072
0.227137
0.221541
0.216372
0.211661
0.207419
0.2038
0.20087
0.198157
0.195292
0.194818
0.197638
0.200163
0.20291
0.206589
0.211104
0.21655
0.223376
0.232352
0.244722
0.251459
0.237271
0.227255
0.219644
0.213565
0.208517
0.204381
0.201235
0.198395
0.195431
0.194191
0.197091
0.19961
0.202348
0.206382
0.211651
0.218694
0.228851
0.244721
0.27151
0.282935
0.251009
0.233177
0.221904
0.214126
0.20829
0.20379
0.200626
0.197844
0.194897
0.194404
0.19762
0.200403
0.203409
0.207755
0.213568
0.221481
0.233071
0.251458
0.282934
0.304424
0.262296
0.239794
0.226009
0.21675
0.209986
0.20491
0.201393
0.19827
0.19505
0.195118
0.198437
0.201378
0.204501
0.208397
0.213321
0.219404
0.227137
0.237271
0.251009
0.262296
0.24514
0.232827
0.223494
0.216209
0.210337
0.205671
0.202046
0.198785
0.1955
0.1951
0.198387
0.201256
0.204202
0.207563
0.211643
0.216304
0.221541
0.227255
0.233177
0.239794
0.232827
0.225917
0.219565
0.213939
0.209044
0.204986
0.201597
0.198467
0.195292
0.194454
0.197612
0.200303
0.202961
0.20578
0.209132
0.212738
0.216372
0.219644
0.221904
0.226009
0.223494
0.219565
0.215178
0.21086
0.206878
0.203471
0.200438
0.197558
0.194619
0.193316
0.196308
0.1988
0.20116
0.203552
0.20627
0.209077
0.211661
0.213565
0.214126
0.21675
0.216209
0.213939
0.21086
0.20756
0.204384
0.201545
0.19887
0.196269
0.193621
0.191798
0.194658
0.197015
0.199169
0.201255
0.203413
0.205571
0.207419
0.208517
0.20829
0.209986
0.210337
0.209044
0.206878
0.204384
0.201889
0.199464
0.197091
0.194746
0.192396
0.189954
0.192766
0.195084
0.197144
0.199059
0.200882
0.202509
0.203799
0.204381
0.20379
0.20491
0.205671
0.204986
0.203471
0.201545
0.199464
0.197343
0.195206
0.193079
0.190998
0.187778
0.190654
0.193032
0.195079
0.196892
0.198511
0.199874
0.20087
0.201235
0.200626
0.201393
0.202046
0.201597
0.200438
0.19887
0.197091
0.195206
0.193261
0.191312
0.189445
0.185254
0.188336
0.190862
0.192946
0.194701
0.196178
0.197356
0.198156
0.198395
0.197844
0.19827
0.198785
0.198467
0.197558
0.196269
0.194746
0.193079
0.191312
0.189503
0.18774
0.18257
0.185928
0.188581
0.190664
0.192329
0.193658
0.19466
0.195292
0.195431
0.194897
0.19505
0.1955
0.195292
0.194619
0.193621
0.192396
0.190998
0.189445
0.18774
0.185898
)
;
        rho             rho;
        value           nonuniform List<scalar> 
400
(
100108
100108
100108
100108
100108
100108
100108
100108
100108
100108
100108
100108
100108
100108
100108
100108
100108
100108
100108
100108
100108
100108
100108
100108
100108
100108
100108
100108
100108
100108
100108
100108
100108
100108
100108
100108
100108
100108
100108
100108
100108
100108
100108
100108
100108
100108
100108
100108
100108
100108
100108
100108
100108
100108
100108
100108
100108
100108
100108
100108
100108
100108
100108
100108
100108
100108
100108
100108
100108
100108
100108
100108
100108
100108
100108
100108
100108
100108
100108
100108
100108
100108
100108
100108
100108
100108
100108
100108
100108
100108
100108
100108
100108
100108
100108
100108
100108
100108
100108
100108
100108
100108
100108
100108
100108
100108
100108
100108
100108
100108
100108
100108
100108
100108
100108
100108
100108
100108
100108
100108
100108
100108
100108
100108
100108
100108
100108
100108
100108
100108
100108
100108
100108
100108
100108
100108
100108
100108
100108
100108
100108
100108
100108
100108
100108
100108
100108
100108
100108
100108
100108
100108
100108
100108
100108
100108
100108
100108
100108
100108
100108
100108
100108
100108
100108
100108
100108
100108
100108
100108
100108
100108
100108
100108
100108
100108
100108
100108
100108
100108
100108
100108
100108
100108
100108
100108
100108
100108
100108
100108
100108
100108
100108
100108
100108
100108
100108
100108
100108
100108
100108
100108
100108
100108
100108
100108
100108
100108
100108
100108
100108
100108
100108
100108
100108
100108
100108
100108
100108
100108
100108
100108
100108
100108
100108
100108
100108
100108
100108
100108
100108
100108
100108
100108
100108
100108
100108
100108
100108
100108
100108
100108
100108
100108
100108
100108
100108
100108
100108
100108
100108
100108
100108
100108
100108
100108
100108
100108
100108
100108
100108
100108
100108
100108
100108
100108
100108
100108
100108
100108
100108
100108
100108
100108
100108
100108
100108
100108
100108
100108
100108
100108
100108
100108
100108
100108
100108
100108
100108
100108
100108
100108
100108
100108
100108
100108
100108
100108
100108
100108
100108
100108
100108
100108
100108
100108
100108
100108
100108
100108
100108
100108
100108
100108
100108
100108
100108
100108
100108
100108
100108
100108
100108
100108
100108
100108
100108
100108
100108
100108
100108
100108
100108
100108
100108
100108
100108
100108
100108
100108
100108
100108
100108
100108
100108
100108
100108
100108
100108
100108
100108
100108
100108
100108
100108
100108
100108
100108
100108
100108
100108
100108
100108
100108
100108
100108
100108
100108
100108
100108
100108
100108
100108
100108
100108
100108
100108
100108
100108
100108
100108
100108
100108
100108
100108
100108
100108
100108
100108
100108
100108
100108
100108
100108
100108
100108
100108
100108
100108
100108
)
;
    }
    fixedWalls
    {
        type            buoyantPressure;
        gradient        uniform 0;
        rho             rho;
        value           nonuniform List<scalar> 
800
(
100108
100108
100108
100108
100108
100108
100108
100108
100108
100108
100108
100108
100108
100108
100108
100108
100108
100108
100108
100108
100108
100108
100108
100108
100108
100108
100108
100108
100108
100108
100108
100108
100108
100108
100108
100108
100108
100108
100108
100108
100108
100108
100108
100108
100108
100108
100108
100108
100108
100108
100108
100108
100108
100108
100108
100108
100108
100108
100108
100108
100108
100108
100108
100108
100108
100108
100108
100108
100108
100108
100108
100108
100108
100108
100108
100108
100108
100108
100108
100108
100108
100108
100108
100108
100108
100108
100108
100108
100108
100108
100108
100108
100108
100108
100108
100108
100108
100108
100108
100108
100108
100108
100108
100108
100108
100108
100108
100108
100108
100108
100108
100108
100108
100108
100108
100108
100108
100108
100108
100108
100108
100108
100108
100108
100108
100108
100108
100108
100108
100108
100108
100108
100108
100108
100108
100108
100108
100108
100108
100108
100108
100108
100108
100108
100108
100108
100108
100108
100108
100108
100108
100108
100108
100108
100108
100108
100108
100108
100108
100108
100108
100108
100108
100108
100108
100108
100108
100108
100108
100108
100108
100108
100108
100108
100108
100108
100108
100108
100108
100108
100108
100108
100108
100108
100108
100108
100108
100108
100108
100108
100108
100108
100108
100108
100108
100108
100108
100108
100108
100108
100108
100108
100108
100108
100108
100108
100108
100108
100108
100108
100108
100108
100108
100108
100108
100108
100108
100108
100108
100108
100108
100108
100108
100108
100108
100108
100108
100108
100108
100108
100108
100108
100108
100108
100108
100108
100108
100108
100108
100108
100108
100108
100108
100108
100108
100108
100108
100108
100108
100108
100108
100108
100108
100108
100108
100108
100108
100108
100108
100108
100108
100108
100108
100108
100108
100108
100108
100108
100108
100108
100108
100108
100108
100108
100108
100108
100108
100108
100108
100108
100108
100108
100108
100108
100108
100108
100108
100108
100108
100108
100108
100108
100108
100108
100108
100108
100108
100108
100108
100108
100108
100108
100108
100108
100108
100108
100108
100108
100108
100108
100108
100108
100108
100108
100108
100108
100108
100108
100108
100108
100108
100108
100108
100108
100108
100108
100108
100108
100108
100108
100108
100108
100108
100108
100108
100108
100108
100108
100108
100108
100108
100108
100108
100108
100108
100108
100108
100108
100108
100108
100108
100108
100108
100108
100108
100108
100108
100108
100108
100108
100108
100108
100108
100108
100108
100108
100108
100108
100108
100108
100108
100108
100108
100108
100108
100108
100108
100108
100108
100108
100108
100108
100108
100108
100108
100108
100108
100108
100108
100108
100108
100108
100108
100108
100108
100108
100108
100108
100108
100108
100108
100108
100108
100108
100108
100108
100108
100108
100108
100108
100108
100108
100108
100108
100108
100108
100108
100108
100108
100108
100108
100108
100108
100108
100108
100108
100108
100108
100108
100108
100108
100108
100108
100108
100108
100108
100108
100108
100108
100108
100108
100108
100108
100108
100108
100108
100108
100108
100108
100108
100108
100108
100108
100108
100108
100108
100108
100108
100108
100108
100108
100108
100108
100108
100108
100108
100108
100108
100108
100108
100108
100108
100108
100108
100108
100108
100108
100108
100108
100108
100108
100108
100108
100108
100108
100108
100108
100108
100108
100108
100108
100108
100108
100108
100108
100108
100108
100108
100108
100108
100108
100108
100108
100108
100108
100108
100108
100108
100108
100108
100108
100108
100108
100108
100108
100108
100108
100108
100108
100108
100108
100108
100108
100108
100108
100108
100108
100108
100108
100108
100108
100108
100108
100108
100108
100108
100108
100108
100108
100108
100108
100108
100108
100108
100108
100108
100108
100108
100108
100108
100108
100108
100108
100108
100108
100108
100108
100108
100108
100108
100108
100108
100108
100108
100108
100108
100108
100108
100108
100108
100108
100108
100108
100108
100108
100108
100108
100108
100108
100108
100108
100108
100108
100108
100108
100108
100108
100108
100108
100108
100108
100108
100108
100108
100108
100108
100108
100108
100108
100108
100108
100108
100108
100108
100108
100108
100108
100108
100108
100108
100108
100108
100108
100108
100108
100108
100108
100108
100108
100108
100108
100108
100108
100108
100108
100108
100108
100108
100108
100108
100108
100108
100108
100108
100108
100108
100108
100108
100108
100108
100108
100108
100108
100108
100108
100108
100108
100108
100108
100108
100108
100108
100108
100108
100108
100108
100108
100108
100108
100108
100108
100108
100108
100108
100108
100108
100108
100108
100108
100108
100108
100108
100108
100108
100108
100108
100108
100108
100108
100108
100108
100108
100108
100108
100108
100108
100108
100108
100108
100108
100108
100108
100108
100108
100108
100108
100108
100108
100108
100108
100108
100108
100108
100108
100108
100108
100108
100108
100108
100108
100108
100108
100108
100108
100108
100108
100108
100108
100108
100108
100108
100108
100108
100108
100108
100108
100108
100108
100108
100108
100108
100108
100108
100108
100108
100108
100108
100108
100108
100108
100108
100108
100108
100108
100108
100108
100108
100108
100108
100108
100108
100108
100108
100108
100108
100108
100108
100108
100108
100108
100108
100108
100108
100108
100108
100108
100108
100108
100108
100108
100108
100108
100108
100108
100108
100108
100108
100108
100108
100108
100108
100108
100108
100108
100108
100108
100108
100108
100108
100108
100108
100108
100108
100108
100108
100108
100108
100108
100108
100108
)
;
    }
}


// ************************************************************************* //
