/*--------------------------------*- C++ -*----------------------------------*\
| =========                 |                                                 |
| \\      /  F ield         | OpenFOAM: The Open Source CFD Toolbox           |
|  \\    /   O peration     | Version:  1.7.1                                 |
|   \\  /    A nd           | Web:      www.OpenFOAM.com                      |
|    \\/     M anipulation  |                                                 |
\*---------------------------------------------------------------------------*/
FoamFile
{
    version     2.0;
    format      ascii;
    class       volScalarField;
    location    "800";
    object      T;
}
// * * * * * * * * * * * * * * * * * * * * * * * * * * * * * * * * * * * * * //

dimensions      [0 0 0 1 0 0 0];

internalField   nonuniform List<scalar> 
4000
(
300.166
300.166
300.166
300.166
300.166
300.166
300.165
300.163
300.161
300.158
300.158
300.16
300.16
300.162
300.164
300.166
300.168
300.168
300.168
300.168
300.201
300.199
300.197
300.197
300.197
300.197
300.196
300.193
300.19
300.187
300.184
300.183
300.186
300.19
300.192
300.194
300.194
300.194
300.193
300.191
300.244
300.237
300.228
300.221
300.216
300.214
300.212
300.21
300.207
300.204
300.202
300.202
300.205
300.207
300.209
300.211
300.213
300.215
300.218
300.223
300.264
300.262
300.259
300.252
300.244
300.233
300.224
300.222
300.22
300.218
300.218
300.219
300.221
300.224
300.226
300.23
300.239
300.249
300.258
300.262
300.264
300.265
300.265
300.265
300.262
300.257
300.252
300.242
300.236
300.234
300.234
300.236
300.239
300.244
300.251
300.258
300.264
300.266
300.267
300.267
300.261
300.263
300.265
300.266
300.267
300.266
300.265
300.263
300.26
300.256
300.254
300.256
300.259
300.263
300.265
300.267
300.268
300.267
300.266
300.265
300.258
300.262
300.264
300.266
300.267
300.268
300.268
300.268
300.268
300.267
300.267
300.268
300.268
300.269
300.269
300.268
300.267
300.266
300.264
300.262
300.255
300.259
300.263
300.265
300.267
300.268
300.269
300.269
300.269
300.269
300.269
300.269
300.27
300.269
300.269
300.267
300.266
300.264
300.261
300.259
300.252
300.257
300.26
300.263
300.265
300.266
300.267
300.268
300.268
300.267
300.268
300.268
300.268
300.268
300.267
300.265
300.263
300.261
300.258
300.255
300.248
300.252
300.256
300.259
300.261
300.263
300.264
300.265
300.266
300.265
300.265
300.266
300.266
300.265
300.264
300.262
300.259
300.256
300.253
300.25
300.166
300.166
300.166
300.166
300.167
300.166
300.166
300.164
300.162
300.159
300.159
300.161
300.161
300.163
300.165
300.167
300.168
300.168
300.168
300.168
300.199
300.198
300.198
300.197
300.197
300.197
300.196
300.194
300.19
300.187
300.184
300.183
300.187
300.19
300.193
300.194
300.195
300.194
300.193
300.191
300.237
300.232
300.225
300.22
300.217
300.215
300.213
300.21
300.207
300.204
300.202
300.203
300.205
300.208
300.21
300.211
300.213
300.214
300.215
300.216
300.262
300.26
300.256
300.249
300.241
300.233
300.226
300.223
300.22
300.218
300.217
300.218
300.221
300.223
300.226
300.229
300.236
300.245
300.253
300.258
300.265
300.265
300.264
300.263
300.259
300.254
300.248
300.239
300.233
300.231
300.231
300.232
300.235
300.24
300.247
300.255
300.261
300.265
300.267
300.268
300.263
300.264
300.264
300.264
300.264
300.262
300.259
300.256
300.251
300.247
300.245
300.247
300.251
300.256
300.261
300.264
300.266
300.267
300.267
300.267
300.262
300.262
300.263
300.264
300.264
300.264
300.263
300.262
300.261
300.26
300.259
300.26
300.262
300.264
300.265
300.266
300.266
300.266
300.265
300.265
300.259
300.261
300.263
300.264
300.265
300.265
300.265
300.264
300.264
300.263
300.264
300.265
300.265
300.266
300.266
300.266
300.265
300.264
300.263
300.263
300.257
300.26
300.262
300.264
300.265
300.266
300.266
300.266
300.266
300.266
300.266
300.267
300.268
300.268
300.267
300.266
300.265
300.263
300.261
300.259
300.252
300.256
300.26
300.262
300.264
300.266
300.268
300.269
300.269
300.269
300.269
300.271
300.27
300.269
300.268
300.266
300.263
300.26
300.257
300.254
300.166
300.166
300.166
300.167
300.167
300.167
300.166
300.165
300.163
300.16
300.16
300.162
300.162
300.164
300.166
300.168
300.168
300.168
300.168
300.168
300.197
300.198
300.198
300.198
300.198
300.198
300.197
300.194
300.191
300.187
300.184
300.184
300.188
300.191
300.194
300.195
300.195
300.195
300.194
300.193
300.228
300.225
300.222
300.219
300.217
300.215
300.213
300.21
300.207
300.204
300.203
300.203
300.206
300.209
300.211
300.212
300.213
300.213
300.213
300.211
300.259
300.256
300.25
300.244
300.238
300.232
300.227
300.224
300.221
300.218
300.218
300.219
300.221
300.224
300.226
300.228
300.232
300.238
300.245
300.249
300.265
300.264
300.263
300.26
300.256
300.251
300.245
300.238
300.233
300.23
300.23
300.232
300.234
300.238
300.244
300.251
300.258
300.263
300.265
300.267
300.265
300.264
300.264
300.263
300.261
300.259
300.256
300.252
300.247
300.243
300.241
300.243
300.247
300.253
300.258
300.262
300.265
300.266
300.267
300.269
300.264
300.263
300.263
300.263
300.262
300.261
300.259
300.257
300.255
300.253
300.252
300.254
300.257
300.26
300.262
300.264
300.265
300.266
300.267
300.268
300.263
300.263
300.263
300.262
300.262
300.261
300.26
300.259
300.258
300.257
300.257
300.258
300.26
300.261
300.263
300.264
300.265
300.265
300.266
300.266
300.26
300.262
300.263
300.263
300.263
300.263
300.262
300.262
300.261
300.26
300.26
300.262
300.264
300.265
300.265
300.265
300.265
300.265
300.264
300.263
300.256
300.26
300.262
300.265
300.267
300.269
300.271
300.272
300.273
300.272
300.273
300.274
300.274
300.273
300.271
300.269
300.266
300.263
300.26
300.257
300.166
300.166
300.167
300.167
300.168
300.168
300.167
300.166
300.163
300.161
300.16
300.162
300.163
300.165
300.167
300.168
300.169
300.169
300.169
300.169
300.197
300.197
300.198
300.198
300.198
300.198
300.197
300.195
300.191
300.187
300.184
300.184
300.188
300.192
300.195
300.196
300.196
300.196
300.195
300.194
300.221
300.22
300.219
300.217
300.217
300.216
300.214
300.211
300.207
300.204
300.203
300.204
300.207
300.21
300.212
300.213
300.213
300.213
300.212
300.211
300.252
300.249
300.244
300.239
300.234
300.231
300.227
300.225
300.221
300.219
300.219
300.22
300.222
300.224
300.226
300.227
300.229
300.233
300.237
300.24
300.265
300.263
300.26
300.257
300.253
300.248
300.243
300.237
300.233
300.231
300.231
300.232
300.234
300.237
300.241
300.248
300.254
300.259
300.262
300.264
300.266
300.264
300.263
300.261
300.259
300.256
300.253
300.25
300.245
300.242
300.24
300.242
300.245
300.251
300.256
300.26
300.263
300.265
300.267
300.269
300.266
300.264
300.263
300.261
300.26
300.258
300.256
300.254
300.252
300.25
300.248
300.25
300.253
300.257
300.26
300.262
300.264
300.266
300.268
300.27
300.265
300.264
300.262
300.261
300.259
300.258
300.257
300.255
300.254
300.253
300.253
300.254
300.256
300.258
300.26
300.262
300.264
300.265
300.267
300.268
300.263
300.264
300.263
300.262
300.261
300.26
300.26
300.259
300.259
300.257
300.258
300.26
300.261
300.262
300.263
300.264
300.265
300.265
300.266
300.265
300.259
300.262
300.265
300.267
300.269
300.272
300.274
300.276
300.276
300.276
300.277
300.279
300.278
300.276
300.274
300.271
300.269
300.266
300.263
300.26
300.166
300.167
300.167
300.168
300.168
300.168
300.168
300.166
300.164
300.162
300.161
300.163
300.164
300.165
300.167
300.169
300.169
300.169
300.169
300.169
300.197
300.197
300.198
300.198
300.199
300.199
300.198
300.196
300.192
300.188
300.185
300.185
300.19
300.193
300.196
300.197
300.197
300.196
300.196
300.195
300.216
300.217
300.217
300.217
300.217
300.216
300.215
300.212
300.208
300.205
300.204
300.205
300.208
300.211
300.213
300.214
300.214
300.213
300.212
300.211
300.244
300.241
300.238
300.234
300.232
300.23
300.228
300.225
300.222
300.22
300.22
300.221
300.223
300.225
300.227
300.228
300.228
300.229
300.231
300.232
300.262
300.259
300.256
300.253
300.249
300.245
300.241
300.237
300.234
300.232
300.232
300.233
300.235
300.237
300.24
300.244
300.25
300.254
300.257
300.259
300.267
300.264
300.261
300.259
300.257
300.254
300.251
300.248
300.244
300.241
300.24
300.241
300.244
300.249
300.254
300.258
300.261
300.264
300.266
300.269
300.267
300.264
300.262
300.26
300.258
300.256
300.254
300.252
300.25
300.247
300.246
300.248
300.251
300.255
300.258
300.261
300.263
300.265
300.268
300.271
300.267
300.265
300.262
300.259
300.258
300.256
300.255
300.253
300.252
300.251
300.25
300.252
300.254
300.256
300.258
300.26
300.263
300.265
300.268
300.27
300.265
300.265
300.263
300.261
300.26
300.259
300.259
300.259
300.259
300.257
300.258
300.26
300.261
300.261
300.261
300.262
300.264
300.266
300.267
300.267
300.261
300.264
300.267
300.269
300.272
300.275
300.277
300.28
300.281
300.281
300.283
300.284
300.283
300.28
300.277
300.274
300.271
300.268
300.266
300.262
300.166
300.166
300.167
300.168
300.168
300.168
300.168
300.167
300.166
300.163
300.162
300.164
300.165
300.166
300.168
300.169
300.169
300.169
300.169
300.168
300.197
300.197
300.198
300.198
300.199
300.199
300.199
300.197
300.193
300.189
300.186
300.187
300.191
300.195
300.197
300.198
300.198
300.197
300.196
300.195
300.214
300.215
300.215
300.216
300.216
300.216
300.215
300.213
300.209
300.206
300.205
300.207
300.21
300.213
300.214
300.215
300.215
300.214
300.213
300.212
300.233
300.233
300.232
300.231
300.23
300.229
300.228
300.226
300.223
300.221
300.221
300.222
300.224
300.226
300.228
300.228
300.228
300.228
300.228
300.227
300.257
300.254
300.251
300.248
300.245
300.242
300.239
300.237
300.234
300.233
300.232
300.234
300.235
300.237
300.239
300.241
300.246
300.249
300.252
300.254
300.266
300.262
300.259
300.256
300.254
300.252
300.249
300.246
300.244
300.241
300.24
300.241
300.244
300.248
300.252
300.256
300.259
300.261
300.264
300.268
300.268
300.264
300.261
300.258
300.256
300.254
300.253
300.25
300.248
300.246
300.245
300.246
300.25
300.254
300.257
300.259
300.262
300.265
300.268
300.272
300.268
300.265
300.261
300.258
300.256
300.255
300.254
300.252
300.251
300.249
300.249
300.251
300.253
300.255
300.257
300.259
300.262
300.265
300.268
300.271
300.266
300.266
300.263
300.26
300.259
300.259
300.26
300.26
300.26
300.259
300.259
300.261
300.262
300.262
300.262
300.262
300.263
300.266
300.268
300.268
300.263
300.266
300.269
300.272
300.275
300.278
300.282
300.285
300.287
300.288
300.29
300.29
300.288
300.285
300.281
300.277
300.274
300.271
300.268
300.264
300.165
300.166
300.166
300.167
300.168
300.168
300.168
300.168
300.167
300.165
300.163
300.165
300.165
300.167
300.168
300.169
300.169
300.169
300.168
300.168
300.196
300.196
300.197
300.197
300.198
300.199
300.199
300.198
300.195
300.191
300.188
300.189
300.193
300.196
300.198
300.198
300.198
300.198
300.197
300.196
300.212
300.213
300.213
300.214
300.215
300.215
300.215
300.214
300.21
300.207
300.206
300.208
300.212
300.214
300.216
300.216
300.216
300.215
300.214
300.213
300.224
300.226
300.227
300.227
300.228
300.228
300.228
300.226
300.224
300.221
300.221
300.224
300.226
300.228
300.229
300.229
300.229
300.229
300.228
300.226
300.252
300.248
300.245
300.243
300.241
300.239
300.238
300.236
300.234
300.232
300.232
300.234
300.236
300.237
300.239
300.24
300.242
300.245
300.247
300.25
300.265
300.259
300.256
300.253
300.251
300.249
300.247
300.245
300.242
300.24
300.239
300.241
300.243
300.246
300.25
300.253
300.256
300.258
300.262
300.267
300.268
300.263
300.259
300.256
300.254
300.253
300.251
300.249
300.246
300.244
300.243
300.245
300.249
300.252
300.255
300.258
300.26
300.263
300.267
300.272
300.269
300.265
300.26
300.257
300.255
300.254
300.253
300.251
300.25
300.248
300.247
300.25
300.252
300.254
300.256
300.258
300.261
300.264
300.268
300.272
300.267
300.266
300.262
300.26
300.259
300.26
300.26
300.261
300.262
300.263
300.264
300.263
300.263
300.262
300.262
300.262
300.263
300.266
300.269
300.269
300.264
300.268
300.271
300.274
300.277
300.282
300.286
300.29
300.294
300.297
300.301
300.298
300.294
300.289
300.285
300.28
300.276
300.272
300.269
300.266
300.163
300.164
300.165
300.166
300.166
300.167
300.168
300.169
300.169
300.167
300.165
300.166
300.166
300.167
300.168
300.168
300.168
300.168
300.167
300.167
300.193
300.194
300.194
300.195
300.196
300.197
300.198
300.198
300.196
300.194
300.19
300.191
300.194
300.197
300.198
300.198
300.198
300.197
300.197
300.196
300.21
300.21
300.21
300.211
300.212
300.213
300.214
300.213
300.212
300.209
300.208
300.21
300.213
300.215
300.216
300.217
300.216
300.215
300.214
300.213
300.222
300.223
300.224
300.225
300.225
300.226
300.226
300.225
300.223
300.222
300.222
300.224
300.227
300.229
300.23
300.23
300.23
300.229
300.228
300.226
300.242
300.239
300.238
300.237
300.237
300.237
300.236
300.235
300.233
300.232
300.233
300.234
300.236
300.238
300.239
300.239
300.24
300.241
300.243
300.245
300.263
300.256
300.252
300.25
300.248
300.246
300.245
300.243
300.24
300.239
300.239
300.24
300.242
300.245
300.248
300.251
300.254
300.256
300.259
300.265
300.268
300.262
300.257
300.254
300.252
300.25
300.249
300.247
300.244
300.244
300.244
300.244
300.248
300.251
300.254
300.256
300.259
300.262
300.266
300.272
300.269
300.264
300.259
300.255
300.253
300.252
300.251
300.25
300.249
300.25
300.251
300.249
300.251
300.253
300.255
300.257
300.26
300.263
300.268
300.272
300.268
300.266
300.262
300.259
300.259
300.26
300.261
300.263
300.266
300.273
300.275
300.268
300.265
300.263
300.262
300.262
300.263
300.265
300.269
300.27
300.265
300.269
300.272
300.276
300.28
300.285
300.29
300.297
300.303
300.311
300.316
300.308
300.301
300.294
300.288
300.282
300.278
300.274
300.27
300.266
300.161
300.162
300.163
300.163
300.164
300.166
300.167
300.169
300.17
300.177
300.175
300.167
300.167
300.167
300.167
300.167
300.166
300.166
300.165
300.165
300.19
300.19
300.191
300.191
300.192
300.193
300.195
300.196
300.199
300.214
300.208
300.194
300.195
300.196
300.196
300.196
300.196
300.196
300.196
300.196
300.207
300.207
300.207
300.207
300.208
300.209
300.21
300.212
300.213
300.23
300.226
300.212
300.213
300.215
300.215
300.216
300.215
300.214
300.214
300.214
300.22
300.22
300.221
300.221
300.222
300.223
300.224
300.223
300.225
300.242
300.24
300.226
300.228
300.23
300.231
300.23
300.23
300.229
300.228
300.226
300.236
300.233
300.233
300.233
300.234
300.234
300.234
300.233
300.234
300.251
300.251
300.236
300.237
300.238
300.239
300.24
300.24
300.239
300.238
300.239
300.26
300.251
300.247
300.245
300.244
300.244
300.242
300.24
300.241
300.258
300.258
300.242
300.242
300.244
300.246
300.248
300.251
300.253
300.257
300.263
300.268
300.261
300.255
300.252
300.25
300.248
300.246
300.244
300.246
300.263
300.264
300.247
300.246
300.25
300.252
300.255
300.258
300.261
300.265
300.272
300.269
300.264
300.258
300.254
300.252
300.251
300.25
300.249
300.253
300.276
300.279
300.254
300.25
300.252
300.254
300.256
300.259
300.263
300.268
300.272
300.268
300.266
300.261
300.259
300.259
300.26
300.262
300.266
300.277
300.3
300.306
300.279
300.268
300.263
300.262
300.261
300.262
300.264
300.269
300.27
300.266
300.269
300.273
300.276
300.281
300.287
300.294
300.303
300.315
300.332
300.341
300.322
300.309
300.299
300.29
300.284
300.278
300.274
300.27
300.267
300.158
300.159
300.16
300.161
300.162
300.163
300.165
300.167
300.177
300.771
300.755
300.176
300.167
300.166
300.165
300.165
300.164
300.163
300.163
300.162
300.187
300.187
300.187
300.187
300.188
300.189
300.191
300.194
300.214
300.583
300.591
300.211
300.196
300.194
300.193
300.193
300.193
300.193
300.193
300.194
300.204
300.204
300.204
300.204
300.205
300.206
300.207
300.209
300.23
300.501
300.518
300.229
300.213
300.213
300.213
300.213
300.213
300.213
300.213
300.213
300.218
300.218
300.218
300.219
300.22
300.221
300.221
300.222
300.242
300.455
300.474
300.243
300.227
300.229
300.23
300.23
300.229
300.228
300.227
300.226
300.234
300.231
300.23
300.231
300.232
300.233
300.232
300.232
300.251
300.424
300.445
300.254
300.238
300.239
300.24
300.24
300.24
300.239
300.237
300.236
300.256
300.247
300.243
300.242
300.241
300.241
300.24
300.239
300.258
300.402
300.423
300.262
300.243
300.244
300.245
300.247
300.248
300.25
300.254
300.261
300.267
300.26
300.253
300.25
300.247
300.246
300.244
300.244
300.263
300.387
300.406
300.267
300.247
300.248
300.251
300.254
300.256
300.26
300.264
300.271
300.269
300.263
300.257
300.253
300.251
300.249
300.248
300.25
300.276
300.377
300.395
300.278
300.252
300.251
300.253
300.255
300.258
300.262
300.268
300.272
300.267
300.266
300.26
300.257
300.257
300.259
300.263
300.273
300.3
300.37
300.387
300.304
300.274
300.264
300.26
300.26
300.26
300.263
300.269
300.269
300.265
300.269
300.272
300.276
300.281
300.288
300.297
300.311
300.332
300.367
300.382
300.34
300.316
300.302
300.291
300.284
300.278
300.273
300.27
300.266
300.158
300.159
300.16
300.16
300.161
300.162
300.163
300.165
300.175
300.755
300.778
300.18
300.169
300.167
300.165
300.164
300.163
300.162
300.161
300.16
300.184
300.184
300.184
300.184
300.185
300.186
300.188
300.19
300.208
300.591
300.64
300.21
300.194
300.191
300.19
300.19
300.189
300.189
300.19
300.191
300.202
300.202
300.203
300.203
300.204
300.205
300.206
300.208
300.226
300.518
300.574
300.228
300.212
300.211
300.211
300.21
300.21
300.21
300.211
300.212
300.218
300.217
300.218
300.219
300.22
300.221
300.221
300.222
300.24
300.474
300.532
300.244
300.227
300.228
300.229
300.229
300.228
300.228
300.227
300.226
300.234
300.231
300.23
300.231
300.232
300.232
300.232
300.233
300.251
300.445
300.5
300.256
300.239
300.24
300.241
300.241
300.24
300.239
300.238
300.237
300.254
300.245
300.241
300.24
300.24
300.24
300.239
300.239
300.258
300.423
300.474
300.264
300.245
300.245
300.246
300.247
300.247
300.248
300.251
300.259
300.267
300.259
300.252
300.248
300.246
300.245
300.243
300.244
300.264
300.406
300.452
300.269
300.248
300.248
300.25
300.253
300.255
300.259
300.264
300.271
300.269
300.264
300.257
300.253
300.25
300.249
300.247
300.251
300.279
300.395
300.435
300.28
300.252
300.251
300.252
300.255
300.258
300.262
300.268
300.272
300.268
300.266
300.26
300.258
300.258
300.259
300.264
300.275
300.306
300.387
300.421
300.312
300.277
300.264
300.26
300.26
300.261
300.264
300.269
300.269
300.265
300.269
300.273
300.277
300.283
300.29
300.301
300.316
300.341
300.382
300.411
300.355
300.325
300.307
300.295
300.286
300.279
300.274
300.27
300.266
300.16
300.161
300.162
300.162
300.163
300.164
300.165
300.166
300.167
300.176
300.18
300.171
300.17
300.168
300.166
300.165
300.164
300.163
300.162
300.161
300.183
300.183
300.184
300.184
300.185
300.187
300.189
300.191
300.194
300.211
300.21
300.194
300.192
300.191
300.19
300.189
300.188
300.188
300.188
300.188
300.202
300.203
300.203
300.204
300.205
300.207
300.208
300.21
300.212
300.229
300.228
300.211
300.211
300.211
300.21
300.209
300.209
300.209
300.21
300.211
300.219
300.218
300.219
300.22
300.221
300.222
300.224
300.224
300.226
300.243
300.244
300.227
300.227
300.228
300.228
300.228
300.227
300.227
300.226
300.225
300.236
300.232
300.232
300.232
300.233
300.234
300.234
300.234
300.236
300.254
300.256
300.239
300.239
300.24
300.24
300.24
300.24
300.239
300.238
300.238
300.256
300.247
300.243
300.242
300.241
300.241
300.241
300.24
300.242
300.262
300.264
300.246
300.245
300.246
300.247
300.248
300.249
300.25
300.252
300.26
300.268
300.26
300.254
300.25
300.248
300.246
300.245
300.244
300.247
300.267
300.269
300.25
300.248
300.25
300.252
300.254
300.256
300.26
300.265
300.272
300.269
300.265
300.258
300.254
300.252
300.251
300.25
300.249
300.254
300.278
300.28
300.255
300.252
300.253
300.254
300.256
300.259
300.263
300.269
300.272
300.268
300.267
300.262
300.26
300.26
300.261
300.263
300.268
300.279
300.304
300.312
300.281
300.269
300.264
300.262
300.262
300.262
300.265
300.27
300.27
300.266
300.271
300.274
300.279
300.284
300.29
300.298
300.308
300.322
300.34
300.355
300.332
300.316
300.304
300.294
300.286
300.28
300.275
300.271
300.267
300.16
300.161
300.162
300.163
300.164
300.165
300.165
300.166
300.167
300.167
300.169
300.17
300.169
300.167
300.166
300.165
300.164
300.163
300.163
300.162
300.186
300.187
300.188
300.188
300.19
300.191
300.193
300.194
300.195
300.196
300.194
300.192
300.193
300.192
300.192
300.191
300.19
300.19
300.189
300.189
300.205
300.205
300.206
300.207
300.208
300.21
300.212
300.213
300.213
300.213
300.212
300.211
300.211
300.211
300.211
300.21
300.21
300.21
300.209
300.209
300.221
300.221
300.221
300.222
300.223
300.224
300.226
300.227
300.228
300.227
300.227
300.227
300.228
300.228
300.228
300.227
300.227
300.226
300.225
300.223
300.239
300.235
300.234
300.234
300.235
300.235
300.236
300.236
300.237
300.238
300.239
300.239
300.239
300.24
300.239
300.239
300.239
300.239
300.239
300.24
300.259
300.251
300.247
300.245
300.244
300.244
300.243
300.242
300.242
300.243
300.245
300.245
300.246
300.248
300.249
300.25
300.252
300.254
300.257
300.263
300.268
300.262
300.257
300.253
300.251
300.25
300.249
300.248
300.246
300.247
300.248
300.248
300.251
300.253
300.255
300.257
300.259
300.262
300.267
300.273
300.27
300.265
300.26
300.256
300.254
300.253
300.252
300.251
300.25
300.252
300.252
300.252
300.253
300.255
300.257
300.259
300.261
300.265
300.269
300.273
300.268
300.268
300.264
300.261
300.261
300.262
300.263
300.265
300.268
300.274
300.277
300.269
300.266
300.264
300.263
300.263
300.264
300.267
300.27
300.27
300.266
300.27
300.274
300.278
300.283
300.288
300.294
300.301
300.309
300.316
300.325
300.316
300.307
300.298
300.291
300.285
300.279
300.275
300.271
300.266
300.162
300.163
300.164
300.165
300.165
300.166
300.167
300.167
300.167
300.166
300.167
300.168
300.167
300.166
300.166
300.165
300.165
300.164
300.164
300.163
300.19
300.19
300.191
300.192
300.193
300.195
300.196
300.197
300.196
300.194
300.191
300.191
300.192
300.193
300.193
300.193
300.193
300.192
300.191
300.191
300.207
300.208
300.209
300.21
300.211
300.213
300.214
300.215
300.215
300.213
300.211
300.211
300.211
300.212
300.212
300.212
300.211
300.21
300.209
300.208
300.224
300.223
300.224
300.224
300.225
300.226
300.228
300.229
300.23
300.229
300.228
300.228
300.228
300.228
300.228
300.227
300.226
300.225
300.224
300.221
300.244
300.24
300.238
300.237
300.237
300.237
300.237
300.238
300.238
300.239
300.24
300.24
300.24
300.239
300.239
300.24
300.241
300.242
300.243
300.246
300.263
300.256
300.253
300.251
300.249
300.248
300.246
300.245
300.244
300.244
300.245
300.246
300.248
300.25
300.252
300.254
300.256
300.259
300.262
300.267
300.269
300.264
300.26
300.257
300.255
300.254
300.252
300.251
300.25
300.248
300.248
300.25
300.253
300.255
300.258
300.26
300.263
300.265
300.269
300.273
300.269
300.266
300.261
300.258
300.256
300.255
300.254
300.253
300.252
300.251
300.251
300.253
300.255
300.257
300.259
300.261
300.263
300.266
300.27
300.272
300.268
300.268
300.265
300.262
300.261
300.262
300.262
300.263
300.263
300.264
300.264
300.264
300.264
300.264
300.264
300.264
300.265
300.267
300.27
300.27
300.265
300.269
300.273
300.276
300.28
300.285
300.289
300.294
300.299
300.302
300.307
300.304
300.298
300.293
300.287
300.282
300.277
300.273
300.269
300.265
300.164
300.165
300.166
300.167
300.167
300.168
300.168
300.168
300.167
300.165
300.165
300.166
300.166
300.166
300.166
300.166
300.166
300.166
300.165
300.165
300.192
300.193
300.194
300.195
300.196
300.197
300.198
300.198
300.196
300.193
300.19
300.19
300.192
300.193
300.194
300.194
300.193
300.193
300.192
300.191
300.209
300.21
300.211
300.212
300.213
300.214
300.216
300.216
300.215
300.213
300.211
300.21
300.211
300.212
300.212
300.212
300.211
300.209
300.208
300.207
300.226
300.226
300.226
300.226
300.227
300.228
300.229
300.23
300.231
300.23
300.229
300.228
300.228
300.228
300.227
300.226
300.226
300.225
300.224
300.222
300.251
300.247
300.244
300.241
300.24
300.239
300.239
300.239
300.239
300.24
300.241
300.24
300.239
300.239
300.24
300.242
300.245
300.248
300.251
300.255
300.265
300.261
300.258
300.256
300.254
300.252
300.25
300.248
300.246
300.245
300.246
300.247
300.249
300.252
300.255
300.258
300.261
300.264
300.267
300.271
300.269
300.265
300.262
300.26
300.258
300.257
300.255
300.254
300.252
300.251
300.25
300.252
300.255
300.258
300.26
300.263
300.265
300.268
300.271
300.274
300.269
300.266
300.263
300.26
300.258
300.257
300.256
300.255
300.254
300.253
300.252
300.254
300.257
300.259
300.261
300.263
300.265
300.268
300.271
300.272
300.267
300.267
300.265
300.263
300.261
300.262
300.262
300.262
300.262
300.26
300.26
300.262
300.263
300.264
300.264
300.265
300.266
300.268
300.269
300.269
300.264
300.268
300.271
300.274
300.277
300.281
300.285
300.288
300.29
300.291
300.295
300.294
300.291
300.287
300.283
300.278
300.275
300.271
300.268
300.264
300.166
300.167
300.168
300.168
300.169
300.169
300.169
300.168
300.167
300.165
300.164
300.165
300.165
300.165
300.166
300.167
300.167
300.166
300.166
300.166
300.194
300.194
300.195
300.196
300.197
300.198
300.198
300.198
300.196
300.193
300.19
300.189
300.191
300.193
300.194
300.194
300.193
300.192
300.191
300.19
300.211
300.211
300.212
300.213
300.214
300.215
300.216
300.217
300.216
300.213
300.21
300.209
300.21
300.212
300.212
300.211
300.21
300.209
300.208
300.207
300.23
300.229
300.228
300.227
300.228
300.228
300.229
300.23
300.23
300.23
300.229
300.228
300.227
300.227
300.226
300.226
300.227
300.228
300.228
300.229
300.258
300.255
300.251
300.248
300.244
300.241
300.24
300.239
300.24
300.24
300.241
300.24
300.239
300.24
300.242
300.246
300.25
300.255
300.259
300.263
300.267
300.264
300.262
300.26
300.258
300.256
300.253
300.251
300.248
300.247
300.247
300.248
300.25
300.254
300.258
300.262
300.265
300.268
300.27
300.273
300.268
300.266
300.264
300.262
300.261
300.259
300.258
300.256
300.255
300.254
300.253
300.254
300.257
300.26
300.263
300.266
300.268
300.27
300.272
300.274
300.267
300.266
300.264
300.262
300.26
300.259
300.258
300.257
300.256
300.255
300.255
300.256
300.259
300.261
300.263
300.265
300.267
300.269
300.271
300.272
300.265
300.266
300.265
300.264
300.262
300.262
300.262
300.262
300.261
300.26
300.26
300.262
300.263
300.264
300.265
300.266
300.267
300.268
300.269
300.268
300.262
300.266
300.269
300.271
300.274
300.277
300.28
300.282
300.284
300.284
300.286
300.286
300.285
300.282
300.278
300.275
300.272
300.269
300.266
300.263
300.168
300.168
300.168
300.169
300.169
300.169
300.169
300.168
300.166
300.164
300.163
300.164
300.164
300.165
300.166
300.167
300.167
300.166
300.165
300.165
300.194
300.195
300.195
300.196
300.197
300.198
300.198
300.198
300.196
300.193
300.189
300.188
300.19
300.193
300.193
300.193
300.192
300.191
300.19
300.189
300.213
300.213
300.213
300.213
300.214
300.215
300.216
300.216
300.215
300.213
300.21
300.209
300.21
300.211
300.211
300.21
300.21
300.209
300.209
300.208
300.239
300.236
300.232
300.229
300.228
300.228
300.229
300.23
300.23
300.229
300.228
300.227
300.227
300.226
300.226
300.227
300.229
300.233
300.237
300.24
300.264
300.261
300.258
300.254
300.25
300.246
300.242
300.24
300.24
300.24
300.24
300.24
300.239
300.241
300.245
300.25
300.257
300.262
300.266
300.269
300.268
300.266
300.265
300.263
300.261
300.259
300.256
300.254
300.251
300.248
300.247
300.249
300.252
300.256
300.261
300.265
300.268
300.271
300.273
300.274
300.267
300.266
300.265
300.264
300.263
300.262
300.26
300.259
300.258
300.256
300.255
300.256
300.259
300.263
300.265
300.268
300.27
300.271
300.273
300.274
300.266
300.265
300.265
300.264
300.263
300.262
300.261
300.26
300.259
300.258
300.258
300.259
300.261
300.263
300.265
300.267
300.269
300.27
300.271
300.271
300.263
300.265
300.265
300.265
300.264
300.263
300.263
300.263
300.262
300.26
300.261
300.262
300.264
300.265
300.266
300.267
300.268
300.268
300.268
300.267
300.259
300.263
300.266
300.269
300.271
300.274
300.276
300.278
300.278
300.278
300.279
300.28
300.279
300.277
300.275
300.272
300.269
300.266
300.263
300.261
300.168
300.168
300.168
300.169
300.169
300.169
300.169
300.168
300.166
300.163
300.162
300.163
300.163
300.164
300.166
300.166
300.166
300.165
300.164
300.164
300.194
300.194
300.195
300.196
300.196
300.197
300.198
300.197
300.196
300.193
300.189
300.188
300.19
300.192
300.193
300.192
300.191
300.19
300.188
300.188
300.215
300.214
300.213
300.213
300.213
300.214
300.215
300.215
300.214
300.213
300.21
300.209
300.21
300.21
300.209
300.209
300.209
300.21
300.212
300.213
300.249
300.245
300.238
300.233
300.229
300.228
300.229
300.229
300.229
300.228
300.228
300.227
300.226
300.225
300.225
300.228
300.233
300.24
300.247
300.252
300.266
300.265
300.263
300.259
300.254
300.249
300.245
300.241
300.239
300.239
300.239
300.239
300.239
300.242
300.248
300.255
300.262
300.267
300.27
300.272
300.267
300.267
300.266
300.265
300.264
300.261
300.258
300.256
300.253
300.25
300.248
300.25
300.254
300.259
300.264
300.268
300.271
300.273
300.274
300.275
300.266
300.266
300.266
300.266
300.265
300.265
300.263
300.262
300.261
300.26
300.259
300.26
300.262
300.265
300.268
300.27
300.271
300.272
300.273
300.273
300.264
300.264
300.265
300.265
300.265
300.265
300.264
300.263
300.263
300.262
300.262
300.263
300.265
300.266
300.268
300.269
300.27
300.27
300.27
300.27
300.261
300.263
300.265
300.265
300.266
300.266
300.266
300.265
300.264
300.263
300.264
300.265
300.267
300.267
300.268
300.268
300.268
300.268
300.267
300.265
300.256
300.26
300.263
300.266
300.268
300.271
300.272
300.274
300.274
300.273
300.274
300.275
300.275
300.273
300.271
300.269
300.266
300.264
300.261
300.259
300.168
300.168
300.168
300.169
300.169
300.169
300.168
300.167
300.165
300.163
300.161
300.162
300.163
300.164
300.165
300.166
300.165
300.164
300.163
300.162
300.193
300.193
300.194
300.195
300.196
300.196
300.197
300.197
300.196
300.193
300.19
300.188
300.189
300.191
300.192
300.191
300.19
300.188
300.188
300.187
300.218
300.215
300.213
300.212
300.212
300.213
300.214
300.214
300.214
300.213
300.211
300.21
300.209
300.209
300.208
300.208
300.209
300.212
300.216
300.221
300.258
300.253
300.245
300.237
300.231
300.228
300.228
300.228
300.228
300.227
300.227
300.226
300.225
300.224
300.224
300.228
300.237
300.247
300.256
300.262
300.267
300.267
300.265
300.262
300.257
300.252
300.247
300.243
300.238
300.237
300.238
300.238
300.239
300.243
300.251
300.259
300.266
300.27
300.273
300.274
300.266
300.267
300.267
300.267
300.266
300.264
300.262
300.259
300.257
300.254
300.251
300.252
300.257
300.262
300.267
300.27
300.273
300.274
300.274
300.274
300.264
300.265
300.267
300.268
300.268
300.268
300.267
300.266
300.265
300.264
300.264
300.265
300.267
300.269
300.271
300.272
300.273
300.273
300.272
300.271
300.261
300.263
300.266
300.267
300.268
300.268
300.268
300.268
300.268
300.268
300.268
300.269
300.269
300.27
300.271
300.271
300.271
300.27
300.269
300.268
300.258
300.261
300.264
300.266
300.267
300.268
300.269
300.269
300.269
300.269
300.269
300.27
300.27
300.27
300.269
300.269
300.268
300.267
300.265
300.263
300.253
300.257
300.26
300.263
300.266
300.268
300.269
300.27
300.27
300.27
300.27
300.271
300.271
300.269
300.268
300.266
300.263
300.261
300.259
300.256
300.168
300.168
300.168
300.169
300.169
300.168
300.168
300.167
300.165
300.162
300.16
300.161
300.162
300.163
300.165
300.166
300.165
300.164
300.162
300.159
300.191
300.191
300.193
300.194
300.195
300.195
300.196
300.196
300.196
300.194
300.191
300.188
300.189
300.191
300.191
300.19
300.189
300.188
300.187
300.186
300.223
300.216
300.211
300.211
300.211
300.212
300.213
300.213
300.214
300.213
300.212
300.211
300.209
300.208
300.207
300.207
300.208
300.213
300.221
300.23
300.262
300.258
300.249
300.24
300.232
300.227
300.226
300.226
300.226
300.226
300.226
300.225
300.223
300.221
300.222
300.229
300.24
300.252
300.262
300.267
300.267
300.268
300.267
300.264
300.259
300.254
300.25
300.245
300.239
300.236
300.237
300.238
300.24
300.246
300.255
300.263
300.269
300.272
300.274
300.274
300.265
300.267
300.269
300.269
300.269
300.268
300.267
300.265
300.263
300.261
300.259
300.26
300.263
300.267
300.271
300.273
300.274
300.275
300.274
300.273
300.262
300.265
300.268
300.27
300.271
300.272
300.272
300.272
300.272
300.271
300.271
300.272
300.273
300.273
300.274
300.274
300.274
300.273
300.271
300.269
300.259
300.263
300.266
300.268
300.27
300.271
300.272
300.272
300.272
300.272
300.272
300.272
300.273
300.272
300.272
300.272
300.271
300.27
300.268
300.265
300.255
300.259
300.263
300.265
300.267
300.268
300.269
300.27
300.27
300.269
300.269
300.27
300.27
300.27
300.269
300.268
300.267
300.265
300.263
300.26
300.25
300.254
300.257
300.26
300.262
300.264
300.266
300.266
300.267
300.266
300.266
300.267
300.266
300.265
300.264
300.263
300.261
300.259
300.256
300.254
)
;

boundaryField
{
    floor
    {
        type            fixedValue;
        value           nonuniform List<scalar> 
400
(
300
300
300
300
300
300
300
300
300
300
300
300
300
300
300
300
300
300
300
300
300
300
300
300
300
300
300
300
300
300
300
300
300
300
300
300
300
300
300
300
300
300
300
300
300
300
300
300
300
300
300
300
300
300
300
300
300
300
300
300
300
300
300
300
300
300
300
300
300
300
300
300
300
300
300
300
300
300
300
300
300
300
300
300
300
300
300
300
300
300
300
300
300
300
300
300
300
300
300
300
300
300
300
300
300
300
300
300
300
300
300
300
300
300
300
300
300
300
300
300
300
300
300
300
300
300
300
300
300
300
300
300
300
300
300
300
300
300
300
300
300
300
300
300
300
300
300
300
300
300
300
300
300
300
300
300
300
300
300
300
300
300
300
300
300
300
300
300
300
300
300
300
300
300
300
300
300
300
300
300
300
300
300
300
300
300
300
300
300
600
600
300
300
300
300
300
300
300
300
300
300
300
300
300
300
300
300
300
300
600
600
300
300
300
300
300
300
300
300
300
300
300
300
300
300
300
300
300
300
300
300
300
300
300
300
300
300
300
300
300
300
300
300
300
300
300
300
300
300
300
300
300
300
300
300
300
300
300
300
300
300
300
300
300
300
300
300
300
300
300
300
300
300
300
300
300
300
300
300
300
300
300
300
300
300
300
300
300
300
300
300
300
300
300
300
300
300
300
300
300
300
300
300
300
300
300
300
300
300
300
300
300
300
300
300
300
300
300
300
300
300
300
300
300
300
300
300
300
300
300
300
300
300
300
300
300
300
300
300
300
300
300
300
300
300
300
300
300
300
300
300
300
300
300
300
300
300
300
300
300
300
300
300
300
300
300
300
300
300
300
300
300
300
300
300
300
300
300
300
300
300
300
300
300
300
300
300
300
300
300
300
300
300
300
300
300
300
300
300
300
)
;
    }
    ceiling
    {
        type            fixedValue;
        value           uniform 300;
    }
    fixedWalls
    {
        type            zeroGradient;
    }
}


// ************************************************************************* //
