/*--------------------------------*- C++ -*----------------------------------*\
| =========                 |                                                 |
| \\      /  F ield         | OpenFOAM: The Open Source CFD Toolbox           |
|  \\    /   O peration     | Version:  1.7.1                                 |
|   \\  /    A nd           | Web:      www.OpenFOAM.com                      |
|    \\/     M anipulation  |                                                 |
\*---------------------------------------------------------------------------*/
FoamFile
{
    version     2.0;
    format      ascii;
    class       volScalarField;
    location    "400";
    object      alphat;
}
// * * * * * * * * * * * * * * * * * * * * * * * * * * * * * * * * * * * * * //

dimensions      [1 -1 -1 0 0 0 0];

internalField   nonuniform List<scalar> 
4000
(
0.000348938
0.000367168
0.000376086
0.000381217
0.000387079
0.000393285
0.000397583
0.000400965
0.000403735
0.000405857
0.000406927
0.000405978
0.000399338
0.000387619
0.000375902
0.000368166
0.000365182
0.000366957
0.000369825
0.000366361
0.000352549
0.000379359
0.000393531
0.000401023
0.000406069
0.000409787
0.000415567
0.000424854
0.000435404
0.000445802
0.00045356
0.000455518
0.000447659
0.000431741
0.000414966
0.000404044
0.000396134
0.000391064
0.000386481
0.00037014
0.000355114
0.000379618
0.000394589
0.000403512
0.000409749
0.000417198
0.000426548
0.000439316
0.000456394
0.000472953
0.000484966
0.000488412
0.000478504
0.000455296
0.000428724
0.000409139
0.000400381
0.000395841
0.000390903
0.000375141
0.000361404
0.000378188
0.000389612
0.00039714
0.000405443
0.000425008
0.000453297
0.000482431
0.000505998
0.000523662
0.000536015
0.000537852
0.000523791
0.000490717
0.000442898
0.000410057
0.000398053
0.000394166
0.000390352
0.000380165
0.000381188
0.000395615
0.000413623
0.000439928
0.000477344
0.000521252
0.000564445
0.000597382
0.000613877
0.000620889
0.000625331
0.000620152
0.000599157
0.000559875
0.000505007
0.000441948
0.000399672
0.000393518
0.000391784
0.000385815
0.000481475
0.00050309
0.000537645
0.000582165
0.000633373
0.000685018
0.00072726
0.000750486
0.000750324
0.00074268
0.000738588
0.000725874
0.000700193
0.000661163
0.000609357
0.000547877
0.000476662
0.000412163
0.000394194
0.000390236
0.000549841
0.000592095
0.00065183
0.000716397
0.000779821
0.000835142
0.00087388
0.000889584
0.000879276
0.000864157
0.00085664
0.000838944
0.000809087
0.000768424
0.000717976
0.000657992
0.000586148
0.000502595
0.000421421
0.000394189
0.000598423
0.000669268
0.000755355
0.000834436
0.000903983
0.000960198
0.000998246
0.00101463
0.00100392
0.000985474
0.000976346
0.000954422
0.000919261
0.000873698
0.000818385
0.000753981
0.000679927
0.000594833
0.00049912
0.00042303
0.000653125
0.000750081
0.000850579
0.000939296
0.0010169
0.00108048
0.00112476
0.00114443
0.00113863
0.00112056
0.00110717
0.0010794
0.00103715
0.000982685
0.000918023
0.000844519
0.000761853
0.000668964
0.000566392
0.000471284
0.000715212
0.000838713
0.000949683
0.00103921
0.00111114
0.0011669
0.00120697
0.00123116
0.00123838
0.0012311
0.00121063
0.0011764
0.00113097
0.00107537
0.00100968
0.000933148
0.000843952
0.000739612
0.000620834
0.000505897
0.000367168
0.000396503
0.000411074
0.000419264
0.000427488
0.000441873
0.000462349
0.000479112
0.000491031
0.000499563
0.000505259
0.000505848
0.000495243
0.00047149
0.00044673
0.000426837
0.000416767
0.00041481
0.000409801
0.000389035
0.000379359
0.000647521
0.000762393
0.000862482
0.000992812
0.0011724
0.00132883
0.00142237
0.00147053
0.00149371
0.00149898
0.00148527
0.00145988
0.00142539
0.00130019
0.00109416
0.000895877
0.000747279
0.000638988
0.000396679
0.000379618
0.000735023
0.000923664
0.00108714
0.00125355
0.00142772
0.00153994
0.001569
0.00155067
0.00151991
0.00148686
0.00145317
0.00142001
0.00139862
0.00139999
0.00133217
0.00115285
0.000936343
0.000740138
0.000402094
0.000378188
0.000677016
0.000863013
0.00102105
0.0011649
0.00126322
0.001286
0.00126934
0.00125173
0.00124728
0.00124979
0.00124284
0.00120729
0.00114939
0.00113465
0.0011963
0.00116324
0.000994648
0.00077632
0.00040564
0.000395615
0.000601658
0.000718047
0.000797934
0.000844028
0.000869774
0.000898087
0.000940051
0.000996485
0.00106119
0.00111871
0.00114149
0.0010995
0.0010076
0.000930328
0.000936621
0.000999195
0.000926756
0.000749385
0.000407441
0.00050309
0.000667255
0.000739839
0.000790363
0.000842558
0.000907033
0.000982627
0.00105957
0.00112693
0.00118664
0.0012336
0.00123371
0.00115891
0.00104199
0.00092884
0.000847724
0.000814489
0.000808144
0.000696481
0.000407746
0.000592095
0.000743871
0.000843368
0.000953031
0.0010917
0.0012524
0.00140834
0.00152162
0.00156882
0.00157433
0.00156229
0.00150068
0.00137852
0.00122598
0.00107421
0.000941864
0.000837934
0.000756606
0.000657416
0.000408719
0.000669268
0.000817506
0.000958275
0.0011476
0.0013972
0.00167386
0.00192192
0.00206554
0.00210371
0.00205833
0.00197619
0.00185002
0.00167915
0.00147435
0.00126982
0.00108501
0.000935082
0.000804444
0.000666541
0.000426907
0.000750081
0.000934793
0.00112292
0.00136907
0.00167724
0.00198847
0.00223444
0.00237202
0.00240976
0.00234995
0.00223296
0.00207845
0.00188459
0.00165824
0.00142232
0.0012035
0.00102272
0.000861951
0.000695321
0.00046464
0.000838713
0.000966105
0.00108482
0.00118478
0.00126784
0.00133383
0.00138261
0.001414
0.00142845
0.00142523
0.00139502
0.00135036
0.00129297
0.00122388
0.00114316
0.00105017
0.00094253
0.000814816
0.000660759
0.000508247
0.000376087
0.000411075
0.000430128
0.000441748
0.000452677
0.000467092
0.000492105
0.000519998
0.00054105
0.000555967
0.000565637
0.000566698
0.00055041
0.00051391
0.000481292
0.000459232
0.000451902
0.000446846
0.00043193
0.000398776
0.000393531
0.000762394
0.000929657
0.00107436
0.00123986
0.00146944
0.00174285
0.00193253
0.00205108
0.00212397
0.00215827
0.00214438
0.00208699
0.00198741
0.00167699
0.0013351
0.00107884
0.000932236
0.000820268
0.000414155
0.000394589
0.000923665
0.0012099
0.00145449
0.00169251
0.00194575
0.00216073
0.00227285
0.00231978
0.00233261
0.00231613
0.00226357
0.00218751
0.00212403
0.00203955
0.00181265
0.00149454
0.00119123
0.000939146
0.000419392
0.000389612
0.000863014
0.00117001
0.00142814
0.0016634
0.00186773
0.00197936
0.00202083
0.00203797
0.00205445
0.00205755
0.0020139
0.00190974
0.00179597
0.00175793
0.00176104
0.00159703
0.00129584
0.000964595
0.000418817
0.000413623
0.000718047
0.000932872
0.00110354
0.00123289
0.00131983
0.00139234
0.00147198
0.00157814
0.00170711
0.00181266
0.00182395
0.00169411
0.00150874
0.00138973
0.00140627
0.00143122
0.00124458
0.000926852
0.00041677
0.000537645
0.000739839
0.000847708
0.000923248
0.000986769
0.00105366
0.00114278
0.00127311
0.00145448
0.0016668
0.00183531
0.00185293
0.0016697
0.00142563
0.00123462
0.00113494
0.00111593
0.00107109
0.000845517
0.000417714
0.00065183
0.000843368
0.000967188
0.00109592
0.00125077
0.00143132
0.00162313
0.00181314
0.00199119
0.00214977
0.00223745
0.00215123
0.00189164
0.0015885
0.00132843
0.00114169
0.00102077
0.000929388
0.000777082
0.000423338
0.000755355
0.000958275
0.00114945
0.00143311
0.00181025
0.00221432
0.0025653
0.00281968
0.00295769
0.00298498
0.00291003
0.00268963
0.00235989
0.00198006
0.00161405
0.00131259
0.00109139
0.000923483
0.000755946
0.000445968
0.000850579
0.00112292
0.00144924
0.00194427
0.00253963
0.00308052
0.00346283
0.00369636
0.0037892
0.0037066
0.00356869
0.00325801
0.00290247
0.00247227
0.00201112
0.00158404
0.00124764
0.00098598
0.000769399
0.000485116
0.000949683
0.00108482
0.00120718
0.00131236
0.00140139
0.00147299
0.00152735
0.00156426
0.00158577
0.00158796
0.00154944
0.00149661
0.00143053
0.00135231
0.00126172
0.00115869
0.00104188
0.000906358
0.000742515
0.000556345
0.000381218
0.000419265
0.000441749
0.000456645
0.000470289
0.000487734
0.000513495
0.00055082
0.000581375
0.000602669
0.000614889
0.000613788
0.000587957
0.000536907
0.000503148
0.000489768
0.000484023
0.000472544
0.000450908
0.000406441
0.000401024
0.000862484
0.00107436
0.00126534
0.00146727
0.00172338
0.00205824
0.00231283
0.00247712
0.00258956
0.00265132
0.00264005
0.00255179
0.00236069
0.00192255
0.00155999
0.0013442
0.00123419
0.00108117
0.000430091
0.000403513
0.00108714
0.00145449
0.0017711
0.00207167
0.00237777
0.00266092
0.00284189
0.00295092
0.00301712
0.00303101
0.00296263
0.00282927
0.00269562
0.00249912
0.00217532
0.00181919
0.00151262
0.00121152
0.000441151
0.00039714
0.00102105
0.00142814
0.0017666
0.0020763
0.00236282
0.00256712
0.00270429
0.00280632
0.00288332
0.00290076
0.00279732
0.00258103
0.00238061
0.00227902
0.00218915
0.00193961
0.00158404
0.00118302
0.000432725
0.000439928
0.000797935
0.00110354
0.00136389
0.00158715
0.00178445
0.00197641
0.00217601
0.00239484
0.00260693
0.00272751
0.00264532
0.00234124
0.0020295
0.00184726
0.00182004
0.00176816
0.00148782
0.00107759
0.000424928
0.000582165
0.000790363
0.000923248
0.00104085
0.00115397
0.00127416
0.00144807
0.00172685
0.00211148
0.00250847
0.00275364
0.00267862
0.00228294
0.00186768
0.00157718
0.00143471
0.00138276
0.00125871
0.000939763
0.000426071
0.000716397
0.000953032
0.00109592
0.00123968
0.00140469
0.00160857
0.00188576
0.0022441
0.00264558
0.00300461
0.00317764
0.0029921
0.00250723
0.00200595
0.00160832
0.00134416
0.0011816
0.00104974
0.000837512
0.000441986
0.000834436
0.00114761
0.00143311
0.00183132
0.00231896
0.00282386
0.0032628
0.00358904
0.0038094
0.00392993
0.00391069
0.00362498
0.00311981
0.00255859
0.00201653
0.00157048
0.00124626
0.00101631
0.000807644
0.000478375
0.000939296
0.00136907
0.00194427
0.0027418
0.00355668
0.00417304
0.00444616
0.00449135
0.00445468
0.00437255
0.00430569
0.00417887
0.00390993
0.00338284
0.00273156
0.00207446
0.00152504
0.00112306
0.000836466
0.000535101
0.00103921
0.00118478
0.00131236
0.00142211
0.00151545
0.00159155
0.00165278
0.00169738
0.00172725
0.00173683
0.00169043
0.0016276
0.0015517
0.00146517
0.00136632
0.00125526
0.00113201
0.000993579
0.000831268
0.000639507
0.000387079
0.000427489
0.000452678
0.00047029
0.000485014
0.00050386
0.000533893
0.000580481
0.000620469
0.000647273
0.000659387
0.000653148
0.000616907
0.000552738
0.000532547
0.000525975
0.000515058
0.000499782
0.000471781
0.000412005
0.000406071
0.000992818
0.00123987
0.00146727
0.00169927
0.00197194
0.00233179
0.00262882
0.00281854
0.00295773
0.00304324
0.0030397
0.00292575
0.00266045
0.00220435
0.00189652
0.00173719
0.00160934
0.0013191
0.000443209
0.00040975
0.00125356
0.00169251
0.00207167
0.00242786
0.00277432
0.00308918
0.00331287
0.00346527
0.00357487
0.00362745
0.00356058
0.00337549
0.00316395
0.00288872
0.00254055
0.00220466
0.00190832
0.00151849
0.000465121
0.000405443
0.0011649
0.00166341
0.0020763
0.00246091
0.00281749
0.00310431
0.00333154
0.00351078
0.00364193
0.00368185
0.00352703
0.00319723
0.00289867
0.00271746
0.00255625
0.00226977
0.00189482
0.00142594
0.000450289
0.000477344
0.000844028
0.00123289
0.00158715
0.00191502
0.00225846
0.002623
0.00299153
0.00333567
0.0036065
0.00370834
0.0034848
0.00298161
0.00252955
0.00227057
0.00217499
0.0020539
0.00170905
0.0012263
0.000433028
0.000633373
0.000842558
0.000986769
0.00115398
0.0013557
0.00161776
0.00202952
0.00259864
0.0032026
0.00368759
0.00388545
0.00359178
0.0029282
0.00232494
0.00192949
0.0017257
0.00160804
0.00139748
0.00100129
0.000436533
0.000779821
0.0010917
0.00125077
0.00140469
0.00160667
0.00194679
0.00246065
0.00311848
0.00377078
0.0042387
0.00436068
0.00392891
0.00315863
0.00244611
0.00190716
0.0015502
0.00132347
0.00113126
0.000867369
0.000467467
0.000903983
0.0013972
0.00181025
0.00231896
0.00289369
0.00344944
0.00398222
0.00444758
0.00479679
0.00496057
0.00489491
0.00447185
0.00381535
0.00311599
0.0024413
0.0018546
0.00141501
0.00110602
0.000850148
0.000522159
0.0010169
0.00167724
0.00253963
0.00355668
0.00437741
0.00474835
0.00495114
0.00503499
0.00504951
0.00498339
0.00487128
0.00469134
0.00447176
0.00411301
0.00345082
0.00262668
0.0018615
0.00129018
0.000913956
0.000600732
0.00111114
0.00126784
0.00140139
0.00151545
0.00161383
0.00169706
0.00176462
0.0018203
0.00186421
0.00188621
0.00182845
0.00175027
0.00166352
0.00156722
0.00145917
0.0013402
0.00121053
0.00106936
0.000909943
0.000723201
0.000393286
0.000441874
0.000467093
0.000487735
0.00050386
0.000517193
0.000545573
0.000602037
0.000649767
0.000682988
0.000694317
0.000682594
0.000643738
0.000589834
0.000575293
0.000562992
0.000547457
0.000525897
0.000486192
0.000414674
0.000409789
0.0011724
0.00146944
0.00172338
0.00197194
0.00223431
0.00256112
0.00282747
0.00303349
0.00320483
0.00332611
0.00334741
0.00323761
0.00298331
0.00256981
0.00232836
0.00214963
0.00190676
0.00148191
0.000452192
0.0004172
0.00142773
0.00194575
0.00237777
0.00277432
0.0031372
0.00343117
0.0036566
0.00383128
0.00397632
0.00407551
0.00404182
0.00385114
0.00358116
0.00326524
0.00292981
0.00261809
0.00228744
0.00177344
0.000482213
0.000425008
0.00126323
0.00186773
0.00236282
0.00281749
0.00323189
0.00359559
0.00390453
0.00413852
0.00428632
0.00432585
0.00414911
0.00376987
0.00338401
0.00311198
0.00289355
0.00259155
0.00219975
0.00165816
0.000468351
0.000521251
0.000869774
0.00131983
0.00178445
0.00225846
0.00278144
0.00333544
0.00387193
0.00431524
0.00457829
0.00458676
0.00423831
0.00360589
0.00301668
0.00266248
0.00248421
0.0022994
0.00191021
0.00136047
0.00044092
0.000685018
0.000907033
0.00105366
0.00127416
0.00161776
0.00216153
0.00293586
0.00378616
0.00451935
0.00496121
0.0049634
0.0044458
0.00357085
0.00278026
0.00227445
0.00199551
0.00179606
0.00149934
0.00103569
0.000450685
0.000835142
0.0012524
0.00143132
0.00160857
0.00194679
0.00255495
0.00344603
0.00440081
0.00514616
0.00554328
0.00546362
0.00481342
0.00379105
0.00287097
0.00220568
0.0017564
0.00145261
0.00119221
0.000886767
0.000497668
0.000960197
0.00167386
0.00221432
0.00282386
0.00344945
0.00413391
0.00484501
0.00545814
0.00581096
0.00592851
0.00574199
0.00518683
0.00437177
0.0035703
0.00282314
0.00213921
0.00159266
0.00120191
0.000896601
0.000568775
0.00108048
0.00198848
0.00308052
0.00417304
0.00474835
0.00511297
0.00536479
0.00552403
0.00562004
0.00559237
0.00539462
0.00507602
0.0047848
0.00447891
0.00398736
0.0031459
0.00221163
0.00147085
0.000992113
0.000662441
0.0011669
0.00133383
0.00147299
0.00159155
0.00169706
0.00178709
0.00186726
0.00194107
0.00200606
0.00204622
0.00197438
0.00187163
0.0017651
0.00165663
0.00153964
0.00141132
0.00127438
0.00112911
0.000970553
0.000788766
0.000397583
0.000462349
0.000492105
0.000513496
0.000533893
0.000545573
0.000553551
0.000596833
0.000649781
0.000700866
0.000718128
0.000711357
0.00068603
0.000653006
0.000625551
0.000601898
0.000575093
0.000541831
0.000493909
0.000414703
0.000415568
0.00132883
0.00174286
0.00205824
0.00233178
0.00256111
0.00267205
0.00280021
0.00303482
0.00327499
0.00347774
0.00356394
0.00348668
0.00326208
0.00294847
0.00267849
0.00241395
0.00208908
0.00157354
0.000455711
0.000426549
0.00153995
0.00216074
0.00266093
0.00308918
0.00343117
0.00367365
0.00384723
0.00401672
0.00419339
0.00435841
0.004393
0.00425513
0.00397691
0.00362989
0.0032897
0.00295484
0.00254524
0.00191726
0.000487255
0.000453297
0.001286
0.00197937
0.00256713
0.00310432
0.00359559
0.00405254
0.00443191
0.00468437
0.00483584
0.0048433
0.00463637
0.00428879
0.00386373
0.00349773
0.00319832
0.00287449
0.00245203
0.00183668
0.000482027
0.000564444
0.000898088
0.00139234
0.00197642
0.002623
0.00333544
0.00409783
0.00481483
0.00531116
0.00553162
0.00537965
0.00486829
0.00420839
0.00352834
0.00305083
0.00276926
0.00250682
0.00207912
0.00146708
0.000448164
0.000727259
0.000982627
0.00114278
0.00144807
0.00202953
0.00293586
0.00404377
0.00512851
0.00589748
0.0062095
0.00593396
0.00517587
0.00421425
0.00326858
0.00262463
0.00224866
0.00195647
0.00157484
0.00105247
0.000467112
0.00087388
0.00140834
0.00162313
0.00188576
0.00246065
0.00344603
0.00467645
0.00576374
0.0064824
0.00672785
0.00637177
0.00553597
0.00440851
0.00329541
0.00249811
0.0019621
0.00157785
0.00124761
0.000906432
0.000526407
0.000998245
0.00192192
0.00256531
0.0032628
0.00398223
0.00484501
0.00572651
0.00635276
0.00672759
0.00681962
0.00647141
0.00575285
0.00479981
0.00388896
0.00310203
0.00238248
0.00176073
0.00129811
0.000945755
0.000606953
0.00112476
0.00223444
0.00346283
0.00444615
0.00495114
0.00536479
0.00570205
0.00599906
0.00624333
0.0062924
0.00599344
0.00542417
0.00496039
0.00460841
0.00419848
0.00351922
0.00250036
0.00162435
0.00105655
0.000706524
0.00120697
0.00138261
0.00152735
0.00165278
0.00176462
0.00186726
0.00196717
0.0020677
0.00216266
0.00222682
0.00213999
0.002
0.00186275
0.00173335
0.00160414
0.00146576
0.00132015
0.00116935
0.00100961
0.000831568
0.000400965
0.000479112
0.000519999
0.00055082
0.000580481
0.000602037
0.000596832
0.000600922
0.000648841
0.000716277
0.000739368
0.000747406
0.000740638
0.000715349
0.000674475
0.000630583
0.000590189
0.000549297
0.000496901
0.000412588
0.000424855
0.00142237
0.00193253
0.00231284
0.00262882
0.00282747
0.00280021
0.00265641
0.00274171
0.00309894
0.00349359
0.00369195
0.00368982
0.00349688
0.00319968
0.00288387
0.00255937
0.0021792
0.00160908
0.000454649
0.000439317
0.00156901
0.00227286
0.0028419
0.00331288
0.00365661
0.00384724
0.00385934
0.00393063
0.00421779
0.00451604
0.00461248
0.00455406
0.00431628
0.00394844
0.00354211
0.00313884
0.00265583
0.00195231
0.000483259
0.000482431
0.00126935
0.00202083
0.0027043
0.00333154
0.00390453
0.00443191
0.00476924
0.00497126
0.00530468
0.00540119
0.0050552
0.00468641
0.0042958
0.00386397
0.00346297
0.00307168
0.00259855
0.00191537
0.000486765
0.000597381
0.000940051
0.00147198
0.00217602
0.00299154
0.00387194
0.00481483
0.00557121
0.00600058
0.00640035
0.00628681
0.00551491
0.00471855
0.00403575
0.00344847
0.00303554
0.0026789
0.00220457
0.001536
0.000455528
0.000750485
0.00105957
0.00127311
0.00172686
0.00259865
0.00378617
0.00512851
0.00625805
0.00688929
0.00726401
0.00697398
0.00592951
0.00479277
0.00379765
0.00300572
0.00249897
0.00210211
0.00163834
0.00106536
0.000482507
0.000889584
0.00152162
0.00181314
0.00224411
0.00311848
0.00440081
0.00576374
0.00684935
0.00743803
0.00772699
0.00738131
0.00623525
0.0049602
0.00375085
0.00280492
0.00217292
0.0017068
0.00130592
0.000928773
0.000547195
0.00101463
0.00206554
0.00281968
0.00358904
0.00444758
0.00545814
0.00635276
0.00706609
0.00752517
0.00772625
0.0074184
0.00634831
0.00515282
0.00408124
0.00325313
0.00254086
0.00189566
0.00138086
0.000987123
0.000627976
0.00114442
0.00237202
0.00369636
0.00449135
0.00503499
0.00552403
0.00599906
0.00651568
0.00696386
0.00713922
0.00683522
0.00587695
0.00508302
0.00458812
0.00416424
0.00359125
0.00265183
0.00170035
0.00108118
0.000724476
0.00123115
0.001414
0.00156426
0.00169738
0.0018203
0.00194107
0.00206769
0.00220327
0.00233674
0.00242814
0.00233361
0.00214167
0.00195995
0.00179996
0.00165066
0.00150022
0.00134403
0.00118634
0.00102349
0.000847879
0.000403735
0.000491032
0.00054105
0.000581375
0.00062047
0.000649767
0.000649779
0.00064884
0.000679289
0.000761665
0.000798267
0.000791674
0.000789711
0.000760665
0.00070585
0.000647871
0.000597913
0.000552218
0.000497136
0.000408883
0.000435404
0.00147054
0.00205109
0.00247712
0.00281855
0.00303349
0.00303481
0.00274171
0.00253655
0.00287255
0.00337761
0.00372255
0.0038177
0.00366722
0.0033678
0.00300619
0.00262883
0.00221108
0.00161232
0.000450923
0.000456394
0.00155068
0.00231978
0.00295092
0.00346528
0.00383128
0.00401672
0.00393063
0.00381385
0.0043754
0.00483797
0.00476325
0.00467561
0.00450166
0.00414885
0.00370059
0.0032112
0.00266299
0.00191324
0.000474485
0.000505998
0.00125173
0.00203797
0.00280633
0.00351078
0.00413853
0.00468437
0.00497126
0.00503101
0.00569572
0.00601662
0.0055692
0.00492498
0.00453954
0.00412122
0.00365177
0.00316789
0.00262568
0.00188318
0.000479795
0.000613876
0.000996486
0.00157814
0.00239484
0.00333568
0.00431525
0.00531116
0.00600058
0.00618259
0.00669831
0.00701863
0.00634485
0.00512626
0.00438063
0.00378502
0.00326051
0.00279865
0.00226538
0.00154821
0.000462941
0.000750323
0.00112693
0.00145448
0.00211148
0.00320261
0.00451935
0.00589748
0.00688929
0.00710722
0.00739698
0.00778248
0.00691693
0.00529679
0.00422294
0.00338287
0.00274663
0.00223871
0.00169802
0.00108183
0.000493937
0.000879275
0.00156882
0.00199119
0.00264559
0.00377079
0.00514617
0.0064824
0.00743803
0.00766159
0.00781029
0.0082293
0.00715232
0.00539879
0.00414623
0.00312534
0.00239528
0.00184463
0.00137119
0.000952722
0.000556144
0.00100392
0.00210371
0.00295769
0.0038094
0.00479679
0.00581096
0.00672759
0.00752517
0.00789746
0.00801032
0.00834312
0.00707631
0.00539447
0.00418018
0.00329742
0.00260894
0.001986
0.00144135
0.00101219
0.000627928
0.00113863
0.00240975
0.0037892
0.00445468
0.00504951
0.00562004
0.00624333
0.00696386
0.00755733
0.00775021
0.00775959
0.00642519
0.00519239
0.00448317
0.00397837
0.00340732
0.00263279
0.00169604
0.00105656
0.000711568
0.00123838
0.00142844
0.00158577
0.00172725
0.00186421
0.00200605
0.00216266
0.00233674
0.00250927
0.00260974
0.00254129
0.0022908
0.00205278
0.00185392
0.00167819
0.00150951
0.00134215
0.00117698
0.00100856
0.000828412
0.000405857
0.000499564
0.000555967
0.00060267
0.000647273
0.000682988
0.000700865
0.000716276
0.000761665
0.00077954
0.000832592
0.000851838
0.000822304
0.000780313
0.00071808
0.000655592
0.000601629
0.000553101
0.00049594
0.000404051
0.000445803
0.00149371
0.00212398
0.00258956
0.00295774
0.00320484
0.00327499
0.00309893
0.00287255
0.00179897
0.00228968
0.00382478
0.00374965
0.00368082
0.00340381
0.0030355
0.00264456
0.00220953
0.00159821
0.000445619
0.000472953
0.00151992
0.00233262
0.00301712
0.00357487
0.00397632
0.00419339
0.00421779
0.0043754
0.00269918
0.00363903
0.00528905
0.00453531
0.00442486
0.00415053
0.00370036
0.00318869
0.00260399
0.00183067
0.000463657
0.000523661
0.00124728
0.00205446
0.00288332
0.00364194
0.00428633
0.00483585
0.00530468
0.00569572
0.00352207
0.00499686
0.00637969
0.00495733
0.00450502
0.00416749
0.00368285
0.00315498
0.00255307
0.00177163
0.000468097
0.000620889
0.00106119
0.00170711
0.00260693
0.00360651
0.0045783
0.00553163
0.00640035
0.00669831
0.00439169
0.00632214
0.00718698
0.00529587
0.00446327
0.00394046
0.00337586
0.00283753
0.00224753
0.00150113
0.000468794
0.000742679
0.00118664
0.00166681
0.00250847
0.0036876
0.00496122
0.0062095
0.00726402
0.00739698
0.00529104
0.00746944
0.00767275
0.0054896
0.00439124
0.00362828
0.00294062
0.00235018
0.00174916
0.00110166
0.000500207
0.000864156
0.00157433
0.00214977
0.00300462
0.0042387
0.00554329
0.00672785
0.00772699
0.0078103
0.00614912
0.00825537
0.007753
0.00551087
0.00430896
0.00336611
0.00259898
0.00198088
0.00144057
0.000976006
0.000554782
0.000985473
0.00205833
0.00298499
0.00392994
0.00496057
0.00592851
0.00681962
0.00772625
0.00801032
0.00693231
0.0085893
0.00744782
0.00534704
0.00412794
0.00328286
0.00262861
0.00202907
0.0014705
0.00101856
0.000614528
0.00112056
0.00234995
0.0037066
0.00437255
0.00498339
0.00559237
0.0062924
0.00713922
0.00775021
0.00733016
0.00811622
0.00665946
0.00513465
0.00431054
0.00375078
0.00315852
0.00247156
0.00161176
0.00102056
0.00068461
0.0012311
0.00142522
0.00158796
0.00173683
0.00188621
0.00204622
0.00222682
0.00242814
0.00260974
0.00257925
0.00267999
0.00240181
0.00211513
0.00188034
0.00167857
0.00149072
0.00131283
0.00114162
0.000968301
0.000791057
0.000406927
0.000505259
0.000565638
0.000614889
0.000659387
0.000694318
0.000718128
0.000739368
0.000798267
0.000832592
0.000842776
0.000841978
0.000813604
0.000766708
0.000710038
0.000652969
0.000601141
0.000552321
0.000493784
0.000398653
0.00045356
0.00149899
0.00215827
0.00265132
0.00304324
0.00332611
0.00347774
0.00349359
0.0033776
0.00228967
0.00257057
0.00394928
0.00375321
0.0036086
0.00331973
0.00297493
0.00260735
0.00218246
0.00157351
0.000439597
0.000484965
0.00148687
0.00231613
0.00303102
0.00362745
0.00407552
0.00435842
0.00451604
0.00483797
0.00363903
0.0042123
0.00522929
0.00449504
0.00432597
0.00399385
0.00355274
0.00306412
0.00249669
0.00173413
0.000454191
0.000536014
0.0012498
0.00205755
0.00290076
0.00368185
0.00432586
0.00484331
0.0054012
0.00601663
0.00499685
0.00573199
0.00610847
0.00479534
0.00439844
0.0040003
0.003516
0.0029943
0.00239698
0.00162855
0.000460879
0.00062533
0.00111871
0.00181266
0.00272751
0.00370835
0.00458677
0.00537966
0.00628682
0.00701863
0.00632214
0.00704009
0.00672585
0.00501646
0.00436454
0.00384604
0.003306
0.0027583
0.00215199
0.0014131
0.000471831
0.000738587
0.0012336
0.00183531
0.00275364
0.00388546
0.00496341
0.00593397
0.00697399
0.00778248
0.00746944
0.00800267
0.00703866
0.00513532
0.00429084
0.00362019
0.0029875
0.00239013
0.00177137
0.00111664
0.000501134
0.000856638
0.00156229
0.00223745
0.00317765
0.00436069
0.00546362
0.00637177
0.00738132
0.0082293
0.00825537
0.00848211
0.00699678
0.00512693
0.0041656
0.00338029
0.00269167
0.00207073
0.00149564
0.000993091
0.000547165
0.000976344
0.0019762
0.00291004
0.00391069
0.00489491
0.00574199
0.00647141
0.0074184
0.00834312
0.0085893
0.00847604
0.0066444
0.00489761
0.00387328
0.00318552
0.0025939
0.00201019
0.00145681
0.00100173
0.000599162
0.00110717
0.00223296
0.00356869
0.00430569
0.00487128
0.00539462
0.00599344
0.00683522
0.00775959
0.00811622
0.00769495
0.00601206
0.00480142
0.00415263
0.00361855
0.00301352
0.00229987
0.00150147
0.000977228
0.000665979
0.00121063
0.00139502
0.00154944
0.00169043
0.00182844
0.00197438
0.00213999
0.00233361
0.00254129
0.00267999
0.00255414
0.00225599
0.00200007
0.00179208
0.00160698
0.00143152
0.00126483
0.00110399
0.000941818
0.000772638
0.000405978
0.000505849
0.000566698
0.000613788
0.000653148
0.000682595
0.000711357
0.000747406
0.000791674
0.000851838
0.000841978
0.00081599
0.000782615
0.000737657
0.000688825
0.000640618
0.000594366
0.000548075
0.000489972
0.000392933
0.000455518
0.00148527
0.00214439
0.00264005
0.0030397
0.00334741
0.00356395
0.00369195
0.00372255
0.00382478
0.00394928
0.00376848
0.00367925
0.00345511
0.0031653
0.00285822
0.00252858
0.00212886
0.00153861
0.000432914
0.000488412
0.00145318
0.00226358
0.00296264
0.00356059
0.00404183
0.00439301
0.00461248
0.00476325
0.00528906
0.00522929
0.00458454
0.00437108
0.00410565
0.00373351
0.00333071
0.00288986
0.00235983
0.00163262
0.000446116
0.000537852
0.00124284
0.00201391
0.00279733
0.00352704
0.00414911
0.00463638
0.0050552
0.0055692
0.0063797
0.00610847
0.00500892
0.00445879
0.00408719
0.00365454
0.00321902
0.0027517
0.00219819
0.00148043
0.000454594
0.000620151
0.00114149
0.00182395
0.00264532
0.0034848
0.00423831
0.0048683
0.00551492
0.00634486
0.00718698
0.00672586
0.00532022
0.00448556
0.00396357
0.00346747
0.00301327
0.00253794
0.00198219
0.00130348
0.000469596
0.000725873
0.00123371
0.00185293
0.00267862
0.00359178
0.0044458
0.00517587
0.00592951
0.00691694
0.00767275
0.00703866
0.00548012
0.00449355
0.00382645
0.00327583
0.00280292
0.00230147
0.00173104
0.0011099
0.000495777
0.000838943
0.00150069
0.00215123
0.00299211
0.00392891
0.00481342
0.00553598
0.00623525
0.00715232
0.00775301
0.00699678
0.00547475
0.00444488
0.00367274
0.00308901
0.00258652
0.00205192
0.00150231
0.000993636
0.000534204
0.000954421
0.00185003
0.00268964
0.00362498
0.00447185
0.00518683
0.00575285
0.00634831
0.00707631
0.00744783
0.0066444
0.0052493
0.00419394
0.0034884
0.00295054
0.00243978
0.0019047
0.00139489
0.000964332
0.000581102
0.0010794
0.00207845
0.00325801
0.00417887
0.00469134
0.00507602
0.00542417
0.00587694
0.00642519
0.00665946
0.00601206
0.00500013
0.00438674
0.00397117
0.00345719
0.00281841
0.00205528
0.00138457
0.000929794
0.000645565
0.0011764
0.00135036
0.00149661
0.0016276
0.00175027
0.00187163
0.002
0.00214167
0.0022908
0.00240181
0.00225599
0.00204305
0.00185462
0.00168555
0.00152241
0.0013626
0.00120809
0.00105739
0.000905487
0.00074755
0.000399338
0.000495243
0.00055041
0.000587958
0.000616907
0.000643738
0.000686031
0.000740638
0.000789711
0.000822304
0.000813604
0.000782615
0.000743953
0.00070071
0.000657913
0.000615471
0.000575979
0.000535209
0.000481198
0.000386412
0.000447659
0.00145988
0.002087
0.00255179
0.00292576
0.00323761
0.00348668
0.00368982
0.00381771
0.00374965
0.00375321
0.00367926
0.00349992
0.00325601
0.00299505
0.0027276
0.00243294
0.00206209
0.00150049
0.000424541
0.000478504
0.00142001
0.00218751
0.00282927
0.0033755
0.00385115
0.00425513
0.00455406
0.00467561
0.00453532
0.00449504
0.00437108
0.00413919
0.00381761
0.0034809
0.00313151
0.00273773
0.00224715
0.00155758
0.000435807
0.00052379
0.00120729
0.00190974
0.00258104
0.00319723
0.00376987
0.00428879
0.00468641
0.00492498
0.00495733
0.00479534
0.00445879
0.00410124
0.00369653
0.00331811
0.00294594
0.00253301
0.00203088
0.0013704
0.000442875
0.000599157
0.0010995
0.00169412
0.00234124
0.00298161
0.0036059
0.00420839
0.00471855
0.00512627
0.00529588
0.00501647
0.00448556
0.00396907
0.00347246
0.00305887
0.00267629
0.00226513
0.00178196
0.00118797
0.000457385
0.000700193
0.00115892
0.00166971
0.00228294
0.00292821
0.00357086
0.00421426
0.00479277
0.0052968
0.0054896
0.00513532
0.00449355
0.00384043
0.00327483
0.00283706
0.00244713
0.00204175
0.00158628
0.00106043
0.0004825
0.000809086
0.00137853
0.00189164
0.00250723
0.00315864
0.00379105
0.00440851
0.00496021
0.00539879
0.00551087
0.00512693
0.00444489
0.00371385
0.00312589
0.00267058
0.00226131
0.00185288
0.00141698
0.000965181
0.000515363
0.00091926
0.00167916
0.00235989
0.00311981
0.00381536
0.00437178
0.00479981
0.00515282
0.00539447
0.00534704
0.00489761
0.00419394
0.00358225
0.00308263
0.0026076
0.00214116
0.00170241
0.00128819
0.000914091
0.000558433
0.00103715
0.00188459
0.00290247
0.00390993
0.00447176
0.0047848
0.00496039
0.00508302
0.00519239
0.00513465
0.00480142
0.00438675
0.00408686
0.00371399
0.0031572
0.00246105
0.00180039
0.00126653
0.000884488
0.000618752
0.00113097
0.00129297
0.00143052
0.00155169
0.00166352
0.0017651
0.00186275
0.00195995
0.00205278
0.00211513
0.00200007
0.00185462
0.00171187
0.00156963
0.00142496
0.00128059
0.00113851
0.000998107
0.000856633
0.000711893
0.000387619
0.00047149
0.00051391
0.000536908
0.000552739
0.000589834
0.000653006
0.00071535
0.000760666
0.000780313
0.000766708
0.000737657
0.00070071
0.000659435
0.000618281
0.000581001
0.000547882
0.000513911
0.000467191
0.00037976
0.000431741
0.00142539
0.00198741
0.00236069
0.00266045
0.00298331
0.00326209
0.00349689
0.00366723
0.00368083
0.00360861
0.00345511
0.00325601
0.00304526
0.00282835
0.00259388
0.00232706
0.00199065
0.00147079
0.000413817
0.000455296
0.00139862
0.00212403
0.00269563
0.00316395
0.00358116
0.00397691
0.00431629
0.00450166
0.00442486
0.00432598
0.00410566
0.00381761
0.00354217
0.00327698
0.00299118
0.00265011
0.00220433
0.00154862
0.00042385
0.000490717
0.00114939
0.00179597
0.00238061
0.00289867
0.00338401
0.00386373
0.0042958
0.00453954
0.00450502
0.00439844
0.00408719
0.00369653
0.0033615
0.00307161
0.00277547
0.00242787
0.00198155
0.00135853
0.000426285
0.000559875
0.0010076
0.00150874
0.0020295
0.00252955
0.00301668
0.00352835
0.00403575
0.00438064
0.00446327
0.00436454
0.00396357
0.00347246
0.00307367
0.00275163
0.0024443
0.00210294
0.00168637
0.00114637
0.000434747
0.000661162
0.00104199
0.00142563
0.00186769
0.00232494
0.00278027
0.00326858
0.00379765
0.00422294
0.00439124
0.00429085
0.00382645
0.00327483
0.00283125
0.00247738
0.00215457
0.00181871
0.00143746
0.000986956
0.000454418
0.000768424
0.00122598
0.00158851
0.00200595
0.00244612
0.00287098
0.00329542
0.00375086
0.00414623
0.00430896
0.0041656
0.00367274
0.00312589
0.00267001
0.00228609
0.00193945
0.00160341
0.00125632
0.000891026
0.00048756
0.000873697
0.00147435
0.00198007
0.00255859
0.003116
0.0035703
0.00388896
0.00408125
0.00418019
0.00412795
0.00387328
0.0034884
0.00308263
0.00266175
0.00223511
0.00183731
0.00147814
0.00115084
0.00085203
0.000529795
0.000982684
0.00165824
0.00247228
0.00338285
0.00411301
0.00447891
0.00460841
0.00458812
0.00448317
0.00431054
0.00415263
0.00397117
0.00371399
0.00327707
0.0026557
0.00205942
0.00155914
0.0011522
0.000840759
0.000584752
0.00107537
0.00122388
0.00135231
0.00146517
0.00156722
0.00165663
0.00173335
0.00179995
0.00185392
0.00188034
0.00179208
0.00168555
0.00156963
0.00144627
0.00131823
0.00118864
0.00105867
0.000928724
0.000797849
0.000667302
0.000375903
0.000446731
0.000481293
0.000503149
0.000532548
0.000575293
0.000625551
0.000674475
0.000705851
0.00071808
0.000710038
0.000688825
0.000657913
0.000618281
0.000577022
0.000544568
0.000516371
0.000488075
0.000449875
0.000374478
0.000414966
0.00130019
0.00167699
0.00192255
0.00220435
0.00256982
0.00294847
0.00319968
0.0033678
0.00340381
0.00331973
0.0031653
0.00299505
0.00282835
0.00264782
0.00242559
0.00218138
0.00188703
0.00143599
0.000408436
0.000428724
0.00139999
0.00203955
0.00249913
0.00288872
0.00326524
0.00362989
0.00394844
0.00414886
0.00415054
0.00399386
0.00373351
0.0034809
0.00327698
0.00308592
0.00286263
0.00257393
0.00218351
0.001591
0.000414197
0.000442898
0.00113465
0.00175793
0.00227902
0.00271746
0.00311198
0.00349773
0.00386398
0.00412122
0.00416749
0.0040003
0.00365454
0.00331811
0.00307161
0.00287259
0.00266128
0.00239256
0.00201874
0.00144361
0.000411475
0.000505006
0.000930327
0.00138972
0.00184726
0.00227057
0.00266248
0.00305083
0.00344847
0.00378502
0.00394047
0.00384604
0.00346747
0.00305887
0.00275163
0.00251912
0.00230002
0.00204543
0.00170805
0.00121158
0.000412802
0.000609357
0.00092884
0.00123462
0.00157718
0.00192949
0.00227445
0.00262463
0.00300572
0.00338287
0.00362828
0.00362019
0.00327583
0.00283707
0.00247738
0.00220313
0.00196365
0.00171177
0.00140513
0.000993749
0.000422394
0.000717976
0.00107421
0.00132844
0.00160832
0.00190717
0.00220569
0.00249811
0.00280492
0.00312534
0.00336611
0.0033803
0.00308901
0.00267058
0.00228609
0.0019767
0.0017131
0.00145744
0.00117758
0.000848059
0.000447146
0.000818384
0.00126982
0.00161405
0.00201653
0.00244131
0.00282314
0.00310203
0.00325314
0.00329743
0.00328287
0.00318553
0.00295054
0.00260761
0.00223511
0.00189423
0.00159429
0.00132106
0.00106038
0.000798562
0.000492508
0.000918022
0.00142232
0.00201112
0.00273156
0.00345082
0.00398736
0.00419848
0.00416424
0.00397837
0.00375078
0.00361856
0.0034572
0.0031572
0.0026557
0.00214073
0.00170462
0.00134421
0.00104457
0.000795331
0.0005431
0.00100968
0.00114316
0.00126172
0.00136632
0.00145917
0.00153964
0.00160414
0.00165066
0.00167819
0.00167857
0.00160698
0.00152241
0.00142496
0.00131823
0.00120571
0.00108947
0.000970938
0.00085118
0.000730795
0.000614985
0.000368166
0.000426837
0.000459233
0.000489769
0.000525975
0.000562993
0.000601898
0.000630583
0.000647871
0.000655592
0.000652969
0.000640618
0.000615471
0.000581001
0.000544568
0.00051841
0.000494465
0.000467636
0.000432236
0.000371226
0.000404044
0.00109416
0.0013351
0.00155999
0.00189652
0.00232837
0.00267849
0.00288387
0.00300619
0.00303551
0.00297494
0.00285822
0.0027276
0.00259388
0.00242559
0.0021619
0.00191034
0.00167554
0.00134246
0.000410756
0.000409139
0.00133217
0.00181265
0.00217532
0.00254055
0.00292981
0.00328971
0.00354211
0.00370059
0.00370036
0.00355274
0.00333071
0.00313151
0.00299118
0.00286263
0.00267708
0.00241392
0.00207691
0.00156527
0.000416402
0.000410057
0.0011963
0.00176104
0.00218915
0.00255625
0.00289355
0.00319832
0.00346297
0.00365177
0.00368285
0.003516
0.00321902
0.00294594
0.00277546
0.00266128
0.00252962
0.00233094
0.002021
0.0014974
0.000406457
0.000441947
0.000936621
0.00140627
0.00182004
0.00217499
0.0024842
0.00276926
0.00303554
0.00326051
0.00337586
0.003306
0.00301328
0.00267629
0.0024443
0.00230001
0.00217044
0.00199956
0.00173697
0.00128911
0.000405837
0.000547877
0.000847723
0.00113494
0.00143471
0.0017257
0.00199551
0.00224866
0.00249896
0.00274662
0.00294062
0.0029875
0.00280293
0.00244713
0.00215457
0.00196365
0.00181469
0.00165033
0.00142017
0.00105175
0.000409336
0.000657992
0.000941866
0.00114169
0.00134416
0.00155021
0.0017564
0.0019621
0.00217292
0.00239528
0.00259898
0.00269167
0.00258653
0.00226131
0.00193945
0.0017131
0.00154357
0.00137733
0.00116778
0.000865153
0.000417898
0.00075398
0.00108502
0.0013126
0.00157049
0.00185461
0.00213922
0.00238249
0.00254086
0.00260895
0.00262862
0.00259391
0.00243978
0.00214116
0.00183731
0.0015943
0.00139603
0.00121272
0.00101641
0.000775448
0.00044811
0.000844518
0.0012035
0.00158404
0.00207446
0.00262669
0.0031459
0.00351923
0.00359125
0.00340732
0.00315852
0.00301353
0.00281842
0.00246105
0.00205942
0.00170462
0.00140937
0.00116161
0.000945822
0.000743644
0.000496334
0.000933147
0.00105017
0.00115869
0.00125526
0.00134019
0.00141132
0.00146576
0.00150022
0.00150951
0.00149072
0.00143152
0.0013626
0.00128059
0.00118864
0.00108947
0.000985083
0.000876944
0.000766772
0.000656729
0.000556467
0.000365183
0.000416768
0.000451902
0.000484023
0.000515058
0.000547457
0.000575093
0.000590189
0.000597913
0.000601629
0.000601141
0.000594366
0.000575979
0.000547881
0.000516371
0.000494464
0.00047532
0.000453481
0.000422419
0.000371768
0.000396135
0.000895878
0.00107884
0.0013442
0.00173719
0.00214964
0.00241395
0.00255938
0.00262884
0.00264456
0.00260735
0.00252858
0.00243294
0.00232706
0.00218138
0.00191034
0.00165014
0.00141714
0.00114362
0.00041133
0.000400381
0.00115285
0.00149454
0.00181919
0.00220467
0.00261809
0.00295484
0.00313884
0.00321121
0.00318869
0.00306413
0.00288986
0.00273773
0.00265011
0.00257393
0.00241392
0.00215384
0.00183489
0.00139585
0.000417805
0.000398053
0.00116324
0.00159704
0.00193961
0.00226977
0.00259156
0.0028745
0.00307168
0.00316789
0.00315498
0.0029943
0.0027517
0.00253301
0.00242787
0.00239255
0.00233093
0.0021777
0.00187945
0.00139531
0.000411814
0.000399672
0.000999193
0.00143122
0.00176816
0.0020539
0.0022994
0.00250682
0.0026789
0.00279865
0.00283753
0.0027583
0.00253794
0.00226513
0.00210293
0.00204543
0.00199956
0.00189656
0.00168344
0.00125552
0.000409557
0.000476662
0.000814488
0.00111593
0.00138275
0.00160804
0.00179605
0.00195646
0.00210211
0.00223871
0.00235018
0.00239013
0.00230147
0.00204176
0.00181871
0.00171177
0.00165033
0.00156392
0.00139765
0.00107119
0.000410917
0.000586148
0.000837935
0.00102077
0.0011816
0.00132347
0.00145261
0.00157785
0.0017068
0.00184463
0.00198088
0.00207073
0.00205192
0.00185289
0.00160341
0.00145744
0.00137733
0.00129826
0.00116205
0.000901608
0.000408668
0.000679927
0.000935084
0.00109139
0.00124626
0.00141501
0.00159267
0.00176074
0.00189567
0.00198601
0.00202908
0.0020102
0.0019047
0.00170241
0.00147815
0.00132106
0.00121272
0.00111786
0.000993755
0.000783023
0.000416708
0.000761853
0.00102273
0.00124764
0.00152505
0.00186151
0.00221164
0.00250036
0.00265184
0.0026328
0.00247157
0.00229987
0.00205528
0.0018004
0.00155914
0.00134421
0.00116161
0.00100899
0.000866892
0.000703853
0.00045007
0.000843952
0.00094253
0.00104188
0.00113201
0.00121053
0.00127438
0.00132015
0.00134403
0.00134215
0.00131283
0.00126483
0.00120809
0.00113851
0.00105867
0.000970938
0.000876944
0.000778411
0.000677987
0.000579727
0.000496659
0.000366957
0.00041481
0.000446846
0.000472544
0.000499782
0.000525897
0.000541831
0.000549297
0.000552218
0.000553101
0.000552321
0.000548075
0.000535209
0.000513911
0.000488075
0.000467635
0.000453481
0.000438995
0.000416412
0.000376512
0.000391064
0.00074728
0.000932237
0.00123419
0.00160934
0.00190676
0.00208909
0.0021792
0.00221108
0.00220953
0.00218247
0.00212886
0.00206209
0.00199065
0.00188702
0.00167554
0.00141714
0.00117782
0.000936819
0.000407189
0.000395841
0.000936344
0.00119124
0.00151262
0.00190832
0.00228744
0.00254524
0.00265583
0.00266299
0.00260399
0.00249669
0.00235983
0.00224715
0.00220433
0.00218351
0.00207691
0.00183489
0.0015319
0.00116074
0.000415418
0.000394167
0.000994648
0.00129584
0.00158404
0.00189482
0.00219976
0.00245203
0.00259855
0.00262568
0.00255307
0.00239698
0.00219819
0.00203088
0.00198155
0.00201874
0.002021
0.00187945
0.00159646
0.00118177
0.00041311
0.000393519
0.000926755
0.00124458
0.00148782
0.00170905
0.00191021
0.00207912
0.00220457
0.00226538
0.00224753
0.00215199
0.00198219
0.00178196
0.00168636
0.00170804
0.00173697
0.00168344
0.00146852
0.00107787
0.000412163
0.000412164
0.000808143
0.00107109
0.00125871
0.00139748
0.00149933
0.00157483
0.00163833
0.00169802
0.00174916
0.00177136
0.00173104
0.00158628
0.00143746
0.00140513
0.00142017
0.00139765
0.00127681
0.000972932
0.000411357
0.000502596
0.000756606
0.000929386
0.00104974
0.00113126
0.00119221
0.00124761
0.00130592
0.00137119
0.00144057
0.00149564
0.00150231
0.00141699
0.00125632
0.00117758
0.00116778
0.00116205
0.00109448
0.00088855
0.000406729
0.000594834
0.000804445
0.000923484
0.00101632
0.00110602
0.00120191
0.00129812
0.00138087
0.00144136
0.0014705
0.00145681
0.00139489
0.0012882
0.00115084
0.00106039
0.00101641
0.000993755
0.000944048
0.000788712
0.000402105
0.000668965
0.000861953
0.000985983
0.00112306
0.00129019
0.00147086
0.00162436
0.00170035
0.00169605
0.00161176
0.00150147
0.00138457
0.00126653
0.00115221
0.00104457
0.000945823
0.000866893
0.000794409
0.000680777
0.000416304
0.000739613
0.000814816
0.000906358
0.000993578
0.00106936
0.00112911
0.00116935
0.00118634
0.00117697
0.00114162
0.00110399
0.00105739
0.000998107
0.000928724
0.00085118
0.000766772
0.000677987
0.000589958
0.000509316
0.000446549
0.000369825
0.000409801
0.000431929
0.000450907
0.000471781
0.000486192
0.000493909
0.000496901
0.000497136
0.00049594
0.000493784
0.000489972
0.000481198
0.000467191
0.000449875
0.000432236
0.000422419
0.000416412
0.00040558
0.000380013
0.000386481
0.000638988
0.000820267
0.00108117
0.00131909
0.00148191
0.00157354
0.00160908
0.00161233
0.00159821
0.00157351
0.00153861
0.00150049
0.00147078
0.00143599
0.00134246
0.00114362
0.000936819
0.000745867
0.000400756
0.000390904
0.000740139
0.000939146
0.00121152
0.00151849
0.00177344
0.00191726
0.00195231
0.00191324
0.00183067
0.00173413
0.00163262
0.00155758
0.00154862
0.001591
0.00156527
0.00139585
0.00116074
0.000890201
0.000409336
0.000390352
0.000776321
0.000964595
0.00118302
0.00142594
0.00165816
0.00183668
0.00191537
0.00188318
0.00177163
0.00162855
0.00148044
0.0013704
0.00135853
0.00144361
0.0014974
0.00139531
0.00118177
0.000889407
0.000410402
0.000391784
0.000749385
0.000926851
0.00107759
0.00122629
0.00136046
0.00146708
0.001536
0.0015482
0.00150113
0.0014131
0.00130348
0.00118797
0.00114636
0.00121158
0.00128911
0.00125552
0.00107787
0.000808262
0.000410509
0.000394194
0.00069648
0.000845516
0.000939761
0.00100129
0.00103569
0.00105247
0.00106536
0.00108183
0.00110166
0.00111664
0.0011099
0.00106043
0.000986956
0.000993747
0.00105175
0.00107119
0.000972932
0.000754512
0.000406684
0.000421421
0.000657416
0.000777081
0.00083751
0.000867368
0.000886766
0.000906432
0.000928774
0.000952723
0.000976007
0.000993092
0.000993637
0.000965182
0.000891026
0.000848059
0.000865152
0.000901607
0.00088855
0.000745376
0.000398776
0.000499122
0.000666542
0.000755946
0.000807644
0.000850149
0.000896603
0.000945758
0.000987126
0.00101219
0.00101856
0.00100173
0.000964333
0.000914093
0.00085203
0.000798563
0.000775448
0.000783023
0.000788712
0.000713585
0.000394484
0.000566394
0.000695323
0.0007694
0.000836467
0.000913958
0.000992116
0.00105655
0.00108118
0.00105656
0.00102057
0.00097723
0.000929795
0.000884489
0.00084076
0.000795332
0.000743645
0.000703854
0.000680777
0.000631394
0.000399682
0.000620835
0.00066076
0.000742516
0.000831269
0.000909943
0.000970553
0.00100961
0.00102349
0.00100856
0.000968301
0.000941818
0.000905487
0.000856633
0.000797849
0.000730795
0.00065673
0.000579727
0.000509316
0.00045408
0.000413848
0.000366361
0.000389035
0.000398776
0.000406441
0.000412004
0.000414674
0.000414703
0.000412588
0.000408883
0.000404051
0.000398653
0.000392933
0.000386412
0.00037976
0.000374478
0.000371226
0.000371768
0.000376512
0.000380013
0.000375426
0.00037014
0.000396679
0.000414155
0.000430091
0.000443209
0.000452192
0.000455711
0.000454649
0.000450923
0.000445619
0.000439597
0.000432914
0.000424541
0.000413817
0.000408435
0.000410755
0.00041133
0.000407189
0.000400756
0.000385948
0.000375141
0.000402094
0.000419392
0.000441151
0.000465121
0.000482213
0.000487255
0.000483259
0.000474485
0.000463657
0.000454192
0.000446117
0.000435807
0.00042385
0.000414196
0.000416402
0.000417804
0.000415418
0.000409336
0.000394919
0.000380165
0.000405641
0.000418817
0.000432725
0.000450289
0.000468351
0.000482027
0.000486765
0.000479795
0.000468097
0.000460879
0.000454595
0.000442875
0.000426285
0.000411475
0.000406457
0.000411814
0.00041311
0.000410402
0.000401575
0.000385815
0.000407442
0.00041677
0.000424928
0.000433027
0.00044092
0.000448163
0.000455527
0.000462941
0.000468794
0.000471831
0.000469596
0.000457386
0.000434748
0.000412802
0.000405837
0.000409557
0.000412163
0.000410509
0.000404163
0.000390236
0.000407746
0.000417714
0.000426072
0.000436533
0.000450685
0.000467113
0.000482507
0.000493937
0.000500208
0.000501134
0.000495778
0.0004825
0.000454418
0.000422395
0.000409336
0.000410917
0.000411356
0.000406684
0.000397965
0.000394189
0.00040872
0.000423338
0.000441987
0.000467468
0.000497669
0.000526408
0.000547196
0.000556145
0.000554783
0.000547166
0.000534205
0.000515363
0.00048756
0.000447147
0.000417899
0.000408668
0.000406729
0.000398776
0.000383848
0.000423031
0.000426908
0.000445969
0.000478376
0.00052216
0.000568776
0.000606955
0.000627977
0.000627929
0.000614529
0.000599163
0.000581103
0.000558433
0.000529796
0.000492508
0.00044811
0.000416708
0.000402105
0.000394484
0.000385626
0.000471286
0.000464642
0.000485117
0.000535102
0.000600734
0.000662442
0.000706525
0.000724477
0.000711568
0.00068461
0.00066598
0.000645566
0.000618753
0.000584752
0.000543101
0.000496335
0.00045007
0.000416304
0.000399682
0.000388615
0.000505899
0.000508249
0.000556347
0.000639509
0.000723202
0.000788767
0.000831569
0.00084788
0.000828413
0.000791057
0.000772638
0.000747551
0.000711894
0.000667302
0.000614985
0.000556467
0.000496659
0.000446549
0.000413848
0.000394483
)
;

boundaryField
{
    floor
    {
        type            alphatWallFunction;
        Prt             0.85;
        value           nonuniform List<scalar> 
400
(
4.64163e-05
4.94705e-05
5.10214e-05
5.19124e-05
5.28472e-05
5.38629e-05
5.45823e-05
5.51163e-05
5.55276e-05
5.58146e-05
5.59269e-05
5.57962e-05
5.48567e-05
5.31335e-05
5.12445e-05
4.9978e-05
4.94013e-05
4.95059e-05
4.98166e-05
4.93411e-05
4.94704e-05
5.43101e-05
5.67291e-05
5.80699e-05
5.93664e-05
6.13891e-05
6.44908e-05
6.719e-05
6.91103e-05
7.04593e-05
7.13367e-05
7.15428e-05
7.01522e-05
6.67247e-05
6.26165e-05
5.94359e-05
5.76289e-05
5.70936e-05
5.62718e-05
5.31177e-05
5.10213e-05
5.67291e-05
5.98221e-05
6.16839e-05
6.33804e-05
6.55386e-05
6.90816e-05
7.33963e-05
7.67034e-05
7.9002e-05
8.04656e-05
8.07816e-05
7.86366e-05
7.3294e-05
6.79868e-05
6.44216e-05
6.30034e-05
6.21216e-05
5.98015e-05
5.4562e-05
5.19123e-05
5.80697e-05
6.16838e-05
6.4057e-05
6.61889e-05
6.88909e-05
7.2683e-05
7.82552e-05
8.28957e-05
8.60582e-05
8.78474e-05
8.78329e-05
8.43261e-05
7.65932e-05
7.13264e-05
6.90197e-05
6.79546e-05
6.60926e-05
6.24896e-05
5.56232e-05
5.28471e-05
5.93662e-05
6.33802e-05
6.61889e-05
6.84978e-05
7.13994e-05
7.6013e-05
8.29264e-05
8.88545e-05
9.27349e-05
9.44653e-05
9.36407e-05
8.87073e-05
7.8954e-05
7.57866e-05
7.45806e-05
7.27259e-05
6.9938e-05
6.55301e-05
5.65099e-05
5.38628e-05
6.13889e-05
6.55385e-05
6.88908e-05
7.13994e-05
7.34147e-05
7.75942e-05
8.59489e-05
9.30993e-05
9.7924e-05
9.959e-05
9.80317e-05
9.27081e-05
8.48033e-05
8.24049e-05
8.02906e-05
7.74132e-05
7.39047e-05
6.79174e-05
5.69787e-05
5.45823e-05
6.44907e-05
6.90815e-05
7.26829e-05
7.6013e-05
7.75943e-05
7.80829e-05
8.47756e-05
9.30614e-05
0.000100415
0.000103125
0.000102444
9.91119e-05
9.4474e-05
9.01213e-05
8.61041e-05
8.17494e-05
7.65924e-05
6.92743e-05
5.70509e-05
5.51162e-05
6.71899e-05
7.33962e-05
7.82551e-05
8.29264e-05
8.5949e-05
8.47758e-05
8.54729e-05
9.32415e-05
0.000103268
0.000106531
0.000108096
0.000107392
0.000103716
9.74432e-05
9.05872e-05
8.42536e-05
7.79257e-05
6.98834e-05
5.67957e-05
5.55276e-05
6.91102e-05
7.67033e-05
8.28956e-05
8.88544e-05
9.30993e-05
9.30615e-05
9.32416e-05
9.78584e-05
0.00011047
0.000115426
0.00011478
0.000114788
0.000110352
0.00010203
9.32397e-05
8.55532e-05
7.85155e-05
7.00506e-05
5.62816e-05
5.58146e-05
7.04592e-05
7.90019e-05
8.60582e-05
9.27349e-05
9.7924e-05
0.000100415
0.000103268
0.00011047
5.3703e-05
5.77561e-05
0.000123692
0.000119723
0.000113096
0.000103799
9.44167e-05
8.61942e-05
7.87503e-05
6.99597e-05
5.55612e-05
5.59269e-05
7.13366e-05
8.04656e-05
8.78474e-05
9.44652e-05
9.95899e-05
0.000103125
0.000106531
0.000115426
5.77561e-05
5.84804e-05
0.000122053
0.000118269
0.00011117
0.000102682
9.40818e-05
8.61786e-05
7.86865e-05
6.96714e-05
5.4715e-05
5.57962e-05
7.15428e-05
8.07816e-05
8.78328e-05
9.36407e-05
9.80316e-05
0.000102444
0.000108096
0.00011478
0.000123692
0.000122053
0.000118833
0.000113726
0.000106973
9.96229e-05
9.22973e-05
8.52218e-05
7.8086e-05
6.91094e-05
5.38044e-05
5.48567e-05
7.01522e-05
7.86366e-05
8.4326e-05
8.87073e-05
9.2708e-05
9.91118e-05
0.000107392
0.000114788
0.000119723
0.000118269
0.000113726
0.000107999
0.000101548
9.50917e-05
8.86275e-05
8.24633e-05
7.61125e-05
6.77313e-05
5.27284e-05
5.31335e-05
6.67246e-05
7.32939e-05
7.65931e-05
7.89538e-05
8.48032e-05
9.44739e-05
0.000103716
0.000110352
0.000113096
0.00011117
0.000106973
0.000101548
9.54242e-05
8.92104e-05
8.34314e-05
7.81682e-05
7.27698e-05
6.54774e-05
5.16536e-05
5.12445e-05
6.26164e-05
6.79866e-05
7.13263e-05
7.57864e-05
8.24048e-05
9.01212e-05
9.74432e-05
0.00010203
0.000103799
0.000102682
9.96229e-05
9.50918e-05
8.92104e-05
8.30037e-05
7.79205e-05
7.3359e-05
6.875e-05
6.26615e-05
5.07915e-05
4.9978e-05
5.94358e-05
6.44214e-05
6.90196e-05
7.45805e-05
8.02905e-05
8.61041e-05
9.05871e-05
9.32396e-05
9.44166e-05
9.40818e-05
9.22973e-05
8.86275e-05
8.34315e-05
7.79205e-05
7.37042e-05
6.98826e-05
6.55516e-05
5.98277e-05
5.02563e-05
4.94013e-05
5.76288e-05
6.30033e-05
6.79545e-05
7.27259e-05
7.74132e-05
8.17494e-05
8.42536e-05
8.55532e-05
8.61942e-05
8.61786e-05
8.52218e-05
8.24634e-05
7.81682e-05
7.3359e-05
6.98826e-05
6.68663e-05
6.33688e-05
5.83771e-05
5.03715e-05
4.95059e-05
5.70936e-05
6.21216e-05
6.60926e-05
6.9938e-05
7.39047e-05
7.65924e-05
7.79257e-05
7.85155e-05
7.87503e-05
7.86865e-05
7.8086e-05
7.61125e-05
7.27699e-05
6.875e-05
6.55516e-05
6.33688e-05
6.10891e-05
5.74815e-05
5.11568e-05
4.98166e-05
5.62718e-05
5.98015e-05
6.24897e-05
6.55302e-05
6.79175e-05
6.92743e-05
6.98834e-05
7.00506e-05
6.99597e-05
6.96714e-05
6.91095e-05
6.77313e-05
6.54774e-05
6.26615e-05
5.98277e-05
5.83772e-05
5.74815e-05
5.57747e-05
5.17344e-05
4.93412e-05
5.31177e-05
5.4562e-05
5.56232e-05
5.651e-05
5.69787e-05
5.70509e-05
5.67957e-05
5.62816e-05
5.55612e-05
5.4715e-05
5.38043e-05
5.27284e-05
5.16536e-05
5.07915e-05
5.02563e-05
5.03715e-05
5.11568e-05
5.17345e-05
5.10494e-05
)
;
    }
    ceiling
    {
        type            alphatWallFunction;
        Prt             0.85;
        value           nonuniform List<scalar> 
400
(
0.000100058
0.000117698
0.000133671
0.000146614
0.00015705
0.000165177
0.000171048
0.000174593
0.000175557
0.000174444
0.000171607
0.00016671
0.000160163
0.000152119
0.000142584
0.000131438
0.000118432
0.000103303
8.63481e-05
7.03024e-05
0.000117698
0.000135876
0.000152847
0.000167132
0.000179004
0.00018845
0.000195434
0.000199892
0.000201853
0.000201258
0.00019708
0.00019077
0.000182621
0.000172776
0.000161225
0.000147835
0.000132241
0.00011372
9.16578e-05
7.06516e-05
0.000133671
0.000152847
0.000170168
0.000185029
0.000197597
0.000207704
0.000215344
0.000220474
0.000223373
0.000223481
0.000218162
0.000210771
0.000201503
0.0001905
0.000177706
0.000163057
0.000146303
0.00012672
0.00010316
7.73064e-05
0.000146614
0.000167132
0.000185029
0.000200384
0.00021342
0.000224016
0.00023246
0.000238544
0.000242528
0.000243596
0.000237186
0.000228479
0.000217965
0.000205946
0.000192155
0.00017656
0.000159078
0.000139248
0.000115942
8.87089e-05
0.00015705
0.000179004
0.000197597
0.00021342
0.000226994
0.000238424
0.000247593
0.000255054
0.000260856
0.000263524
0.000255552
0.000244923
0.00023307
0.000219774
0.000204891
0.000188377
0.000170195
0.000150188
0.000127443
0.000100831
0.000165177
0.00018845
0.000207704
0.000224016
0.000238424
0.000250607
0.000261348
0.00027115
0.000279684
0.000284692
0.00027475
0.000260964
0.000246671
0.000231941
0.000215838
0.000198218
0.000179211
0.000158836
0.000136408
0.000110568
0.000171048
0.000195434
0.000215344
0.00023246
0.000247593
0.000261348
0.00027464
0.000287914
0.000300274
0.000308339
0.000296249
0.000277681
0.000259502
0.000242221
0.000224669
0.000205693
0.000185647
0.000164678
0.000142277
0.000117097
0.000174593
0.000199892
0.000220474
0.000238544
0.000255055
0.00027115
0.000287914
0.000305668
0.000322791
0.00033425
0.000320968
0.000295794
0.000272005
0.00025088
0.00023089
0.000210382
0.000188958
0.000167144
0.000144461
0.000119687
0.000175557
0.000201853
0.000223373
0.000242529
0.000260856
0.000279684
0.000300274
0.000322791
0.000344548
0.000357087
0.000346982
0.000314441
0.000283613
0.000257598
0.000234267
0.000211464
0.000188549
0.000165708
0.000142186
0.000116958
0.000174445
0.000201258
0.000223482
0.000243596
0.000263524
0.000284693
0.000308339
0.00033425
0.000357087
0.000353706
0.000364039
0.000327616
0.000290784
0.0002603
0.000233626
0.000208399
0.000184097
0.000160388
0.000136277
0.000111741
0.000171607
0.00019708
0.000218163
0.000237187
0.000255552
0.00027475
0.000296249
0.000320968
0.000346982
0.000364039
0.000345299
0.000307609
0.000275217
0.000248339
0.000223862
0.000200289
0.000177541
0.000155305
0.000132701
0.000109066
0.000166711
0.00019077
0.000210771
0.000228479
0.000244923
0.000260964
0.000277681
0.000295794
0.000314441
0.000327616
0.000307609
0.000280556
0.000256333
0.000234141
0.000212348
0.000190775
0.000169658
0.000148824
0.000127645
0.000105514
0.000160163
0.000182621
0.000201503
0.000217966
0.00023307
0.000246672
0.000259502
0.000272005
0.000283613
0.000290784
0.000275217
0.000256333
0.000237572
0.000218575
0.00019909
0.000179496
0.000159999
0.000140558
0.000120813
0.000100479
0.00015212
0.000172776
0.0001905
0.000205946
0.000219774
0.000231941
0.000242221
0.00025088
0.000257598
0.0002603
0.000248339
0.000234141
0.000218575
0.000201909
0.000184561
0.000166843
0.000148918
0.000130864
0.00011254
9.41233e-05
0.000142584
0.000161225
0.000177706
0.000192155
0.000204892
0.000215838
0.000224669
0.00023089
0.000234267
0.000233626
0.000223862
0.000212348
0.00019909
0.000184561
0.00016916
0.000153148
0.000136705
0.000119983
0.000103035
8.65894e-05
0.000131438
0.000147835
0.000163057
0.00017656
0.000188377
0.000198218
0.000205693
0.000210382
0.000211464
0.000208399
0.000200289
0.000190775
0.000179496
0.000166843
0.000153148
0.000138659
0.000123566
0.000108088
9.2482e-05
7.81069e-05
0.000118432
0.000132241
0.000146303
0.000159078
0.000170196
0.000179211
0.000185647
0.000188958
0.000188549
0.000184097
0.000177541
0.000169658
0.000159999
0.000148918
0.000136705
0.000123566
0.00010973
9.55436e-05
8.15076e-05
6.944e-05
0.000103303
0.00011372
0.00012672
0.000139248
0.000150188
0.000158836
0.000164678
0.000167144
0.000165708
0.000160389
0.000155305
0.000148824
0.000140558
0.000130864
0.000119983
0.000108088
9.55436e-05
8.30696e-05
7.14949e-05
6.22131e-05
8.63479e-05
9.16576e-05
0.00010316
0.000115942
0.000127443
0.000136408
0.000142277
0.000144461
0.000142186
0.000136277
0.000132701
0.000127645
0.000120813
0.00011254
0.000103035
9.24819e-05
8.15076e-05
7.14949e-05
6.35218e-05
5.74407e-05
7.03021e-05
7.06513e-05
7.73061e-05
8.87086e-05
0.000100831
0.000110567
0.000117096
0.000119687
0.000116958
0.000111741
0.000109066
0.000105514
0.000100479
9.41232e-05
8.65894e-05
7.81069e-05
6.94399e-05
6.22131e-05
5.74407e-05
5.44925e-05
)
;
    }
    fixedWalls
    {
        type            alphatWallFunction;
        Prt             0.85;
        value           nonuniform List<scalar> 
800
(
4.63926e-05
4.71349e-05
4.77325e-05
4.89935e-05
5.19406e-05
6.56851e-05
7.63664e-05
8.33415e-05
9.10579e-05
9.99929e-05
4.9446e-05
5.1594e-05
5.17255e-05
5.16569e-05
5.39637e-05
6.87548e-05
8.22065e-05
9.31559e-05
0.000104811
0.000117621
5.09967e-05
5.3975e-05
5.42143e-05
5.34735e-05
5.62359e-05
7.36218e-05
9.05662e-05
0.000105437
0.000119234
0.000133583
5.18878e-05
5.52051e-05
5.56923e-05
5.46284e-05
5.95336e-05
8.00496e-05
9.9847e-05
0.000116922
0.000132035
0.000146517
5.28225e-05
5.59939e-05
5.66734e-05
5.5602e-05
6.47303e-05
8.75903e-05
0.000109114
0.000127117
0.000143285
0.000156945
5.38374e-05
5.65475e-05
5.76808e-05
5.80294e-05
7.12625e-05
9.53519e-05
0.000117374
0.000135502
0.000152609
0.000165065
5.4556e-05
5.73511e-05
5.8976e-05
6.21316e-05
7.7868e-05
0.000101883
0.000123367
0.000141335
0.000159238
0.000170931
5.50889e-05
5.87443e-05
6.07127e-05
6.65417e-05
8.3079e-05
0.000105719
0.000126051
0.00014398
0.000162306
0.000174472
5.54993e-05
6.03349e-05
6.32719e-05
7.0232e-05
8.59477e-05
0.000106192
0.000124942
0.000142567
0.000161452
0.000175435
5.57853e-05
6.1913e-05
6.58644e-05
7.31112e-05
8.74111e-05
0.00010548
0.000123076
0.000140195
0.000158968
0.000174321
5.58968e-05
6.31057e-05
6.78034e-05
7.52197e-05
8.83682e-05
0.00010502
0.000121974
0.0001388
0.000157058
0.000171485
5.57654e-05
6.35507e-05
6.85644e-05
7.58426e-05
8.79164e-05
0.000103304
0.000119416
0.000135589
0.000153007
0.000166593
5.4826e-05
6.25155e-05
6.73663e-05
7.41601e-05
8.52054e-05
9.96769e-05
0.000115073
0.000130489
0.000146877
0.000160051
5.31039e-05
6.01449e-05
6.40917e-05
6.96833e-05
7.97179e-05
9.40108e-05
0.0001091
0.000123827
0.000138994
0.000152014
5.12164e-05
5.74824e-05
5.9787e-05
6.25342e-05
7.16011e-05
8.62807e-05
0.00010162
0.000115703
0.000129617
0.000142486
4.99513e-05
5.57046e-05
5.6507e-05
5.66426e-05
6.19259e-05
7.687e-05
9.25787e-05
0.000106187
0.000118901
0.000131349
4.93757e-05
5.43829e-05
5.51327e-05
5.4594e-05
5.49661e-05
6.58679e-05
8.1537e-05
9.51947e-05
0.000106802
0.000118352
4.94809e-05
5.34813e-05
5.43837e-05
5.41197e-05
5.41202e-05
5.63495e-05
6.89107e-05
8.25776e-05
9.32942e-05
0.000103234
4.97916e-05
5.26814e-05
5.35913e-05
5.36467e-05
5.39951e-05
5.44812e-05
5.75363e-05
6.84072e-05
7.85209e-05
8.629e-05
4.93159e-05
5.01462e-05
5.11124e-05
5.20656e-05
5.31141e-05
5.39498e-05
5.44931e-05
5.78743e-05
6.51814e-05
7.02537e-05
4.93159e-05
5.01462e-05
5.11124e-05
5.20656e-05
5.3114e-05
5.39497e-05
5.44931e-05
5.78741e-05
6.51812e-05
7.02535e-05
5.30918e-05
5.45734e-05
5.56048e-05
5.62634e-05
5.6659e-05
5.67979e-05
5.68453e-05
5.90677e-05
6.44971e-05
7.06025e-05
5.45363e-05
5.72271e-05
5.82379e-05
5.83377e-05
5.81341e-05
5.83178e-05
5.89727e-05
6.20818e-05
6.75929e-05
7.72536e-05
5.55969e-05
5.95977e-05
6.13693e-05
6.03585e-05
5.92988e-05
5.94835e-05
6.1591e-05
6.67892e-05
7.45819e-05
8.86492e-05
5.64823e-05
6.13892e-05
6.49141e-05
6.27998e-05
6.04392e-05
6.08735e-05
6.52291e-05
7.29684e-05
8.37228e-05
0.000100764
5.69498e-05
6.26418e-05
6.75385e-05
6.53868e-05
6.1525e-05
6.28254e-05
6.95951e-05
7.96114e-05
9.26129e-05
0.000110494
5.7021e-05
6.32262e-05
6.83044e-05
6.74482e-05
6.25378e-05
6.52314e-05
7.38299e-05
8.52184e-05
9.92024e-05
0.000117018
5.67648e-05
6.31791e-05
6.76954e-05
6.83151e-05
6.36657e-05
6.7584e-05
7.70157e-05
8.85066e-05
0.000102123
0.000119607
5.62501e-05
6.27412e-05
6.64815e-05
6.74202e-05
6.47673e-05
6.94072e-05
7.85508e-05
8.88248e-05
0.000100603
0.00011688
5.55292e-05
6.20238e-05
6.49532e-05
6.57787e-05
6.57174e-05
7.04715e-05
7.85635e-05
8.71472e-05
9.69638e-05
0.000111666
5.46828e-05
6.11401e-05
6.35155e-05
6.4595e-05
6.62476e-05
7.06951e-05
7.75484e-05
8.49813e-05
9.42607e-05
0.000108993
5.3772e-05
6.01087e-05
6.22415e-05
6.36063e-05
6.59287e-05
6.99101e-05
7.56377e-05
8.23242e-05
9.12902e-05
0.000105444
5.26962e-05
5.88036e-05
6.06339e-05
6.17825e-05
6.40342e-05
6.78634e-05
7.27674e-05
7.89415e-05
8.74003e-05
0.000100412
5.16223e-05
5.70779e-05
5.87303e-05
5.91531e-05
6.04842e-05
6.35073e-05
6.84913e-05
7.46236e-05
8.2425e-05
9.40606e-05
5.07612e-05
5.61991e-05
5.72156e-05
5.67427e-05
5.69594e-05
5.84483e-05
6.2195e-05
6.89475e-05
7.62963e-05
8.65318e-05
5.0227e-05
5.65006e-05
5.74856e-05
5.59918e-05
5.58638e-05
5.64472e-05
5.77476e-05
6.22646e-05
6.94003e-05
7.80548e-05
5.03427e-05
5.65814e-05
5.77031e-05
5.69138e-05
5.66427e-05
5.68687e-05
5.65146e-05
5.76601e-05
6.25942e-05
6.93932e-05
5.11273e-05
5.60076e-05
5.73598e-05
5.71012e-05
5.70913e-05
5.70301e-05
5.63523e-05
5.56273e-05
5.77041e-05
6.21706e-05
5.17035e-05
5.50671e-05
5.64319e-05
5.66846e-05
5.6769e-05
5.62246e-05
5.51175e-05
5.45109e-05
5.52865e-05
5.74008e-05
5.10169e-05
5.27929e-05
5.42646e-05
5.53253e-05
5.56567e-05
5.45985e-05
5.27134e-05
5.30963e-05
5.35516e-05
5.44541e-05
4.63926e-05
4.71349e-05
4.77325e-05
4.89935e-05
5.19406e-05
6.56851e-05
7.63664e-05
8.33415e-05
9.10579e-05
9.99929e-05
4.94459e-05
5.1594e-05
5.17255e-05
5.16569e-05
5.39637e-05
6.87548e-05
8.22065e-05
9.31559e-05
0.000104811
0.000117621
5.09966e-05
5.39749e-05
5.42142e-05
5.34735e-05
5.62359e-05
7.36218e-05
9.05662e-05
0.000105437
0.000119234
0.000133583
5.18877e-05
5.52049e-05
5.56922e-05
5.46284e-05
5.95336e-05
8.00496e-05
9.9847e-05
0.000116922
0.000132035
0.000146517
5.28224e-05
5.59937e-05
5.66733e-05
5.56019e-05
6.47303e-05
8.75902e-05
0.000109114
0.000127117
0.000143285
0.000156945
5.38373e-05
5.65473e-05
5.76806e-05
5.80293e-05
7.12625e-05
9.53519e-05
0.000117374
0.000135502
0.000152609
0.000165065
5.45559e-05
5.73509e-05
5.89758e-05
6.21316e-05
7.7868e-05
0.000101883
0.000123367
0.000141335
0.000159238
0.000170931
5.50889e-05
5.87442e-05
6.07126e-05
6.65418e-05
8.3079e-05
0.000105719
0.000126051
0.00014398
0.000162306
0.000174472
5.54992e-05
6.03349e-05
6.32719e-05
7.0232e-05
8.59477e-05
0.000106192
0.000124942
0.000142567
0.000161452
0.000175435
5.57853e-05
6.1913e-05
6.58644e-05
7.31113e-05
8.74111e-05
0.00010548
0.000123076
0.000140195
0.000158968
0.000174322
5.58968e-05
6.31056e-05
6.78034e-05
7.52198e-05
8.83683e-05
0.00010502
0.000121974
0.0001388
0.000157058
0.000171486
5.57654e-05
6.35507e-05
6.85645e-05
7.58426e-05
8.79165e-05
0.000103304
0.000119416
0.000135589
0.000153007
0.000166593
5.4826e-05
6.25156e-05
6.73663e-05
7.41601e-05
8.52055e-05
9.9677e-05
0.000115073
0.000130489
0.000146877
0.000160051
5.31039e-05
6.01449e-05
6.40917e-05
6.96834e-05
7.9718e-05
9.40109e-05
0.0001091
0.000123827
0.000138994
0.000152014
5.12163e-05
5.74823e-05
5.9787e-05
6.25343e-05
7.16012e-05
8.62807e-05
0.00010162
0.000115703
0.000129617
0.000142486
4.99512e-05
5.57045e-05
5.65069e-05
5.66426e-05
6.19259e-05
7.687e-05
9.25786e-05
0.000106187
0.000118901
0.000131349
4.93756e-05
5.43828e-05
5.51326e-05
5.4594e-05
5.49661e-05
6.58678e-05
8.15369e-05
9.51946e-05
0.000106802
0.000118352
4.94809e-05
5.34812e-05
5.43836e-05
5.41196e-05
5.41202e-05
5.63495e-05
6.89105e-05
8.25774e-05
9.3294e-05
0.000103234
4.97916e-05
5.26813e-05
5.35912e-05
5.36466e-05
5.39951e-05
5.44812e-05
5.75362e-05
6.84069e-05
7.85206e-05
8.62898e-05
4.93159e-05
5.01462e-05
5.11124e-05
5.20656e-05
5.3114e-05
5.39497e-05
5.44931e-05
5.78741e-05
6.51812e-05
7.02535e-05
4.93159e-05
5.01462e-05
5.11124e-05
5.20656e-05
5.31141e-05
5.39498e-05
5.44931e-05
5.78743e-05
6.51814e-05
7.02537e-05
5.30918e-05
5.45734e-05
5.56048e-05
5.62634e-05
5.6659e-05
5.6798e-05
5.68453e-05
5.90678e-05
6.44973e-05
7.06028e-05
5.45363e-05
5.72271e-05
5.82379e-05
5.83377e-05
5.81341e-05
5.83178e-05
5.89728e-05
6.2082e-05
6.75932e-05
7.72539e-05
5.55968e-05
5.95977e-05
6.13693e-05
6.03585e-05
5.92988e-05
5.94835e-05
6.1591e-05
6.67894e-05
7.45821e-05
8.86495e-05
5.64823e-05
6.13892e-05
6.49141e-05
6.27997e-05
6.04392e-05
6.08735e-05
6.52292e-05
7.29687e-05
8.37231e-05
0.000100764
5.69498e-05
6.26418e-05
6.75385e-05
6.53867e-05
6.1525e-05
6.28255e-05
6.95952e-05
7.96116e-05
9.26132e-05
0.000110494
5.7021e-05
6.32262e-05
6.83044e-05
6.74482e-05
6.25378e-05
6.52315e-05
7.383e-05
8.52186e-05
9.92026e-05
0.000117018
5.67648e-05
6.31791e-05
6.76955e-05
6.83151e-05
6.36656e-05
6.75841e-05
7.70159e-05
8.85068e-05
0.000102124
0.000119607
5.62501e-05
6.27412e-05
6.64816e-05
6.74202e-05
6.47673e-05
6.94073e-05
7.85509e-05
8.8825e-05
0.000100603
0.00011688
5.55293e-05
6.20238e-05
6.49533e-05
6.57788e-05
6.57174e-05
7.04716e-05
7.85636e-05
8.71473e-05
9.6964e-05
0.000111666
5.46828e-05
6.11402e-05
6.35155e-05
6.4595e-05
6.62477e-05
7.06952e-05
7.75485e-05
8.49815e-05
9.42608e-05
0.000108993
5.3772e-05
6.01088e-05
6.22415e-05
6.36064e-05
6.59288e-05
6.99102e-05
7.56378e-05
8.23243e-05
9.12903e-05
0.000105444
5.26962e-05
5.88036e-05
6.06339e-05
6.17826e-05
6.40343e-05
6.78635e-05
7.27674e-05
7.89416e-05
8.74004e-05
0.000100412
5.16223e-05
5.70779e-05
5.87303e-05
5.91532e-05
6.04843e-05
6.35074e-05
6.84914e-05
7.46237e-05
8.24251e-05
9.40607e-05
5.07612e-05
5.6199e-05
5.72156e-05
5.67427e-05
5.69595e-05
5.84483e-05
6.21951e-05
6.89476e-05
7.62964e-05
8.65318e-05
5.0227e-05
5.65005e-05
5.74855e-05
5.59917e-05
5.58637e-05
5.64472e-05
5.77476e-05
6.22647e-05
6.94004e-05
7.80549e-05
5.03426e-05
5.65814e-05
5.7703e-05
5.69137e-05
5.66427e-05
5.68686e-05
5.65146e-05
5.76601e-05
6.25943e-05
6.93932e-05
5.11272e-05
5.60076e-05
5.73598e-05
5.71011e-05
5.70913e-05
5.70301e-05
5.63523e-05
5.56273e-05
5.77042e-05
6.21706e-05
5.17034e-05
5.50671e-05
5.64319e-05
5.66846e-05
5.67689e-05
5.62246e-05
5.51175e-05
5.45109e-05
5.52866e-05
5.74008e-05
5.10169e-05
5.27929e-05
5.42646e-05
5.53253e-05
5.56567e-05
5.45985e-05
5.27134e-05
5.30963e-05
5.35516e-05
5.44541e-05
)
;
    }
}


// ************************************************************************* //
