/*--------------------------------*- C++ -*----------------------------------*\
| =========                 |                                                 |
| \\      /  F ield         | OpenFOAM: The Open Source CFD Toolbox           |
|  \\    /   O peration     | Version:  1.7.1                                 |
|   \\  /    A nd           | Web:      www.OpenFOAM.com                      |
|    \\/     M anipulation  |                                                 |
\*---------------------------------------------------------------------------*/
FoamFile
{
    version     2.0;
    format      ascii;
    class       volScalarField;
    location    "400";
    object      k;
}
// * * * * * * * * * * * * * * * * * * * * * * * * * * * * * * * * * * * * * //

dimensions      [0 2 -2 0 0 0 0];

internalField   nonuniform List<scalar> 
4000
(
2.94653e-05
3.27424e-05
3.44816e-05
3.55039e-05
3.65945e-05
3.78007e-05
3.86685e-05
3.93198e-05
3.98257e-05
4.01808e-05
4.03203e-05
4.0158e-05
3.90025e-05
3.69324e-05
3.47361e-05
3.3306e-05
3.2666e-05
3.27816e-05
3.31262e-05
3.25997e-05
3.0248e-05
3.51706e-05
3.79718e-05
3.94668e-05
4.0443e-05
4.11366e-05
4.21554e-05
4.39547e-05
4.60609e-05
4.82056e-05
4.98635e-05
5.04913e-05
4.90429e-05
4.58126e-05
4.23307e-05
4.00909e-05
3.84695e-05
3.73846e-05
3.64369e-05
3.35278e-05
3.08879e-05
3.53275e-05
3.82661e-05
4.00744e-05
4.13011e-05
4.25829e-05
4.42641e-05
4.6576e-05
5.01032e-05
5.38247e-05
5.67074e-05
5.78633e-05
5.60544e-05
5.12714e-05
4.53453e-05
4.11019e-05
3.9392e-05
3.84763e-05
3.75211e-05
3.46257e-05
3.22592e-05
3.52549e-05
3.73849e-05
3.87761e-05
3.99716e-05
4.30418e-05
4.85227e-05
5.48306e-05
6.04448e-05
6.50406e-05
6.85274e-05
6.95785e-05
6.67672e-05
5.95992e-05
4.90908e-05
4.12817e-05
3.87422e-05
3.8165e-05
3.75945e-05
3.57293e-05
3.55917e-05
3.79815e-05
4.07706e-05
4.50184e-05
5.21982e-05
6.20801e-05
7.3063e-05
8.24423e-05
8.78789e-05
9.07278e-05
9.26196e-05
9.17261e-05
8.64588e-05
7.63275e-05
6.26277e-05
4.82581e-05
3.92049e-05
3.81739e-05
3.80204e-05
3.69664e-05
5.35977e-05
5.81874e-05
6.59029e-05
7.69284e-05
9.10967e-05
0.000107098
0.000121697
0.000130763
0.000131905
0.000130188
0.000129085
0.000125016
0.000116652
0.000104234
8.85437e-05
7.13584e-05
5.38669e-05
4.09266e-05
3.86172e-05
3.79725e-05
7.05027e-05
8.08536e-05
9.70712e-05
0.000117047
0.000139106
0.000160581
0.000177252
0.000185015
0.000181784
0.000176421
0.000173296
0.000166161
0.00015443
0.000139074
0.000121108
0.000101229
7.96294e-05
5.84361e-05
4.24382e-05
3.86394e-05
8.29646e-05
0.000102443
0.000130107
0.000159375
0.000188166
0.000213868
0.000232836
0.000241736
0.000236961
0.000229062
0.000224489
0.00021415
0.000198288
0.00017859
0.000156117
0.000131924
0.000106784
8.1548e-05
5.76726e-05
4.28793e-05
9.8092e-05
0.000128618
0.000165682
0.000203032
0.000239398
0.000272091
0.000296765
0.000308587
0.000305275
0.000295743
0.000288528
0.000273549
0.000251726
0.000225144
0.000195661
0.000164774
0.000133429
0.000102745
7.42425e-05
5.28832e-05
0.000117403
0.000161287
0.000207854
0.000250483
0.000288117
0.000319468
0.000343247
0.000358066
0.000362159
0.000357439
0.00034556
0.000325588
0.000299911
0.00026997
0.000236734
0.000200946
0.000163282
0.000124893
8.8589e-05
6.05289e-05
3.27424e-05
3.83389e-05
4.13242e-05
4.30334e-05
4.47235e-05
4.74338e-05
5.17654e-05
5.57093e-05
5.86149e-05
6.07058e-05
6.20879e-05
6.24152e-05
6.02263e-05
5.50179e-05
4.91225e-05
4.48152e-05
4.2467e-05
4.17851e-05
4.07503e-05
3.69137e-05
3.51706e-05
4.79233e-05
5.47821e-05
5.99276e-05
6.60387e-05
7.40728e-05
8.15742e-05
8.69618e-05
9.06734e-05
9.34698e-05
9.53572e-05
9.56383e-05
9.35157e-05
8.8809e-05
7.99381e-05
6.93389e-05
6.03546e-05
5.45123e-05
4.99392e-05
3.86963e-05
3.53275e-05
4.9133e-05
5.9071e-05
6.71057e-05
7.47986e-05
8.29068e-05
8.93058e-05
9.26501e-05
9.44598e-05
9.61291e-05
9.76447e-05
9.81396e-05
9.63683e-05
9.22055e-05
8.65736e-05
7.80689e-05
6.77555e-05
5.90845e-05
5.19262e-05
3.99674e-05
3.52549e-05
4.6619e-05
5.64832e-05
6.52791e-05
7.33684e-05
8.02866e-05
8.46787e-05
8.75008e-05
9.03694e-05
9.40672e-05
9.79296e-05
9.97792e-05
9.71181e-05
8.95925e-05
8.11937e-05
7.58764e-05
6.9042e-05
6.04133e-05
5.20392e-05
4.07942e-05
3.79815e-05
5.11383e-05
5.82025e-05
6.39279e-05
6.93795e-05
7.53148e-05
8.21706e-05
8.95949e-05
9.68542e-05
0.000103938
0.000110116
0.000112304
0.00010705
9.51883e-05
8.21098e-05
7.27775e-05
6.76314e-05
6.0702e-05
5.23693e-05
4.12994e-05
5.81874e-05
7.46736e-05
8.1824e-05
8.90055e-05
9.8581e-05
0.000110517
0.000122737
0.000132437
0.000138046
0.000141769
0.000144766
0.000142838
0.000132657
0.000117102
0.000100265
8.49278e-05
7.23385e-05
6.29287e-05
5.39995e-05
4.14845e-05
8.08537e-05
9.31411e-05
0.000108514
0.000129317
0.000155179
0.000182384
0.000204511
0.00021562
0.000214413
0.000209055
0.000205171
0.000196487
0.000180367
0.000159035
0.00013556
0.00011244
9.14216e-05
7.36711e-05
5.83047e-05
4.15558e-05
0.000102443
0.000117164
0.000145929
0.000185093
0.000232752
0.000280204
0.000315648
0.000328188
0.000320209
0.000305898
0.000296264
0.000280778
0.000256221
0.000223659
0.00018779
0.00015247
0.000120614
9.20404e-05
6.65233e-05
4.44323e-05
0.000128618
0.000161799
0.000211521
0.000272774
0.000343517
0.00041008
0.000457046
0.000473982
0.000465429
0.00044566
0.000429368
0.000403956
0.00036562
0.000316731
0.000262782
0.000210214
0.000163403
0.00012079
8.11864e-05
5.18966e-05
0.000161287
0.000214802
0.000272606
0.000327283
0.000376995
0.000419365
0.000452315
0.000474072
0.000483824
0.000480856
0.00046028
0.000430157
0.000392921
0.000350428
0.000303997
0.000254734
0.000203415
0.000150708
9.92097e-05
6.10762e-05
3.44816e-05
4.13243e-05
4.53264e-05
4.78364e-05
5.01902e-05
5.3277e-05
5.85708e-05
6.54013e-05
7.09252e-05
7.49136e-05
7.75173e-05
7.8086e-05
7.42715e-05
6.52344e-05
5.69048e-05
5.16664e-05
4.96617e-05
4.84378e-05
4.52992e-05
3.86439e-05
3.79719e-05
5.47822e-05
6.45635e-05
7.22588e-05
8.05129e-05
9.11875e-05
0.000103331
0.000112593
0.000119102
0.000124048
0.000127639
0.00012863
0.000125843
0.000119001
0.000103538
8.67369e-05
7.49487e-05
6.82326e-05
6.12789e-05
4.19965e-05
3.82661e-05
5.90711e-05
7.37026e-05
8.55147e-05
9.62106e-05
0.000107287
0.000117226
0.000123035
0.000126746
0.000130187
0.000133183
0.000134048
0.000131476
0.000126313
0.000118184
0.00010351
8.71359e-05
7.37469e-05
6.27987e-05
4.33011e-05
3.73849e-05
5.64833e-05
7.22409e-05
8.59507e-05
9.79718e-05
0.000108203
0.000114319
0.000117531
0.000120988
0.000126372
0.000132174
0.000134404
0.000129527
0.000119172
0.00011001
0.000103009
9.04061e-05
7.52657e-05
6.12304e-05
4.34382e-05
4.07706e-05
5.82025e-05
6.95659e-05
7.89123e-05
8.66591e-05
9.30661e-05
9.93052e-05
0.000106479
0.000115898
0.000127999
0.000139738
0.000144478
0.000135557
0.000117639
0.000102023
9.41484e-05
8.81981e-05
7.53235e-05
6.01711e-05
4.31834e-05
6.59029e-05
8.1824e-05
8.73158e-05
9.14537e-05
9.65633e-05
0.000103281
0.000111848
0.000122745
0.000136674
0.000153495
0.000168696
0.000172483
0.000156709
0.000131954
0.000110169
9.5089e-05
8.53624e-05
7.57514e-05
6.15938e-05
4.34317e-05
9.70712e-05
0.000108514
0.000118678
0.000134064
0.00015407
0.000175298
0.000193382
0.00020637
0.000215579
0.000225275
0.000234276
0.000230557
0.000207641
0.000175414
0.000144205
0.000118422
9.8297e-05
8.2216e-05
6.63228e-05
4.42982e-05
0.000130107
0.00014593
0.000174185
0.00022026
0.000278978
0.000334216
0.000370115
0.000380447
0.000371424
0.00036134
0.000359229
0.000347833
0.000318213
0.000272592
0.000220993
0.000173237
0.000133903
0.000101447
7.44728e-05
4.84934e-05
0.000165682
0.000211521
0.000284055
0.000390397
0.000512766
0.000614623
0.000672841
0.000683281
0.00066675
0.000639515
0.000617607
0.000584993
0.00053335
0.000458846
0.000369297
0.000280442
0.000205876
0.000144478
9.45862e-05
5.64445e-05
0.000207854
0.000272606
0.000339623
0.000403729
0.000462801
0.000513578
0.000553922
0.000581966
0.000598155
0.000598767
0.000569236
0.000529574
0.000482075
0.000428894
0.00037137
0.000311116
0.000249408
0.000186779
0.000124558
7.2041e-05
3.5504e-05
4.30335e-05
4.78365e-05
5.1147e-05
5.42277e-05
5.82787e-05
6.42428e-05
7.36044e-05
8.19508e-05
8.7929e-05
9.14162e-05
9.13875e-05
8.46254e-05
7.07371e-05
6.20715e-05
5.84759e-05
5.68563e-05
5.40865e-05
4.89466e-05
3.99438e-05
3.94669e-05
5.99279e-05
7.22589e-05
8.26665e-05
9.34304e-05
0.000106808
0.000123059
0.000136385
0.000145842
0.000153117
0.000158121
0.000159104
0.000154795
0.000144208
0.000123013
0.000104873
9.42021e-05
8.67152e-05
7.46519e-05
4.50752e-05
4.00745e-05
6.71059e-05
8.55149e-05
0.000100961
0.000115131
0.000129793
0.000144005
0.000153777
0.000161267
0.000167805
0.000171872
0.000170995
0.000165002
0.000156434
0.000143773
0.000124966
0.000106403
9.12931e-05
7.67582e-05
4.74639e-05
3.87761e-05
6.52791e-05
8.59507e-05
0.000103533
0.000118773
0.000132274
0.000142299
0.000150458
0.000159551
0.000169791
0.000176894
0.000175379
0.000163588
0.000147496
0.000135099
0.000124753
0.000108387
8.99136e-05
7.19685e-05
4.61055e-05
4.50184e-05
6.39279e-05
7.89123e-05
9.22266e-05
0.000103679
0.000113795
0.000124079
0.000136538
0.000153608
0.00017397
0.000189474
0.000190041
0.000170533
0.000143347
0.000122898
0.000113329
0.000104711
8.72028e-05
6.74483e-05
4.47057e-05
7.69284e-05
8.90056e-05
9.14537e-05
9.36951e-05
9.75363e-05
0.000103717
0.000114537
0.000133483
0.000162464
0.000196557
0.000221893
0.000223071
0.000193847
0.000155384
0.000125148
0.000107208
9.70664e-05
8.52407e-05
6.71551e-05
4.49604e-05
0.000117047
0.000129317
0.000134064
0.000142794
0.000154833
0.000169046
0.000189201
0.000215993
0.000246872
0.000277382
0.0002962
0.000289567
0.000252195
0.000203638
0.000160277
0.000128345
0.000106177
8.94233e-05
7.20801e-05
4.78102e-05
0.000159375
0.000185093
0.00022026
0.000275371
0.000339627
0.000396026
0.000432767
0.000454204
0.000461601
0.000462527
0.000455393
0.000431993
0.000395535
0.000337126
0.000267661
0.000203487
0.000152351
0.000113819
8.38498e-05
5.52392e-05
0.000203032
0.000272774
0.000390397
0.000553621
0.000716128
0.000826246
0.000862146
0.000838191
0.000803683
0.000773758
0.000759899
0.000747811
0.000709133
0.000626057
0.000506671
0.000376261
0.000262521
0.000175652
0.000113467
6.75106e-05
0.000250483
0.000327282
0.000403729
0.00047651
0.000543602
0.00060178
0.000650506
0.000686924
0.00071137
0.000717999
0.000678701
0.000627272
0.000568159
0.000504535
0.000436673
0.00036644
0.000295771
0.000225679
0.000156568
9.32278e-05
3.65946e-05
4.47237e-05
5.01903e-05
5.42278e-05
5.76793e-05
6.21874e-05
6.97514e-05
8.20079e-05
9.34125e-05
0.000101332
0.00010498
0.000103233
9.31193e-05
7.48289e-05
6.93685e-05
6.73505e-05
6.43122e-05
5.9893e-05
5.3265e-05
4.10486e-05
4.04433e-05
6.60391e-05
8.05132e-05
9.34306e-05
0.000106668
0.000122949
0.000144017
0.000162939
0.000175865
0.000185027
0.000189951
0.000189151
0.000181975
0.000167383
0.000145025
0.000129339
0.00011892
0.00010638
8.52139e-05
4.74844e-05
4.13013e-05
7.47989e-05
9.62109e-05
0.000115131
0.000133706
0.000154148
0.000175724
0.000193443
0.000207333
0.00021682
0.000218144
0.000210203
0.000196767
0.000182585
0.000165916
0.000146178
0.000127861
0.00011171
9.26786e-05
5.2438e-05
3.99716e-05
7.33686e-05
9.7972e-05
0.000118773
0.000137963
0.000157451
0.000177864
0.000199971
0.000222038
0.00023845
0.000239672
0.000223204
0.000197448
0.000173395
0.000156398
0.000143077
0.000125197
0.000105481
8.43656e-05
4.9448e-05
5.21982e-05
6.93795e-05
8.66591e-05
0.00010368
0.000119746
0.000137466
0.000160601
0.000192481
0.000230524
0.000262796
0.000270559
0.000247454
0.000207286
0.000169096
0.000143078
0.000130164
0.000118799
9.84983e-05
7.53739e-05
4.62255e-05
9.10967e-05
9.85811e-05
9.65633e-05
9.75364e-05
0.000103755
0.0001168
0.000142873
0.000188073
0.000248304
0.000303379
0.00032107
0.000290418
0.000235464
0.000182108
0.000143
0.000120555
0.00010782
9.31269e-05
7.2095e-05
4.68226e-05
0.000139106
0.000155179
0.00015407
0.000154833
0.000160268
0.000184293
0.000227039
0.000287583
0.000357315
0.000411991
0.000417284
0.00036778
0.000302589
0.000236631
0.000180537
0.00014072
0.000114751
9.59964e-05
7.73357e-05
5.29415e-05
0.000188166
0.000232753
0.000278978
0.000339627
0.000403973
0.000468598
0.000527396
0.000569137
0.000600298
0.000610732
0.000587106
0.000532823
0.000470132
0.000401083
0.000318631
0.000238286
0.000174224
0.000128257
9.46646e-05
6.48524e-05
0.000239397
0.000343517
0.000512766
0.000716128
0.000881602
0.000951875
0.000965951
0.000946281
0.00092441
0.000899827
0.000871842
0.000850972
0.000833569
0.000772764
0.000647936
0.000485497
0.000330151
0.000212777
0.000135629
8.36876e-05
0.000288117
0.000376995
0.000462801
0.000543602
0.000618725
0.000686193
0.000743132
0.000791331
0.00082997
0.000848086
0.000794603
0.000726293
0.000654107
0.000578097
0.000499154
0.000419027
0.000339736
0.000263042
0.000188912
0.000119164
3.78008e-05
4.7434e-05
5.32772e-05
5.82788e-05
6.21874e-05
6.54314e-05
7.24566e-05
8.77187e-05
0.000102094
0.000112491
0.000116212
0.000112729
0.000101276
8.55284e-05
8.10441e-05
7.72032e-05
7.21439e-05
6.62342e-05
5.68004e-05
4.16395e-05
4.11369e-05
7.40734e-05
9.1188e-05
0.000106809
0.000122949
0.000142218
0.000168023
0.000191533
0.000208085
0.000218163
0.000221635
0.000218156
0.000208394
0.000192671
0.000171616
0.000157038
0.000141057
0.000119274
9.14098e-05
4.9212e-05
4.25832e-05
8.29073e-05
0.000107288
0.000129793
0.000154148
0.000183807
0.000217181
0.00024685
0.000269686
0.000280357
0.000272326
0.000251679
0.000228333
0.000207097
0.000186898
0.0001674
0.000149217
0.000130664
0.00010592
5.63024e-05
4.30418e-05
8.02868e-05
0.000108203
0.000132274
0.000157451
0.000189843
0.000233871
0.000283526
0.000327267
0.000347684
0.000325749
0.000279173
0.00023317
0.000198756
0.000175537
0.00015922
0.000140887
0.000120705
9.70009e-05
5.31345e-05
6.20801e-05
7.53148e-05
9.30662e-05
0.000113795
0.000137466
0.000171788
0.000228129
0.000306221
0.000384664
0.000427498
0.000395485
0.000318616
0.000246785
0.000194698
0.000162257
0.000144988
0.000131006
0.000109314
8.33382e-05
4.76994e-05
0.000107098
0.000110517
0.000103281
0.000103717
0.0001168
0.000149733
0.000218848
0.000328506
0.000450907
0.00052602
0.000483969
0.000375387
0.000278806
0.000208669
0.000161526
0.000133972
0.000117432
9.96378e-05
7.6305e-05
4.95091e-05
0.00016058
0.000182384
0.000175298
0.000169046
0.000184293
0.000234628
0.000326354
0.000452531
0.000582585
0.000657357
0.000602145
0.000465592
0.000350787
0.000266752
0.000200815
0.000153498
0.000123004
0.000101832
8.25113e-05
5.94903e-05
0.000213868
0.000280204
0.000334216
0.000396026
0.000468598
0.000558547
0.000643515
0.000721982
0.000791328
0.000818518
0.000745098
0.000628472
0.000535209
0.000450133
0.000361556
0.000270502
0.000195252
0.000142501
0.000105795
7.61645e-05
0.000272091
0.00041008
0.000614623
0.000826246
0.000951875
0.00101384
0.00103148
0.0010318
0.0010445
0.0010428
0.000985733
0.000924
0.000897906
0.000860275
0.000757463
0.000585186
0.000396666
0.00024947
0.000156529
0.000101316
0.000319468
0.000419365
0.000513577
0.00060178
0.000686193
0.000762395
0.000833297
0.00090106
0.000962457
0.000999539
0.00092669
0.000830704
0.000737295
0.000647448
0.00055659
0.000465837
0.000377897
0.000294853
0.000216499
0.000142609
3.86686e-05
5.17657e-05
5.85709e-05
6.42429e-05
6.97514e-05
7.24564e-05
7.33042e-05
8.54764e-05
0.000102015
0.00011808
0.000124334
0.000122746
0.000115137
0.000104999
9.59581e-05
8.80175e-05
7.98423e-05
7.07358e-05
5.8867e-05
4.1731e-05
4.21557e-05
8.15748e-05
0.000103332
0.000123059
0.000144017
0.000168023
0.000190881
0.000212779
0.000238439
0.000251736
0.000254881
0.000249361
0.00023691
0.00021891
0.000197752
0.000176371
0.000151782
0.000124994
9.46891e-05
5.00312e-05
4.42644e-05
8.93063e-05
0.000117227
0.000144005
0.000175725
0.000217181
0.000264723
0.000306342
0.000347585
0.00036841
0.000345875
0.000304471
0.000265916
0.000234813
0.000208167
0.000185959
0.000165599
0.000142257
0.000112223
5.74615e-05
4.85227e-05
8.46789e-05
0.000114319
0.0001423
0.000177864
0.000233871
0.000314825
0.000402864
0.00048557
0.00052474
0.000461373
0.000363348
0.000281756
0.000228705
0.000195882
0.000173752
0.000154582
0.000133798
0.000107637
5.61799e-05
7.30629e-05
8.21706e-05
9.93053e-05
0.000124079
0.000160601
0.000228129
0.000346575
0.000501429
0.000646671
0.000713149
0.000611948
0.000436828
0.000304202
0.0002257
0.000182338
0.000158819
0.000141472
0.000118942
9.05218e-05
4.90979e-05
0.000121697
0.000122737
0.000111848
0.000114537
0.000142873
0.000218848
0.000373121
0.000593493
0.000806514
0.000903412
0.000764216
0.000520592
0.000340113
0.000238612
0.000180655
0.000147071
0.00012584
0.000104824
7.96631e-05
5.29362e-05
0.000177252
0.000204511
0.000193382
0.000189201
0.000227039
0.000326354
0.000501237
0.000734516
0.000959485
0.00105705
0.00089237
0.000614431
0.000410811
0.0002933
0.000218055
0.000165033
0.000130171
0.000106696
8.72713e-05
6.62554e-05
0.000232835
0.000315648
0.000370115
0.000432767
0.000527396
0.000643515
0.000770064
0.000922235
0.00107772
0.00114536
0.000996368
0.000743973
0.000580996
0.000480124
0.000384956
0.000291722
0.000210261
0.00015345
0.000115235
8.6515e-05
0.000296765
0.000457046
0.000672841
0.000862146
0.00096595
0.00103148
0.00107362
0.00113511
0.00122267
0.00126575
0.00115941
0.000997708
0.000923246
0.000884114
0.000804629
0.000648414
0.000443398
0.000275723
0.000171606
0.000115613
0.000343247
0.000452314
0.000553921
0.000650506
0.000743132
0.000833297
0.000925901
0.0010238
0.00111989
0.00118517
0.00108807
0.000947845
0.000820864
0.000709468
0.000605475
0.000503242
0.000406531
0.00031749
0.000235705
0.000159662
3.93198e-05
5.57095e-05
6.54015e-05
7.36045e-05
8.20079e-05
8.77186e-05
8.5476e-05
8.68048e-05
0.000102393
0.00012467
0.000132452
0.000136279
0.00013455
0.000125724
0.000111429
9.69041e-05
8.44889e-05
7.30309e-05
5.98082e-05
4.14082e-05
4.39549e-05
8.69623e-05
0.000112593
0.000136385
0.00016294
0.000191533
0.000212779
0.000231546
0.000278402
0.000330332
0.000321829
0.000292707
0.000272642
0.000245459
0.000215099
0.000184203
0.000154823
0.0001265
9.56787e-05
4.99671e-05
4.65762e-05
9.26505e-05
0.000123035
0.000153778
0.000193444
0.00024685
0.000306342
0.000370028
0.00046247
0.000570873
0.00051674
0.000398116
0.000321294
0.000268518
0.000229887
0.000198434
0.000171937
0.000144524
0.000112084
5.65438e-05
5.48306e-05
8.7501e-05
0.000117531
0.000150459
0.000199972
0.000283527
0.000402864
0.000544009
0.000709348
0.000874342
0.000766267
0.000533996
0.000364881
0.000270658
0.000219632
0.000187958
0.000164861
0.000142121
0.000113271
5.74908e-05
8.24422e-05
8.95949e-05
0.000106479
0.000136538
0.000192481
0.000306222
0.000501429
0.000743835
0.00099891
0.00120723
0.00103707
0.000684236
0.000412441
0.000272539
0.000206655
0.000172975
0.000150748
0.00012695
9.64973e-05
5.06819e-05
0.000130763
0.000132437
0.000122745
0.000133484
0.000188073
0.000328507
0.000593494
0.000937739
0.00127338
0.00149863
0.00128199
0.000823096
0.000459973
0.000283801
0.000203185
0.00016066
0.000133754
0.000109283
8.25076e-05
5.64122e-05
0.000185015
0.00021562
0.00020637
0.000215994
0.000287583
0.000452532
0.000734516
0.00111132
0.00145015
0.00165355
0.00142178
0.000916147
0.000517322
0.000328192
0.00023363
0.000175027
0.000136373
0.000110608
9.10065e-05
7.16162e-05
0.000241736
0.000328188
0.000380447
0.000454204
0.000569137
0.000721982
0.000922235
0.00119879
0.00147788
0.00164148
0.0014447
0.000964963
0.00063047
0.000485872
0.000387137
0.000294621
0.000215078
0.000158298
0.000120542
9.29315e-05
0.000308587
0.000473981
0.00068328
0.00083819
0.000946281
0.0010318
0.00113511
0.00130283
0.00150778
0.00162452
0.00147387
0.00112942
0.000940173
0.000865027
0.000786933
0.000649076
0.000451599
0.000280621
0.000175159
0.000122291
0.000358065
0.000474072
0.000581966
0.000686924
0.00079133
0.00090106
0.0010238
0.00116333
0.00130729
0.00140886
0.00129152
0.00108451
0.000907112
0.000764159
0.000641288
0.000527528
0.000421715
0.000327331
0.000243084
0.000166729
3.98257e-05
5.8615e-05
7.09254e-05
8.19509e-05
9.34126e-05
0.000102094
0.000102015
0.000102393
0.000112346
0.000142202
0.000155021
0.000153313
0.000153336
0.000141904
0.000121786
0.000102389
8.69586e-05
7.40593e-05
6.0068e-05
4.07625e-05
4.6061e-05
9.06738e-05
0.000119102
0.000145842
0.000175865
0.000208085
0.000238439
0.000278402
0.000350977
0.00053662
0.000512929
0.000380507
0.000315604
0.000268504
0.000224858
0.000186767
0.000154595
0.000125982
9.53435e-05
4.93566e-05
5.01033e-05
9.44601e-05
0.000126746
0.000161267
0.000207334
0.000269686
0.000347586
0.00046247
0.00063833
0.00104219
0.00092763
0.000600634
0.000402087
0.000304433
0.000246305
0.000205478
0.000171795
0.000141726
0.000108594
5.47363e-05
6.04447e-05
9.03695e-05
0.000120988
0.000159551
0.000222039
0.000327268
0.000485571
0.000709349
0.00100371
0.00152507
0.00131719
0.000869545
0.000498734
0.000322709
0.000243281
0.000200524
0.000170409
0.000143829
0.000111989
5.61433e-05
8.78787e-05
9.68542e-05
0.000115898
0.000153608
0.000230524
0.000384665
0.000646671
0.000998911
0.00139324
0.00186998
0.00165174
0.00113349
0.00059433
0.000336428
0.000234644
0.000187695
0.000158797
0.000132302
9.98967e-05
5.22565e-05
0.000131905
0.000138046
0.000136674
0.000162465
0.000248305
0.000450908
0.000806515
0.00127338
0.00169707
0.00205489
0.00188711
0.00131471
0.000657367
0.000348426
0.000230633
0.000175866
0.000142224
0.000113844
8.52494e-05
5.91918e-05
0.000181784
0.000214412
0.00021558
0.000246872
0.000357315
0.000582585
0.000959485
0.00145015
0.00183174
0.00209341
0.00199535
0.00136034
0.000679456
0.000375887
0.00025183
0.000185492
0.000142895
0.000114173
9.34193e-05
7.42831e-05
0.000236961
0.000320208
0.000371424
0.000461601
0.000600298
0.000791328
0.00107772
0.00147788
0.00184802
0.00205074
0.00199082
0.00130383
0.000705673
0.000478789
0.000370074
0.0002825
0.000209806
0.000156883
0.000120615
9.3566e-05
0.000305274
0.000465428
0.000666749
0.000803682
0.00092441
0.0010445
0.00122267
0.00150778
0.00184044
0.00200555
0.00191092
0.0013388
0.00097551
0.00083069
0.000729239
0.00058745
0.000416813
0.000264348
0.000165341
0.000118788
0.000362159
0.000483824
0.000598155
0.000711369
0.000829969
0.000962457
0.00111989
0.00130729
0.00150372
0.00162388
0.00152665
0.00123592
0.000991479
0.000808145
0.000661207
0.000533222
0.000419824
0.000321582
0.000235401
0.00015929
4.01808e-05
6.07059e-05
7.49137e-05
8.79291e-05
0.000101332
0.000112491
0.00011808
0.00012467
0.000142202
0.000150438
0.00017052
0.000177789
0.000166638
0.000148917
0.000125919
0.000104877
8.81915e-05
7.44709e-05
5.99267e-05
3.98672e-05
4.82056e-05
9.347e-05
0.000124048
0.000153117
0.000185027
0.000218164
0.000251737
0.000330332
0.000536619
0.000446923
0.000493484
0.000546024
0.000337031
0.000271354
0.000223681
0.000185025
0.000153293
0.000124989
9.44307e-05
4.83641e-05
5.38248e-05
9.61294e-05
0.000130187
0.000167806
0.000216821
0.000280358
0.000368411
0.000570873
0.00104219
0.00067461
0.000818589
0.000982352
0.000476845
0.000316144
0.000247761
0.000203926
0.000169092
0.000137445
0.000103736
5.25065e-05
6.50405e-05
9.40673e-05
0.000126373
0.000169792
0.00023845
0.000347685
0.000524741
0.000874343
0.00152507
0.00085453
0.00118587
0.00134393
0.000614561
0.000349321
0.000254107
0.000205829
0.000171622
0.000140704
0.000106449
5.37156e-05
9.07276e-05
0.000103938
0.000127999
0.00017397
0.000262796
0.000427499
0.000713149
0.00120724
0.00186998
0.00103544
0.00158058
0.00160711
0.000721445
0.000373928
0.000253841
0.000199488
0.000164755
0.000134399
0.000100148
5.36362e-05
0.000130188
0.000141769
0.000153495
0.000196557
0.00030338
0.00052602
0.000903412
0.00149863
0.00205489
0.0012268
0.00194151
0.00174406
0.000775364
0.000388112
0.000253062
0.000191112
0.000151527
0.00011895
8.80936e-05
6.08493e-05
0.000176421
0.000209055
0.000225275
0.000277382
0.000411992
0.000657357
0.00105705
0.00165355
0.00209341
0.00141199
0.00218012
0.00171584
0.000766385
0.00040254
0.000267532
0.00019754
0.000151048
0.000118206
9.47291e-05
7.43054e-05
0.000229062
0.000305898
0.00036134
0.000462527
0.000610732
0.000818518
0.00114536
0.00164148
0.00205074
0.00158945
0.00225705
0.00155034
0.000735143
0.000458988
0.000347096
0.000266034
0.000200477
0.000151664
0.00011709
9.02471e-05
0.000295742
0.00044566
0.000639514
0.000773757
0.000899826
0.0010428
0.00126575
0.00162452
0.00200555
0.0017922
0.00216861
0.00148318
0.000987286
0.000790678
0.000662823
0.00051268
0.000366237
0.00023564
0.000151806
0.000110637
0.000357438
0.000480855
0.000598766
0.000717998
0.000848086
0.000999539
0.00118516
0.00140886
0.00162388
0.00159097
0.0016927
0.00134955
0.00104569
0.000826222
0.000657396
0.000517179
0.000399529
0.000300777
0.000216082
0.000145594
4.03203e-05
6.2088e-05
7.75174e-05
9.14163e-05
0.00010498
0.000116212
0.000124334
0.000132452
0.000155021
0.00017052
0.000174259
0.000173135
0.000162655
0.000143974
0.0001233
0.000104166
8.81614e-05
7.4359e-05
5.94796e-05
3.88298e-05
4.98635e-05
9.53574e-05
0.00012764
0.000158121
0.000189951
0.000221635
0.000254881
0.00032183
0.00051293
0.000493484
0.00048854
0.000467976
0.000305691
0.000251662
0.00021236
0.00017933
0.000150806
0.000123772
9.32286e-05
4.71564e-05
5.67074e-05
9.76449e-05
0.000133183
0.000171872
0.000218144
0.000272326
0.000345875
0.000516741
0.000927632
0.000818588
0.00086825
0.000805985
0.000405155
0.000284206
0.000231884
0.000195141
0.000163413
0.000132853
9.90261e-05
5.04562e-05
6.85273e-05
9.79297e-05
0.000132174
0.000176894
0.000239672
0.000325749
0.000461374
0.000766269
0.00131719
0.00118587
0.00130296
0.00108236
0.00050056
0.000308499
0.000240169
0.000199788
0.000166558
0.00013481
9.99612e-05
5.20025e-05
9.26194e-05
0.000110116
0.000139738
0.000189474
0.000270559
0.000395485
0.000611948
0.00103707
0.00165174
0.00158058
0.00172202
0.00127979
0.000573939
0.000329843
0.000247798
0.000202033
0.000166199
0.000133169
9.78137e-05
5.44157e-05
0.000129085
0.000144765
0.000168696
0.000221893
0.000321071
0.000483969
0.000764216
0.00128199
0.00188711
0.00194151
0.00203774
0.00136752
0.000609455
0.000345586
0.000254276
0.000200516
0.000159362
0.000123733
9.06059e-05
6.12009e-05
0.000173296
0.000205171
0.000234276
0.0002962
0.000417284
0.000602144
0.000892369
0.00142178
0.00199535
0.00218012
0.00216747
0.0013228
0.000605295
0.000362409
0.000268591
0.000206844
0.00015911
0.000122234
9.4972e-05
7.25352e-05
0.000224489
0.000296264
0.000359229
0.000455392
0.000587105
0.000745097
0.000996367
0.0014447
0.00199082
0.00225705
0.00211173
0.00118461
0.00059993
0.000417579
0.000327079
0.000253505
0.00019257
0.000145569
0.000111736
8.60618e-05
0.000288528
0.000429367
0.000617606
0.000759898
0.000871841
0.000985733
0.00115941
0.00147387
0.00191092
0.00216861
0.0019159
0.00122489
0.000885591
0.000755005
0.000627823
0.000476226
0.000333137
0.000215805
0.000141578
0.000104792
0.000345559
0.000460279
0.000569235
0.0006787
0.000794603
0.000926689
0.00108807
0.00129152
0.00152665
0.0016927
0.00151078
0.00117918
0.000930037
0.000747873
0.00060091
0.00047604
0.000370657
0.000281618
0.000204838
0.000138841
4.0158e-05
6.24152e-05
7.80861e-05
9.13877e-05
0.000103233
0.000112729
0.000122746
0.000136279
0.000153313
0.000177789
0.000173135
0.000164194
0.000150555
0.000133527
0.000116287
0.000100421
8.6325e-05
7.33097e-05
5.86137e-05
3.77307e-05
5.04913e-05
9.56384e-05
0.00012863
0.000159104
0.000189151
0.000218157
0.000249362
0.000292708
0.000380507
0.000546025
0.000467976
0.000316782
0.000265804
0.000229628
0.00019847
0.000171307
0.000146517
0.000121303
9.13874e-05
4.57681e-05
5.78632e-05
9.81398e-05
0.000134048
0.000170995
0.000210203
0.00025168
0.000304472
0.000398117
0.000600635
0.000982354
0.000805986
0.000450779
0.000305292
0.000246664
0.000211497
0.000182762
0.000155532
0.000127134
9.43163e-05
4.86775e-05
6.95784e-05
9.97792e-05
0.000134404
0.000175379
0.000223205
0.000279173
0.000363349
0.000533996
0.000869547
0.00134393
0.00108236
0.000582456
0.000340813
0.000255175
0.000214621
0.00018464
0.000156241
0.000126555
9.31288e-05
5.05955e-05
9.17259e-05
0.000112304
0.000144478
0.000190041
0.000247454
0.000318616
0.000436829
0.000684237
0.00113349
0.00160711
0.00127979
0.000679806
0.000372384
0.00026722
0.000221524
0.000189176
0.000158722
0.000127231
9.31987e-05
5.39483e-05
0.000125016
0.000142838
0.000172483
0.000223072
0.000290418
0.000375387
0.000520592
0.000823096
0.00131471
0.00174406
0.00136752
0.000722006
0.00039485
0.000282463
0.000232204
0.000195324
0.00016001
0.000124901
9.11012e-05
5.99727e-05
0.000166161
0.000196487
0.000230557
0.000289567
0.00036778
0.000465592
0.000614431
0.000916147
0.00136034
0.00171584
0.0013228
0.00070966
0.00041374
0.000306609
0.000250309
0.000204436
0.000161182
0.000123245
9.32792e-05
6.92683e-05
0.00021415
0.000280778
0.000347832
0.000431993
0.000532823
0.000628472
0.000743972
0.000964963
0.00130383
0.00155034
0.00118461
0.000680905
0.00046557
0.000374671
0.000302486
0.000237686
0.000181416
0.000136804
0.00010433
8.10791e-05
0.000273548
0.000403955
0.000584992
0.00074781
0.000850971
0.000924
0.000997708
0.00112942
0.0013388
0.00148318
0.00122489
0.000919198
0.000804257
0.00072387
0.000587333
0.000436566
0.000300006
0.000196184
0.000130664
9.85724e-05
0.000325588
0.000430156
0.000529573
0.000627271
0.000726292
0.000830703
0.000947845
0.00108451
0.00123592
0.00134955
0.00117918
0.000968856
0.00079976
0.000660459
0.000537899
0.000430179
0.000337532
0.000258209
0.000189512
0.000130147
3.90025e-05
6.02263e-05
7.42716e-05
8.46255e-05
9.31194e-05
0.000101276
0.000115137
0.00013455
0.000153336
0.000166638
0.000162655
0.000150555
0.000136042
0.000120673
0.000106319
9.29606e-05
8.1152e-05
6.99199e-05
5.65201e-05
3.64549e-05
4.90429e-05
9.35158e-05
0.000125843
0.000154795
0.000181976
0.000208394
0.00023691
0.000272642
0.000315605
0.000337031
0.000305691
0.000265804
0.00023646
0.000209523
0.000184722
0.000162086
0.000140343
0.000117119
8.86785e-05
4.4044e-05
5.60544e-05
9.63684e-05
0.000131476
0.000165002
0.000196767
0.000228333
0.000265917
0.000321294
0.000402088
0.000476846
0.000405155
0.000305292
0.000251583
0.000218796
0.00019327
0.000170083
0.000146647
0.000120762
8.9715e-05
4.64833e-05
6.67671e-05
9.71181e-05
0.000129527
0.000163588
0.000197449
0.000233171
0.000281756
0.000364882
0.000498734
0.000614562
0.00050056
0.000340813
0.000258627
0.000217287
0.000189889
0.000166402
0.000142709
0.00011659
8.61251e-05
4.8055e-05
8.64587e-05
0.00010705
0.000135557
0.000170533
0.000207286
0.000246785
0.000304202
0.000412441
0.000594331
0.000721447
0.00057394
0.000372384
0.000270213
0.000221356
0.000190703
0.000165562
0.000141038
0.000114765
8.52606e-05
5.12121e-05
0.000116652
0.000132657
0.000156709
0.000193847
0.000235464
0.000278806
0.000340114
0.000459973
0.000657367
0.000775365
0.000609456
0.000394851
0.000286595
0.000233168
0.000198184
0.000169647
0.000142934
0.000115756
8.69176e-05
5.68356e-05
0.000154429
0.000180367
0.000207641
0.000252195
0.000302589
0.000350787
0.000410811
0.000517322
0.000679456
0.000766386
0.000605296
0.00041374
0.000314909
0.000259447
0.000216643
0.000179812
0.000147039
0.00011637
8.86106e-05
6.45193e-05
0.000198287
0.000256221
0.000318213
0.000395535
0.000470132
0.000535209
0.000580996
0.00063047
0.000705673
0.000735143
0.000599931
0.00046557
0.000392571
0.000332249
0.000270005
0.000211501
0.000163418
0.000125
9.57115e-05
7.49763e-05
0.000251726
0.000365619
0.00053335
0.000709132
0.000833568
0.000897906
0.000923246
0.000940172
0.00097551
0.000987286
0.000885591
0.000804257
0.000754374
0.00065696
0.000517915
0.000378887
0.000262173
0.000175421
0.000119301
9.07498e-05
0.00029991
0.00039292
0.000482074
0.000568158
0.000654106
0.000737294
0.000820864
0.000907111
0.000991479
0.00104569
0.000930037
0.00079976
0.000681028
0.000571496
0.000470117
0.000379141
0.000299285
0.000229986
0.000169853
0.000118361
3.69324e-05
5.5018e-05
6.52345e-05
7.07373e-05
7.48291e-05
8.55286e-05
0.000104999
0.000125724
0.000141904
0.000148917
0.000143974
0.000133527
0.000120673
0.000107034
9.41239e-05
8.29471e-05
7.34529e-05
6.43834e-05
5.31883e-05
3.52053e-05
4.58126e-05
8.8809e-05
0.000119001
0.000144209
0.000167383
0.000192671
0.00021891
0.000245459
0.000268505
0.000271354
0.000251662
0.000229628
0.000209523
0.000190188
0.000171146
0.000151951
0.000132271
0.000111037
8.4916e-05
4.18205e-05
5.12713e-05
9.22055e-05
0.000126313
0.000156434
0.000182585
0.000207098
0.000234814
0.000268518
0.000304433
0.000316144
0.000284206
0.000246664
0.000218796
0.000197228
0.000178279
0.000159548
0.000139248
0.000115696
8.66524e-05
4.39577e-05
5.95991e-05
8.95925e-05
0.000119172
0.000147496
0.000173395
0.000198757
0.000228705
0.000270658
0.000322709
0.000349322
0.000308499
0.000255175
0.000217287
0.000190964
0.000170464
0.000151692
0.000131908
0.000109158
8.14749e-05
4.45201e-05
7.63274e-05
9.51882e-05
0.000117639
0.000143347
0.000169096
0.000194698
0.0002257
0.00027254
0.000336428
0.000373928
0.000329843
0.000267221
0.000221356
0.000189215
0.000165126
0.000144557
0.000124459
0.000102779
7.76585e-05
4.62983e-05
0.000104233
0.000117102
0.000131954
0.000155384
0.000182108
0.000208669
0.000238612
0.000283801
0.000348426
0.000388113
0.000345587
0.000282464
0.000233168
0.000195907
0.000166984
0.000142806
0.000120795
9.91872e-05
7.65167e-05
5.04725e-05
0.000139074
0.000159035
0.000175414
0.000203638
0.000236632
0.000266752
0.0002933
0.000328192
0.000375887
0.000402541
0.00036241
0.000306609
0.000259448
0.000217915
0.0001817
0.000150424
0.000123277
9.93016e-05
7.82327e-05
5.77945e-05
0.000178589
0.000223659
0.000272592
0.000337126
0.000401083
0.000450133
0.000480125
0.000485872
0.00047879
0.000458989
0.00041758
0.000374671
0.00033225
0.000283168
0.000230556
0.000182871
0.000142734
0.00011028
8.58778e-05
6.7574e-05
0.000225143
0.00031673
0.000458845
0.000626057
0.000772764
0.000860275
0.000884114
0.000865026
0.00083069
0.000790678
0.000755005
0.00072387
0.00065696
0.000548667
0.000424871
0.000313195
0.0002232
0.000154779
0.000107709
8.12705e-05
0.00026997
0.000350427
0.000428893
0.000504534
0.000578096
0.000647447
0.000709467
0.000764159
0.000808144
0.000826222
0.000747873
0.000660459
0.000571496
0.000484105
0.000401616
0.000326121
0.00025854
0.000199191
0.000147648
0.000104372
3.47361e-05
4.91226e-05
5.6905e-05
6.20718e-05
6.93687e-05
8.10444e-05
9.59582e-05
0.000111429
0.000121787
0.000125919
0.0001233
0.000116287
0.000106319
9.41239e-05
8.21512e-05
7.30219e-05
6.53406e-05
5.80635e-05
4.91852e-05
3.42207e-05
4.23308e-05
7.99381e-05
0.000103539
0.000123013
0.000145025
0.000171616
0.000197752
0.000215099
0.000224859
0.000223681
0.00021236
0.00019847
0.000184722
0.000171146
0.000156584
0.000139603
0.000122311
0.000103573
8.0644e-05
4.07121e-05
4.53452e-05
8.65736e-05
0.000118184
0.000143773
0.000165916
0.000186898
0.000208167
0.000229888
0.000246306
0.000247761
0.000231885
0.000211497
0.00019327
0.000178279
0.000164695
0.000150044
0.000132373
0.000111072
8.50159e-05
4.20035e-05
4.90907e-05
8.11936e-05
0.00011001
0.000135099
0.000156398
0.000175537
0.000195882
0.000219632
0.000243281
0.000254107
0.00024017
0.000214621
0.000189889
0.000170464
0.000155332
0.000141304
0.000125565
0.000106052
8.0741e-05
4.14117e-05
6.26276e-05
8.21097e-05
0.000102023
0.000122898
0.000143078
0.000162257
0.000182338
0.000206655
0.000234644
0.000253841
0.000247798
0.000221524
0.000190703
0.000165127
0.000146192
0.000130625
0.000115215
9.75721e-05
7.51233e-05
4.16931e-05
8.85436e-05
0.000100265
0.000110169
0.000125148
0.000143
0.000161526
0.000180655
0.000203185
0.000230633
0.000253062
0.000254276
0.000232205
0.000198185
0.000166984
0.000143426
0.000124678
0.000107626
9.02141e-05
7.02915e-05
4.36116e-05
0.000121108
0.00013556
0.000144205
0.000160277
0.000180538
0.000200816
0.000218055
0.00023363
0.000251831
0.000267533
0.000268591
0.00025031
0.000216644
0.0001817
0.00015303
0.000129117
0.000107664
8.77384e-05
6.89183e-05
4.8644e-05
0.000156117
0.00018779
0.000220993
0.000267661
0.000318631
0.000361557
0.000384957
0.000387137
0.000370075
0.000347097
0.000327079
0.000302487
0.000270005
0.000230556
0.000192267
0.000157315
0.00012571
9.82777e-05
7.61169e-05
5.84966e-05
0.000195661
0.000262782
0.000369296
0.000506671
0.000647936
0.000757463
0.000804629
0.000786933
0.000729239
0.000662823
0.000627823
0.000587333
0.000517915
0.000424871
0.000331015
0.000250639
0.000185286
0.000133823
9.54981e-05
7.03949e-05
0.000236734
0.000303996
0.000371369
0.000436672
0.000499153
0.000556589
0.000605474
0.000641287
0.000661206
0.000657396
0.00060091
0.000537899
0.000470117
0.000401616
0.000335497
0.0002737
0.00021745
0.000167547
0.000124265
8.90575e-05
3.3306e-05
4.48154e-05
5.16666e-05
5.84761e-05
6.73507e-05
7.72033e-05
8.80176e-05
9.69042e-05
0.000102389
0.000104877
0.000104166
0.000100421
9.29605e-05
8.2947e-05
7.30218e-05
6.5905e-05
5.9807e-05
5.32962e-05
4.53339e-05
3.36173e-05
4.0091e-05
6.9339e-05
8.67371e-05
0.000104873
0.00012934
0.000157038
0.000176371
0.000184204
0.000186767
0.000185026
0.00017933
0.000171307
0.000162086
0.000151951
0.000139603
0.000124468
0.000109265
9.38874e-05
7.54202e-05
4.10886e-05
4.11019e-05
7.80689e-05
0.00010351
0.000124966
0.000146178
0.0001674
0.00018596
0.000198434
0.000205479
0.000203926
0.000195141
0.000182762
0.000170083
0.000159548
0.000150044
0.00013795
0.000122577
0.000104248
8.17508e-05
4.23462e-05
4.12817e-05
7.58764e-05
0.000103009
0.000124753
0.000143077
0.00015922
0.000173752
0.000187958
0.000200524
0.000205829
0.000199788
0.00018464
0.000166402
0.000151692
0.000141304
0.000131803
0.000119795
0.000102966
7.97207e-05
4.0468e-05
4.82581e-05
7.27774e-05
9.41483e-05
0.000113329
0.000130164
0.000144988
0.000158819
0.000172975
0.000187695
0.000199488
0.000202033
0.000189176
0.000165563
0.000144557
0.000130625
0.000120342
0.000109754
9.57565e-05
7.54179e-05
4.03157e-05
7.13585e-05
8.49278e-05
9.50889e-05
0.000107208
0.000120555
0.000133971
0.000147071
0.00016066
0.000175866
0.000191112
0.000200516
0.000195325
0.000169648
0.000142806
0.000124678
0.000112011
0.000100635
8.76557e-05
6.99702e-05
4.10521e-05
0.000101229
0.00011244
0.000118422
0.000128346
0.00014072
0.000153498
0.000165033
0.000175027
0.000185492
0.000197541
0.000206844
0.000204436
0.000179812
0.000150425
0.000129117
0.000113024
9.82502e-05
8.28403e-05
6.55144e-05
4.2711e-05
0.000131924
0.000152471
0.000173237
0.000203487
0.000238286
0.000270503
0.000291723
0.000294622
0.000282501
0.000266035
0.000253506
0.000237686
0.000211502
0.000182871
0.000157315
0.000133719
0.000110917
8.89394e-05
6.84837e-05
4.87444e-05
0.000164774
0.000210214
0.000280443
0.000376261
0.000485497
0.000585187
0.000648414
0.000649076
0.00058745
0.000512681
0.000476227
0.000436567
0.000378888
0.000313195
0.000250639
0.000196317
0.000150394
0.000112399
8.19685e-05
5.91976e-05
0.000200946
0.000254733
0.000311115
0.000366439
0.000419026
0.000465836
0.000503241
0.000527527
0.000533222
0.000517179
0.00047604
0.000430179
0.000379141
0.000326121
0.0002737
0.000223758
0.000177629
0.000136414
0.000100919
7.34293e-05
3.26661e-05
4.24671e-05
4.96618e-05
5.68564e-05
6.43122e-05
7.21439e-05
7.98423e-05
8.44889e-05
8.69586e-05
8.81915e-05
8.81614e-05
8.6325e-05
8.1152e-05
7.34528e-05
6.53405e-05
5.98069e-05
5.5228e-05
5.01741e-05
4.34308e-05
3.37467e-05
3.84696e-05
6.03547e-05
7.49489e-05
9.42023e-05
0.00011892
0.000141057
0.000151782
0.000154823
0.000154595
0.000153293
0.000150806
0.000146517
0.000140343
0.000132271
0.000122311
0.000109265
9.63826e-05
8.34947e-05
6.84052e-05
4.1189e-05
3.93921e-05
6.77556e-05
8.7136e-05
0.000106404
0.000127861
0.000149217
0.0001656
0.000171937
0.000171796
0.000169092
0.000163413
0.000155532
0.000146647
0.000139248
0.000132373
0.000122577
0.000109351
9.39296e-05
7.51766e-05
4.2623e-05
3.87422e-05
6.9042e-05
9.04061e-05
0.000108387
0.000125197
0.000140887
0.000154582
0.000164861
0.000170409
0.000171623
0.000166558
0.000156242
0.000142709
0.000131908
0.000125565
0.000119795
0.000110493
9.52547e-05
7.48656e-05
4.16246e-05
3.92049e-05
6.76314e-05
8.8198e-05
0.000104711
0.000118799
0.000131006
0.000141472
0.000150748
0.000158797
0.000164755
0.000166199
0.000158722
0.000141039
0.000124459
0.000115215
0.000109754
0.00010339
9.2057e-05
7.30678e-05
4.12898e-05
5.3867e-05
7.23385e-05
8.53623e-05
9.70663e-05
0.00010782
0.000117432
0.00012584
0.000133754
0.000142224
0.000151527
0.000159362
0.000160011
0.000142934
0.000120795
0.000107626
0.000100635
9.48487e-05
8.63475e-05
7.08506e-05
4.15827e-05
7.96295e-05
9.14217e-05
9.8297e-05
0.000106177
0.000114751
0.000123004
0.000130171
0.000136373
0.000142895
0.000151048
0.00015911
0.000161183
0.00014704
0.000123277
0.000107664
9.82502e-05
9.02882e-05
8.05314e-05
6.61995e-05
4.11426e-05
0.000106784
0.000120614
0.000133904
0.000152351
0.000174225
0.000195253
0.000210262
0.000215079
0.000209807
0.000200477
0.00019257
0.000181416
0.000163418
0.000142735
0.00012571
0.000110917
9.6716e-05
8.15152e-05
6.40555e-05
4.26027e-05
0.000133429
0.000163403
0.000205877
0.000262522
0.000330152
0.000396667
0.000443399
0.0004516
0.000416814
0.000366238
0.000333138
0.000300007
0.000262174
0.0002232
0.000185286
0.000150394
0.000120043
9.34886e-05
6.98108e-05
4.92051e-05
0.000163282
0.000203415
0.000249408
0.00029577
0.000339735
0.000377897
0.000406531
0.000421715
0.000419824
0.000399529
0.000370657
0.000337532
0.000299285
0.00025854
0.00021745
0.000177629
0.000140499
0.000107413
7.94916e-05
5.91892e-05
3.27816e-05
4.17852e-05
4.84378e-05
5.40864e-05
5.9893e-05
6.62342e-05
7.07358e-05
7.30309e-05
7.40593e-05
7.44709e-05
7.4359e-05
7.33096e-05
6.99199e-05
6.43834e-05
5.80635e-05
5.32962e-05
5.01741e-05
4.70264e-05
4.22787e-05
3.4636e-05
3.73847e-05
5.45124e-05
6.82326e-05
8.67152e-05
0.00010638
0.000119274
0.000124994
0.000126501
0.000125982
0.000124989
0.000123772
0.000121303
0.000117119
0.000111037
0.000103573
9.38874e-05
8.34946e-05
7.31265e-05
6.13076e-05
4.04695e-05
3.84763e-05
5.90846e-05
7.3747e-05
9.12932e-05
0.00011171
0.000130665
0.000142258
0.000144524
0.000141726
0.000137445
0.000132853
0.000127134
0.000120762
0.000115696
0.000111072
0.000104248
9.39296e-05
8.17847e-05
6.71247e-05
4.21826e-05
3.8165e-05
6.04134e-05
7.52657e-05
8.99137e-05
0.000105481
0.000120705
0.000133798
0.000142121
0.000143829
0.000140704
0.00013481
0.000126556
0.000116591
0.000109158
0.000106052
0.000102966
9.52546e-05
8.32083e-05
6.71315e-05
4.18612e-05
3.81739e-05
6.0702e-05
7.53235e-05
8.72028e-05
9.84983e-05
0.000109314
0.000118942
0.00012695
0.000132302
0.000134399
0.000133169
0.000127231
0.000114765
0.000102779
9.7572e-05
9.57564e-05
9.2057e-05
8.22544e-05
6.63051e-05
4.18567e-05
4.09266e-05
6.29287e-05
7.57514e-05
8.52406e-05
9.31268e-05
9.96377e-05
0.000104824
0.000109283
0.000113844
0.00011895
0.000123733
0.000124901
0.000115756
9.91873e-05
9.0214e-05
8.76556e-05
8.63474e-05
8.12209e-05
6.72928e-05
4.17869e-05
5.84363e-05
7.36713e-05
8.2216e-05
8.94233e-05
9.59963e-05
0.000101832
0.000106696
0.000110608
0.000114173
0.000118206
0.000122234
0.000123245
0.00011637
9.93017e-05
8.77384e-05
8.28403e-05
8.05314e-05
7.6661e-05
6.62084e-05
4.09385e-05
8.15483e-05
9.20407e-05
0.000101447
0.000113819
0.000128257
0.000142501
0.000153451
0.000158299
0.000156883
0.000151665
0.000145569
0.000136805
0.000125001
0.00011028
9.82778e-05
8.89394e-05
8.15152e-05
7.36082e-05
6.13788e-05
4.0039e-05
0.000102746
0.00012079
0.000144478
0.000175652
0.000212778
0.000249471
0.000275724
0.000280622
0.000264349
0.00023564
0.000215805
0.000196184
0.000175422
0.000154779
0.000133823
0.000112399
9.34886e-05
7.72054e-05
6.10186e-05
4.26619e-05
0.000124893
0.000150708
0.000186779
0.000225678
0.000263041
0.000294852
0.00031749
0.000327331
0.000321582
0.000300777
0.000281618
0.000258209
0.000229986
0.000199191
0.000167547
0.000136415
0.000107413
8.2367e-05
6.24099e-05
4.86191e-05
3.31262e-05
4.07503e-05
4.52991e-05
4.89465e-05
5.32649e-05
5.68004e-05
5.8867e-05
5.98082e-05
6.0068e-05
5.99267e-05
5.94796e-05
5.86137e-05
5.652e-05
5.31883e-05
4.91852e-05
4.53339e-05
4.34308e-05
4.22787e-05
4.01314e-05
3.52984e-05
3.64369e-05
4.99392e-05
6.12789e-05
7.46518e-05
8.52139e-05
9.14099e-05
9.46892e-05
9.56787e-05
9.53436e-05
9.44308e-05
9.32286e-05
9.13874e-05
8.86785e-05
8.49159e-05
8.0644e-05
7.54201e-05
6.84052e-05
6.13075e-05
5.36191e-05
3.93072e-05
3.75211e-05
5.19263e-05
6.27987e-05
7.67582e-05
9.26786e-05
0.00010592
0.000112223
0.000112084
0.000108594
0.000103736
9.90262e-05
9.43164e-05
8.9715e-05
8.66523e-05
8.50158e-05
8.17508e-05
7.51765e-05
6.71246e-05
5.74727e-05
4.10079e-05
3.75945e-05
5.20392e-05
6.12304e-05
7.19685e-05
8.43655e-05
9.70009e-05
0.000107637
0.000113271
0.00011199
0.000106449
9.99613e-05
9.3129e-05
8.61251e-05
8.14749e-05
8.07408e-05
7.97206e-05
7.48655e-05
6.71314e-05
5.6727e-05
4.13337e-05
3.80204e-05
5.23693e-05
6.01711e-05
6.74483e-05
7.53739e-05
8.33382e-05
9.05218e-05
9.64973e-05
9.98967e-05
0.000100148
9.78138e-05
9.31988e-05
8.52607e-05
7.76585e-05
7.51232e-05
7.54178e-05
7.30677e-05
6.63051e-05
5.59731e-05
4.14482e-05
3.86172e-05
5.39995e-05
6.15938e-05
6.71552e-05
7.2095e-05
7.6305e-05
7.96631e-05
8.25076e-05
8.52494e-05
8.80936e-05
9.06059e-05
9.11012e-05
8.69177e-05
7.65168e-05
7.02915e-05
6.99701e-05
7.08505e-05
6.72928e-05
5.77028e-05
4.07717e-05
4.24384e-05
5.83048e-05
6.63229e-05
7.20802e-05
7.73358e-05
8.25114e-05
8.72714e-05
9.10067e-05
9.34195e-05
9.47293e-05
9.49722e-05
9.32794e-05
8.86107e-05
7.82329e-05
6.89184e-05
6.55144e-05
6.61995e-05
6.62084e-05
5.92945e-05
3.94058e-05
5.7673e-05
6.65236e-05
7.4473e-05
8.385e-05
9.46649e-05
0.000105796
0.000115236
0.000120542
0.000120615
0.000117091
0.000111736
0.000104331
9.57117e-05
8.5878e-05
7.6117e-05
6.84838e-05
6.40555e-05
6.13788e-05
5.51989e-05
3.86688e-05
7.42429e-05
8.11868e-05
9.45866e-05
0.000113467
0.00013563
0.00015653
0.000171606
0.000175159
0.000165341
0.000151806
0.000141578
0.000130664
0.000119301
0.000107709
9.54982e-05
8.19686e-05
6.98108e-05
6.10186e-05
5.2766e-05
3.96202e-05
8.85895e-05
9.92103e-05
0.000124559
0.000156568
0.000188912
0.000216499
0.000235705
0.000243084
0.000235401
0.000216082
0.000204838
0.000189512
0.000169853
0.000147648
0.000124265
0.000100919
7.94917e-05
6.241e-05
5.04467e-05
4.22746e-05
3.25997e-05
3.69137e-05
3.86439e-05
3.99437e-05
4.10486e-05
4.16395e-05
4.1731e-05
4.14082e-05
4.07625e-05
3.98672e-05
3.88299e-05
3.77307e-05
3.64549e-05
3.52053e-05
3.42206e-05
3.36173e-05
3.37466e-05
3.4636e-05
3.52984e-05
3.45136e-05
3.35278e-05
3.86963e-05
4.19964e-05
4.50752e-05
4.74844e-05
4.9212e-05
5.00312e-05
4.99671e-05
4.93566e-05
4.83641e-05
4.71565e-05
4.57682e-05
4.4044e-05
4.18205e-05
4.0712e-05
4.10885e-05
4.1189e-05
4.04695e-05
3.93071e-05
3.65762e-05
3.46257e-05
3.99675e-05
4.33011e-05
4.74639e-05
5.2438e-05
5.63024e-05
5.74615e-05
5.65438e-05
5.47364e-05
5.25066e-05
5.04563e-05
4.86776e-05
4.64834e-05
4.39577e-05
4.20035e-05
4.2346e-05
4.26229e-05
4.21825e-05
4.10079e-05
3.83384e-05
3.57294e-05
4.07942e-05
4.34382e-05
4.61055e-05
4.94479e-05
5.31344e-05
5.61798e-05
5.74907e-05
5.61433e-05
5.37157e-05
5.20026e-05
5.05956e-05
4.8055e-05
4.45202e-05
4.14117e-05
4.04679e-05
4.16245e-05
4.18612e-05
4.13337e-05
3.96399e-05
3.69664e-05
4.12994e-05
4.31834e-05
4.47057e-05
4.62255e-05
4.76994e-05
4.90979e-05
5.06818e-05
5.22565e-05
5.36363e-05
5.44157e-05
5.39484e-05
5.12122e-05
4.62984e-05
4.16932e-05
4.03156e-05
4.12897e-05
4.18567e-05
4.14482e-05
4.0057e-05
3.79725e-05
4.14845e-05
4.34317e-05
4.49604e-05
4.68227e-05
4.95092e-05
5.29363e-05
5.64124e-05
5.9192e-05
6.08495e-05
6.12011e-05
5.99728e-05
5.68358e-05
5.04726e-05
4.36117e-05
4.10521e-05
4.15826e-05
4.17869e-05
4.07717e-05
3.87653e-05
3.86394e-05
4.15558e-05
4.42983e-05
4.78103e-05
5.29416e-05
5.94905e-05
6.62556e-05
7.16165e-05
7.42834e-05
7.43056e-05
7.25354e-05
6.92685e-05
6.45194e-05
5.77946e-05
4.86441e-05
4.27111e-05
4.11426e-05
4.09384e-05
3.94058e-05
3.65158e-05
4.28795e-05
4.44324e-05
4.84936e-05
5.52395e-05
6.48528e-05
7.61649e-05
8.65154e-05
9.29319e-05
9.35663e-05
9.02474e-05
8.6062e-05
8.10793e-05
7.49765e-05
6.75742e-05
5.84968e-05
4.87446e-05
4.26028e-05
4.0039e-05
3.86688e-05
3.69712e-05
5.28836e-05
5.18969e-05
5.64449e-05
6.75111e-05
8.36881e-05
0.000101316
0.000115614
0.000122292
0.000118788
0.000110637
0.000104792
9.85726e-05
9.075e-05
8.12707e-05
7.0395e-05
5.91977e-05
4.92052e-05
4.26619e-05
3.96202e-05
3.75153e-05
6.05293e-05
6.10766e-05
7.20416e-05
9.32284e-05
0.000119164
0.00014261
0.000159662
0.000166729
0.00015929
0.000145594
0.000138841
0.000130147
0.000118361
0.000104372
8.90576e-05
7.34294e-05
5.91893e-05
4.86192e-05
4.22746e-05
3.86034e-05
)
;

boundaryField
{
    floor
    {
        type            compressible::kqRWallFunction;
        value           nonuniform List<scalar> 
400
(
2.94653e-05
3.27424e-05
3.44816e-05
3.5504e-05
3.65946e-05
3.78008e-05
3.86686e-05
3.93198e-05
3.98257e-05
4.01808e-05
4.03203e-05
4.0158e-05
3.90025e-05
3.69324e-05
3.47361e-05
3.3306e-05
3.26661e-05
3.27816e-05
3.31262e-05
3.25997e-05
3.27424e-05
3.83389e-05
4.13243e-05
4.30335e-05
4.47237e-05
4.7434e-05
5.17657e-05
5.57095e-05
5.8615e-05
6.07059e-05
6.2088e-05
6.24152e-05
6.02263e-05
5.5018e-05
4.91226e-05
4.48154e-05
4.24671e-05
4.17852e-05
4.07503e-05
3.69137e-05
3.44816e-05
4.13242e-05
4.53264e-05
4.78365e-05
5.01903e-05
5.32772e-05
5.85709e-05
6.54015e-05
7.09254e-05
7.49137e-05
7.75174e-05
7.80861e-05
7.42716e-05
6.52345e-05
5.6905e-05
5.16666e-05
4.96618e-05
4.84378e-05
4.52991e-05
3.86439e-05
3.55039e-05
4.30334e-05
4.78364e-05
5.1147e-05
5.42278e-05
5.82788e-05
6.42429e-05
7.36045e-05
8.19509e-05
8.79291e-05
9.14163e-05
9.13877e-05
8.46255e-05
7.07373e-05
6.20718e-05
5.84761e-05
5.68564e-05
5.40864e-05
4.89465e-05
3.99437e-05
3.65945e-05
4.47235e-05
5.01902e-05
5.42277e-05
5.76793e-05
6.21874e-05
6.97514e-05
8.20079e-05
9.34126e-05
0.000101332
0.00010498
0.000103233
9.31194e-05
7.48291e-05
6.93687e-05
6.73507e-05
6.43122e-05
5.9893e-05
5.32649e-05
4.10486e-05
3.78007e-05
4.74338e-05
5.3277e-05
5.82787e-05
6.21874e-05
6.54314e-05
7.24564e-05
8.77186e-05
0.000102094
0.000112491
0.000116212
0.000112729
0.000101276
8.55286e-05
8.10444e-05
7.72033e-05
7.21439e-05
6.62342e-05
5.68004e-05
4.16395e-05
3.86685e-05
5.17654e-05
5.85708e-05
6.42428e-05
6.97514e-05
7.24566e-05
7.33042e-05
8.5476e-05
0.000102015
0.00011808
0.000124334
0.000122746
0.000115137
0.000104999
9.59582e-05
8.80176e-05
7.98423e-05
7.07358e-05
5.8867e-05
4.1731e-05
3.93198e-05
5.57093e-05
6.54013e-05
7.36044e-05
8.20079e-05
8.77187e-05
8.54764e-05
8.68048e-05
0.000102393
0.00012467
0.000132452
0.000136279
0.00013455
0.000125724
0.000111429
9.69042e-05
8.44889e-05
7.30309e-05
5.98082e-05
4.14082e-05
3.98257e-05
5.86149e-05
7.09252e-05
8.19508e-05
9.34125e-05
0.000102094
0.000102015
0.000102393
0.000112346
0.000142202
0.000155021
0.000153313
0.000153336
0.000141904
0.000121787
0.000102389
8.69586e-05
7.40593e-05
6.0068e-05
4.07625e-05
4.01808e-05
6.07058e-05
7.49136e-05
8.7929e-05
0.000101332
0.000112491
0.00011808
0.00012467
0.000142202
0.000150438
0.00017052
0.000177789
0.000166638
0.000148917
0.000125919
0.000104877
8.81915e-05
7.44709e-05
5.99267e-05
3.98672e-05
4.03203e-05
6.20879e-05
7.75173e-05
9.14162e-05
0.00010498
0.000116212
0.000124334
0.000132452
0.000155021
0.00017052
0.000174259
0.000173135
0.000162655
0.000143974
0.0001233
0.000104166
8.81614e-05
7.4359e-05
5.94796e-05
3.88299e-05
4.0158e-05
6.24152e-05
7.8086e-05
9.13875e-05
0.000103233
0.000112729
0.000122746
0.000136279
0.000153313
0.000177789
0.000173135
0.000164194
0.000150555
0.000133527
0.000116287
0.000100421
8.6325e-05
7.33096e-05
5.86137e-05
3.77307e-05
3.90025e-05
6.02263e-05
7.42715e-05
8.46254e-05
9.31193e-05
0.000101276
0.000115137
0.00013455
0.000153336
0.000166638
0.000162655
0.000150555
0.000136042
0.000120673
0.000106319
9.29605e-05
8.1152e-05
6.99199e-05
5.652e-05
3.64549e-05
3.69324e-05
5.50179e-05
6.52344e-05
7.07371e-05
7.48289e-05
8.55284e-05
0.000104999
0.000125724
0.000141904
0.000148917
0.000143974
0.000133527
0.000120673
0.000107034
9.41239e-05
8.2947e-05
7.34528e-05
6.43834e-05
5.31883e-05
3.52053e-05
3.47361e-05
4.91225e-05
5.69048e-05
6.20715e-05
6.93685e-05
8.10441e-05
9.59581e-05
0.000111429
0.000121786
0.000125919
0.0001233
0.000116287
0.000106319
9.41239e-05
8.21512e-05
7.30218e-05
6.53405e-05
5.80635e-05
4.91852e-05
3.42206e-05
3.3306e-05
4.48152e-05
5.16664e-05
5.84759e-05
6.73505e-05
7.72032e-05
8.80175e-05
9.69041e-05
0.000102389
0.000104877
0.000104166
0.000100421
9.29606e-05
8.29471e-05
7.30219e-05
6.5905e-05
5.98069e-05
5.32962e-05
4.53339e-05
3.36173e-05
3.2666e-05
4.2467e-05
4.96617e-05
5.68563e-05
6.43122e-05
7.21439e-05
7.98423e-05
8.44889e-05
8.69586e-05
8.81915e-05
8.81614e-05
8.6325e-05
8.1152e-05
7.34529e-05
6.53406e-05
5.9807e-05
5.5228e-05
5.01741e-05
4.34308e-05
3.37466e-05
3.27816e-05
4.17851e-05
4.84378e-05
5.40865e-05
5.9893e-05
6.62342e-05
7.07358e-05
7.30309e-05
7.40593e-05
7.44709e-05
7.4359e-05
7.33097e-05
6.99199e-05
6.43834e-05
5.80635e-05
5.32962e-05
5.01741e-05
4.70264e-05
4.22787e-05
3.4636e-05
3.31262e-05
4.07503e-05
4.52992e-05
4.89466e-05
5.3265e-05
5.68004e-05
5.8867e-05
5.98082e-05
6.0068e-05
5.99267e-05
5.94796e-05
5.86137e-05
5.65201e-05
5.31883e-05
4.91852e-05
4.53339e-05
4.34308e-05
4.22787e-05
4.01314e-05
3.52984e-05
3.25997e-05
3.69137e-05
3.86439e-05
3.99438e-05
4.10486e-05
4.16395e-05
4.1731e-05
4.14082e-05
4.07625e-05
3.98672e-05
3.88298e-05
3.77307e-05
3.64549e-05
3.52053e-05
3.42207e-05
3.36173e-05
3.37467e-05
3.4636e-05
3.52984e-05
3.45136e-05
)
;
    }
    ceiling
    {
        type            compressible::kqRWallFunction;
        value           nonuniform List<scalar> 
400
(
0.000117403
0.000161287
0.000207854
0.000250483
0.000288117
0.000319468
0.000343247
0.000358065
0.000362159
0.000357438
0.000345559
0.000325588
0.00029991
0.00026997
0.000236734
0.000200946
0.000163282
0.000124893
8.85895e-05
6.05293e-05
0.000161287
0.000214802
0.000272606
0.000327282
0.000376995
0.000419365
0.000452314
0.000474072
0.000483824
0.000480855
0.000460279
0.000430156
0.00039292
0.000350427
0.000303996
0.000254733
0.000203415
0.000150708
9.92103e-05
6.10766e-05
0.000207854
0.000272606
0.000339623
0.000403729
0.000462801
0.000513577
0.000553921
0.000581966
0.000598155
0.000598766
0.000569235
0.000529573
0.000482074
0.000428893
0.000371369
0.000311115
0.000249408
0.000186779
0.000124559
7.20416e-05
0.000250483
0.000327283
0.000403729
0.00047651
0.000543602
0.00060178
0.000650506
0.000686924
0.000711369
0.000717998
0.0006787
0.000627271
0.000568158
0.000504534
0.000436672
0.000366439
0.00029577
0.000225678
0.000156568
9.32284e-05
0.000288117
0.000376995
0.000462801
0.000543602
0.000618725
0.000686193
0.000743132
0.00079133
0.000829969
0.000848086
0.000794603
0.000726292
0.000654106
0.000578096
0.000499153
0.000419026
0.000339735
0.000263041
0.000188912
0.000119164
0.000319468
0.000419365
0.000513578
0.00060178
0.000686193
0.000762395
0.000833297
0.00090106
0.000962457
0.000999539
0.000926689
0.000830703
0.000737294
0.000647447
0.000556589
0.000465836
0.000377897
0.000294852
0.000216499
0.00014261
0.000343247
0.000452315
0.000553922
0.000650506
0.000743132
0.000833297
0.000925901
0.0010238
0.00111989
0.00118516
0.00108807
0.000947845
0.000820864
0.000709467
0.000605474
0.000503241
0.000406531
0.00031749
0.000235705
0.000159662
0.000358066
0.000474072
0.000581966
0.000686924
0.000791331
0.00090106
0.0010238
0.00116333
0.00130729
0.00140886
0.00129152
0.00108451
0.000907111
0.000764159
0.000641287
0.000527527
0.000421715
0.000327331
0.000243084
0.000166729
0.000362159
0.000483824
0.000598155
0.00071137
0.00082997
0.000962457
0.00111989
0.00130729
0.00150372
0.00162388
0.00152665
0.00123592
0.000991479
0.000808144
0.000661206
0.000533222
0.000419824
0.000321582
0.000235401
0.00015929
0.000357439
0.000480856
0.000598767
0.000717999
0.000848086
0.000999539
0.00118517
0.00140886
0.00162388
0.00159097
0.0016927
0.00134955
0.00104569
0.000826222
0.000657396
0.000517179
0.000399529
0.000300777
0.000216082
0.000145594
0.00034556
0.00046028
0.000569236
0.000678701
0.000794603
0.00092669
0.00108807
0.00129152
0.00152665
0.0016927
0.00151078
0.00117918
0.000930037
0.000747873
0.00060091
0.00047604
0.000370657
0.000281618
0.000204838
0.000138841
0.000325588
0.000430157
0.000529574
0.000627272
0.000726293
0.000830704
0.000947845
0.00108451
0.00123592
0.00134955
0.00117918
0.000968856
0.00079976
0.000660459
0.000537899
0.000430179
0.000337532
0.000258209
0.000189512
0.000130147
0.000299911
0.000392921
0.000482075
0.000568159
0.000654107
0.000737295
0.000820864
0.000907112
0.000991479
0.00104569
0.000930037
0.00079976
0.000681028
0.000571496
0.000470117
0.000379141
0.000299285
0.000229986
0.000169853
0.000118361
0.00026997
0.000350428
0.000428894
0.000504535
0.000578097
0.000647448
0.000709468
0.000764159
0.000808145
0.000826222
0.000747873
0.000660459
0.000571496
0.000484105
0.000401616
0.000326121
0.00025854
0.000199191
0.000147648
0.000104372
0.000236734
0.000303997
0.00037137
0.000436673
0.000499154
0.00055659
0.000605475
0.000641288
0.000661207
0.000657396
0.00060091
0.000537899
0.000470117
0.000401616
0.000335497
0.0002737
0.00021745
0.000167547
0.000124265
8.90576e-05
0.000200946
0.000254734
0.000311116
0.00036644
0.000419027
0.000465837
0.000503242
0.000527528
0.000533222
0.000517179
0.00047604
0.000430179
0.000379141
0.000326121
0.0002737
0.000223758
0.000177629
0.000136415
0.000100919
7.34294e-05
0.000163282
0.000203415
0.000249408
0.000295771
0.000339736
0.000377897
0.000406531
0.000421715
0.000419824
0.000399529
0.000370657
0.000337532
0.000299285
0.00025854
0.00021745
0.000177629
0.000140499
0.000107413
7.94917e-05
5.91893e-05
0.000124893
0.000150708
0.000186779
0.000225679
0.000263042
0.000294853
0.00031749
0.000327331
0.000321582
0.000300777
0.000281618
0.000258209
0.000229986
0.000199191
0.000167547
0.000136414
0.000107413
8.2367e-05
6.241e-05
4.86192e-05
8.8589e-05
9.92097e-05
0.000124558
0.000156568
0.000188912
0.000216499
0.000235705
0.000243084
0.000235401
0.000216082
0.000204838
0.000189512
0.000169853
0.000147648
0.000124265
0.000100919
7.94916e-05
6.24099e-05
5.04467e-05
4.22746e-05
6.05289e-05
6.10762e-05
7.2041e-05
9.32278e-05
0.000119164
0.000142609
0.000159662
0.000166729
0.00015929
0.000145594
0.000138841
0.000130147
0.000118361
0.000104372
8.90575e-05
7.34293e-05
5.91892e-05
4.86191e-05
4.22746e-05
3.86034e-05
)
;
    }
    fixedWalls
    {
        type            compressible::kqRWallFunction;
        value           nonuniform List<scalar> 
800
(
2.94653e-05
3.0248e-05
3.08879e-05
3.22592e-05
3.55917e-05
5.35977e-05
7.05027e-05
8.29646e-05
9.8092e-05
0.000117403
3.27424e-05
3.51706e-05
3.53275e-05
3.52549e-05
3.79815e-05
5.81874e-05
8.08537e-05
0.000102443
0.000128618
0.000161287
3.44816e-05
3.79719e-05
3.82661e-05
3.73849e-05
4.07706e-05
6.59029e-05
9.70712e-05
0.000130107
0.000165682
0.000207854
3.5504e-05
3.94669e-05
4.00745e-05
3.87761e-05
4.50184e-05
7.69284e-05
0.000117047
0.000159375
0.000203032
0.000250483
3.65946e-05
4.04433e-05
4.13013e-05
3.99716e-05
5.21982e-05
9.10967e-05
0.000139106
0.000188166
0.000239397
0.000288117
3.78008e-05
4.11369e-05
4.25832e-05
4.30418e-05
6.20801e-05
0.000107098
0.00016058
0.000213868
0.000272091
0.000319468
3.86686e-05
4.21557e-05
4.42644e-05
4.85227e-05
7.30629e-05
0.000121697
0.000177252
0.000232835
0.000296765
0.000343247
3.93198e-05
4.39549e-05
4.65762e-05
5.48306e-05
8.24422e-05
0.000130763
0.000185015
0.000241736
0.000308587
0.000358065
3.98257e-05
4.6061e-05
5.01033e-05
6.04447e-05
8.78787e-05
0.000131905
0.000181784
0.000236961
0.000305274
0.000362159
4.01808e-05
4.82056e-05
5.38248e-05
6.50405e-05
9.07276e-05
0.000130188
0.000176421
0.000229062
0.000295742
0.000357438
4.03203e-05
4.98635e-05
5.67074e-05
6.85273e-05
9.26194e-05
0.000129085
0.000173296
0.000224489
0.000288528
0.000345559
4.0158e-05
5.04913e-05
5.78632e-05
6.95784e-05
9.17259e-05
0.000125016
0.000166161
0.00021415
0.000273548
0.000325588
3.90025e-05
4.90429e-05
5.60544e-05
6.67671e-05
8.64587e-05
0.000116652
0.000154429
0.000198287
0.000251726
0.00029991
3.69324e-05
4.58126e-05
5.12713e-05
5.95991e-05
7.63274e-05
0.000104233
0.000139074
0.000178589
0.000225143
0.00026997
3.47361e-05
4.23308e-05
4.53452e-05
4.90907e-05
6.26276e-05
8.85436e-05
0.000121108
0.000156117
0.000195661
0.000236734
3.3306e-05
4.0091e-05
4.11019e-05
4.12817e-05
4.82581e-05
7.13585e-05
0.000101229
0.000131924
0.000164774
0.000200946
3.26661e-05
3.84696e-05
3.93921e-05
3.87422e-05
3.92049e-05
5.3867e-05
7.96295e-05
0.000106784
0.000133429
0.000163282
3.27816e-05
3.73847e-05
3.84763e-05
3.8165e-05
3.81739e-05
4.09266e-05
5.84363e-05
8.15483e-05
0.000102746
0.000124893
3.31262e-05
3.64369e-05
3.75211e-05
3.75945e-05
3.80204e-05
3.86172e-05
4.24384e-05
5.7673e-05
7.42429e-05
8.85895e-05
3.25997e-05
3.35278e-05
3.46257e-05
3.57294e-05
3.69664e-05
3.79725e-05
3.86394e-05
4.28795e-05
5.28836e-05
6.05293e-05
3.25997e-05
3.35278e-05
3.46257e-05
3.57293e-05
3.69664e-05
3.79725e-05
3.86394e-05
4.28793e-05
5.28832e-05
6.05289e-05
3.69137e-05
3.86963e-05
3.99674e-05
4.07942e-05
4.12994e-05
4.14845e-05
4.15558e-05
4.44323e-05
5.18966e-05
6.10762e-05
3.86439e-05
4.19965e-05
4.33011e-05
4.34382e-05
4.31834e-05
4.34317e-05
4.42982e-05
4.84934e-05
5.64445e-05
7.2041e-05
3.99438e-05
4.50752e-05
4.74639e-05
4.61055e-05
4.47057e-05
4.49604e-05
4.78102e-05
5.52392e-05
6.75106e-05
9.32278e-05
4.10486e-05
4.74844e-05
5.2438e-05
4.9448e-05
4.62255e-05
4.68226e-05
5.29415e-05
6.48524e-05
8.36876e-05
0.000119164
4.16395e-05
4.9212e-05
5.63024e-05
5.31345e-05
4.76994e-05
4.95091e-05
5.94903e-05
7.61645e-05
0.000101316
0.000142609
4.1731e-05
5.00312e-05
5.74615e-05
5.61799e-05
4.90979e-05
5.29362e-05
6.62554e-05
8.6515e-05
0.000115613
0.000159662
4.14082e-05
4.99671e-05
5.65438e-05
5.74908e-05
5.06819e-05
5.64122e-05
7.16162e-05
9.29315e-05
0.000122291
0.000166729
4.07625e-05
4.93566e-05
5.47363e-05
5.61433e-05
5.22565e-05
5.91918e-05
7.42831e-05
9.3566e-05
0.000118788
0.00015929
3.98672e-05
4.83641e-05
5.25065e-05
5.37156e-05
5.36362e-05
6.08493e-05
7.43054e-05
9.02471e-05
0.000110637
0.000145594
3.88298e-05
4.71564e-05
5.04562e-05
5.20025e-05
5.44157e-05
6.12009e-05
7.25352e-05
8.60618e-05
0.000104792
0.000138841
3.77307e-05
4.57681e-05
4.86775e-05
5.05955e-05
5.39483e-05
5.99727e-05
6.92683e-05
8.10791e-05
9.85724e-05
0.000130147
3.64549e-05
4.4044e-05
4.64833e-05
4.8055e-05
5.12121e-05
5.68356e-05
6.45193e-05
7.49763e-05
9.07498e-05
0.000118361
3.52053e-05
4.18205e-05
4.39577e-05
4.45201e-05
4.62983e-05
5.04725e-05
5.77945e-05
6.7574e-05
8.12705e-05
0.000104372
3.42207e-05
4.07121e-05
4.20035e-05
4.14117e-05
4.16931e-05
4.36116e-05
4.8644e-05
5.84966e-05
7.03949e-05
8.90575e-05
3.36173e-05
4.10886e-05
4.23462e-05
4.0468e-05
4.03157e-05
4.10521e-05
4.2711e-05
4.87444e-05
5.91976e-05
7.34293e-05
3.37467e-05
4.1189e-05
4.2623e-05
4.16246e-05
4.12898e-05
4.15827e-05
4.11426e-05
4.26027e-05
4.92051e-05
5.91892e-05
3.4636e-05
4.04695e-05
4.21826e-05
4.18612e-05
4.18567e-05
4.17869e-05
4.09385e-05
4.0039e-05
4.26619e-05
4.86191e-05
3.52984e-05
3.93072e-05
4.10079e-05
4.13337e-05
4.14482e-05
4.07717e-05
3.94058e-05
3.86688e-05
3.96202e-05
4.22746e-05
3.45136e-05
3.65762e-05
3.83384e-05
3.96399e-05
4.0057e-05
3.87653e-05
3.65158e-05
3.69712e-05
3.75153e-05
3.86034e-05
2.94653e-05
3.0248e-05
3.08879e-05
3.22592e-05
3.55917e-05
5.35977e-05
7.05027e-05
8.29646e-05
9.8092e-05
0.000117403
3.27424e-05
3.51706e-05
3.53275e-05
3.52549e-05
3.79815e-05
5.81874e-05
8.08536e-05
0.000102443
0.000128618
0.000161287
3.44816e-05
3.79718e-05
3.82661e-05
3.73849e-05
4.07706e-05
6.59029e-05
9.70712e-05
0.000130107
0.000165682
0.000207854
3.55039e-05
3.94668e-05
4.00744e-05
3.87761e-05
4.50184e-05
7.69284e-05
0.000117047
0.000159375
0.000203032
0.000250483
3.65945e-05
4.0443e-05
4.13011e-05
3.99716e-05
5.21982e-05
9.10967e-05
0.000139106
0.000188166
0.000239398
0.000288117
3.78007e-05
4.11366e-05
4.25829e-05
4.30418e-05
6.20801e-05
0.000107098
0.000160581
0.000213868
0.000272091
0.000319468
3.86685e-05
4.21554e-05
4.42641e-05
4.85227e-05
7.3063e-05
0.000121697
0.000177252
0.000232836
0.000296765
0.000343247
3.93198e-05
4.39547e-05
4.6576e-05
5.48306e-05
8.24423e-05
0.000130763
0.000185015
0.000241736
0.000308587
0.000358066
3.98257e-05
4.60609e-05
5.01032e-05
6.04448e-05
8.78789e-05
0.000131905
0.000181784
0.000236961
0.000305275
0.000362159
4.01808e-05
4.82056e-05
5.38247e-05
6.50406e-05
9.07278e-05
0.000130188
0.000176421
0.000229062
0.000295743
0.000357439
4.03203e-05
4.98635e-05
5.67074e-05
6.85274e-05
9.26196e-05
0.000129085
0.000173296
0.000224489
0.000288528
0.00034556
4.0158e-05
5.04913e-05
5.78633e-05
6.95785e-05
9.17261e-05
0.000125016
0.000166161
0.00021415
0.000273549
0.000325588
3.90025e-05
4.90429e-05
5.60544e-05
6.67672e-05
8.64588e-05
0.000116652
0.00015443
0.000198288
0.000251726
0.000299911
3.69324e-05
4.58126e-05
5.12714e-05
5.95992e-05
7.63275e-05
0.000104234
0.000139074
0.00017859
0.000225144
0.00026997
3.47361e-05
4.23307e-05
4.53453e-05
4.90908e-05
6.26277e-05
8.85437e-05
0.000121108
0.000156117
0.000195661
0.000236734
3.3306e-05
4.00909e-05
4.11019e-05
4.12817e-05
4.82581e-05
7.13584e-05
0.000101229
0.000131924
0.000164774
0.000200946
3.2666e-05
3.84695e-05
3.9392e-05
3.87422e-05
3.92049e-05
5.38669e-05
7.96294e-05
0.000106784
0.000133429
0.000163282
3.27816e-05
3.73846e-05
3.84763e-05
3.8165e-05
3.81739e-05
4.09266e-05
5.84361e-05
8.1548e-05
0.000102745
0.000124893
3.31262e-05
3.64369e-05
3.75211e-05
3.75945e-05
3.80204e-05
3.86172e-05
4.24382e-05
5.76726e-05
7.42425e-05
8.8589e-05
3.25997e-05
3.35278e-05
3.46257e-05
3.57293e-05
3.69664e-05
3.79725e-05
3.86394e-05
4.28793e-05
5.28832e-05
6.05289e-05
3.25997e-05
3.35278e-05
3.46257e-05
3.57294e-05
3.69664e-05
3.79725e-05
3.86394e-05
4.28795e-05
5.28836e-05
6.05293e-05
3.69137e-05
3.86963e-05
3.99675e-05
4.07942e-05
4.12994e-05
4.14845e-05
4.15558e-05
4.44324e-05
5.18969e-05
6.10766e-05
3.86439e-05
4.19964e-05
4.33011e-05
4.34382e-05
4.31834e-05
4.34317e-05
4.42983e-05
4.84936e-05
5.64449e-05
7.20416e-05
3.99437e-05
4.50752e-05
4.74639e-05
4.61055e-05
4.47057e-05
4.49604e-05
4.78103e-05
5.52395e-05
6.75111e-05
9.32284e-05
4.10486e-05
4.74844e-05
5.2438e-05
4.94479e-05
4.62255e-05
4.68227e-05
5.29416e-05
6.48528e-05
8.36881e-05
0.000119164
4.16395e-05
4.9212e-05
5.63024e-05
5.31344e-05
4.76994e-05
4.95092e-05
5.94905e-05
7.61649e-05
0.000101316
0.00014261
4.1731e-05
5.00312e-05
5.74615e-05
5.61798e-05
4.90979e-05
5.29363e-05
6.62556e-05
8.65154e-05
0.000115614
0.000159662
4.14082e-05
4.99671e-05
5.65438e-05
5.74907e-05
5.06818e-05
5.64124e-05
7.16165e-05
9.29319e-05
0.000122292
0.000166729
4.07625e-05
4.93566e-05
5.47364e-05
5.61433e-05
5.22565e-05
5.9192e-05
7.42834e-05
9.35663e-05
0.000118788
0.00015929
3.98672e-05
4.83641e-05
5.25066e-05
5.37157e-05
5.36363e-05
6.08495e-05
7.43056e-05
9.02474e-05
0.000110637
0.000145594
3.88299e-05
4.71565e-05
5.04563e-05
5.20026e-05
5.44157e-05
6.12011e-05
7.25354e-05
8.6062e-05
0.000104792
0.000138841
3.77307e-05
4.57682e-05
4.86776e-05
5.05956e-05
5.39484e-05
5.99728e-05
6.92685e-05
8.10793e-05
9.85726e-05
0.000130147
3.64549e-05
4.4044e-05
4.64834e-05
4.8055e-05
5.12122e-05
5.68358e-05
6.45194e-05
7.49765e-05
9.075e-05
0.000118361
3.52053e-05
4.18205e-05
4.39577e-05
4.45202e-05
4.62984e-05
5.04726e-05
5.77946e-05
6.75742e-05
8.12707e-05
0.000104372
3.42206e-05
4.0712e-05
4.20035e-05
4.14117e-05
4.16932e-05
4.36117e-05
4.86441e-05
5.84968e-05
7.0395e-05
8.90576e-05
3.36173e-05
4.10885e-05
4.2346e-05
4.04679e-05
4.03156e-05
4.10521e-05
4.27111e-05
4.87446e-05
5.91977e-05
7.34294e-05
3.37466e-05
4.1189e-05
4.26229e-05
4.16245e-05
4.12897e-05
4.15826e-05
4.11426e-05
4.26028e-05
4.92052e-05
5.91893e-05
3.4636e-05
4.04695e-05
4.21825e-05
4.18612e-05
4.18567e-05
4.17869e-05
4.09384e-05
4.0039e-05
4.26619e-05
4.86192e-05
3.52984e-05
3.93071e-05
4.10079e-05
4.13337e-05
4.14482e-05
4.07717e-05
3.94058e-05
3.86688e-05
3.96202e-05
4.22746e-05
3.45136e-05
3.65762e-05
3.83384e-05
3.96399e-05
4.0057e-05
3.87653e-05
3.65158e-05
3.69712e-05
3.75153e-05
3.86034e-05
)
;
    }
}


// ************************************************************************* //
