/*--------------------------------*- C++ -*----------------------------------*\
| =========                 |                                                 |
| \\      /  F ield         | OpenFOAM: The Open Source CFD Toolbox           |
|  \\    /   O peration     | Version:  1.7.1                                 |
|   \\  /    A nd           | Web:      www.OpenFOAM.com                      |
|    \\/     M anipulation  |                                                 |
\*---------------------------------------------------------------------------*/
FoamFile
{
    version     2.0;
    format      ascii;
    class       volScalarField;
    location    "400";
    object      mut;
}
// * * * * * * * * * * * * * * * * * * * * * * * * * * * * * * * * * * * * * //

dimensions      [1 -1 -1 0 0 0 0];

internalField   nonuniform List<scalar> 
4000
(
0.000348938
0.000367168
0.000376086
0.000381217
0.000387079
0.000393285
0.000397583
0.000400965
0.000403735
0.000405857
0.000406927
0.000405978
0.000399338
0.000387619
0.000375902
0.000368166
0.000365182
0.000366957
0.000369825
0.000366361
0.000352549
0.000379359
0.000393531
0.000401023
0.000406069
0.000409787
0.000415567
0.000424854
0.000435404
0.000445802
0.00045356
0.000455518
0.000447659
0.000431741
0.000414966
0.000404044
0.000396134
0.000391064
0.000386481
0.00037014
0.000355114
0.000379618
0.000394589
0.000403512
0.000409749
0.000417198
0.000426548
0.000439316
0.000456394
0.000472953
0.000484966
0.000488412
0.000478504
0.000455296
0.000428724
0.000409139
0.000400381
0.000395841
0.000390903
0.000375141
0.000361404
0.000378188
0.000389612
0.00039714
0.000405443
0.000425008
0.000453297
0.000482431
0.000505998
0.000523662
0.000536015
0.000537852
0.000523791
0.000490717
0.000442898
0.000410057
0.000398053
0.000394166
0.000390352
0.000380165
0.000381188
0.000395615
0.000413623
0.000439928
0.000477344
0.000521252
0.000564445
0.000597382
0.000613877
0.000620889
0.000625331
0.000620152
0.000599157
0.000559875
0.000505007
0.000441948
0.000399672
0.000393518
0.000391784
0.000385815
0.000481475
0.00050309
0.000537645
0.000582165
0.000633373
0.000685018
0.00072726
0.000750486
0.000750324
0.00074268
0.000738588
0.000725874
0.000700193
0.000661163
0.000609357
0.000547877
0.000476662
0.000412163
0.000394194
0.000390236
0.000549841
0.000592095
0.00065183
0.000716397
0.000779821
0.000835142
0.00087388
0.000889584
0.000879276
0.000864157
0.00085664
0.000838944
0.000809087
0.000768424
0.000717976
0.000657992
0.000586148
0.000502595
0.000421421
0.000394189
0.000598423
0.000669268
0.000755355
0.000834436
0.000903983
0.000960198
0.000998246
0.00101463
0.00100392
0.000985474
0.000976346
0.000954422
0.000919261
0.000873698
0.000818385
0.000753981
0.000679927
0.000594833
0.00049912
0.00042303
0.000653125
0.000750081
0.000850579
0.000939296
0.0010169
0.00108048
0.00112476
0.00114443
0.00113863
0.00112056
0.00110717
0.0010794
0.00103715
0.000982685
0.000918023
0.000844519
0.000761853
0.000668964
0.000566392
0.000471284
0.000715212
0.000838713
0.000949683
0.00103921
0.00111114
0.0011669
0.00120697
0.00123116
0.00123838
0.0012311
0.00121063
0.0011764
0.00113097
0.00107537
0.00100968
0.000933148
0.000843952
0.000739612
0.000620834
0.000505897
0.000367168
0.000396503
0.000411074
0.000419264
0.000427488
0.000441873
0.000462349
0.000479112
0.000491031
0.000499563
0.000505259
0.000505848
0.000495243
0.00047149
0.00044673
0.000426837
0.000416767
0.00041481
0.000409801
0.000389035
0.000379359
0.000647521
0.000762393
0.000862482
0.000992812
0.0011724
0.00132883
0.00142237
0.00147053
0.00149371
0.00149898
0.00148527
0.00145988
0.00142539
0.00130019
0.00109416
0.000895877
0.000747279
0.000638988
0.000396679
0.000379618
0.000735023
0.000923664
0.00108714
0.00125355
0.00142772
0.00153994
0.001569
0.00155067
0.00151991
0.00148686
0.00145317
0.00142001
0.00139862
0.00139999
0.00133217
0.00115285
0.000936343
0.000740138
0.000402094
0.000378188
0.000677016
0.000863013
0.00102105
0.0011649
0.00126322
0.001286
0.00126934
0.00125173
0.00124728
0.00124979
0.00124284
0.00120729
0.00114939
0.00113465
0.0011963
0.00116324
0.000994648
0.00077632
0.00040564
0.000395615
0.000601658
0.000718047
0.000797934
0.000844028
0.000869774
0.000898087
0.000940051
0.000996485
0.00106119
0.00111871
0.00114149
0.0010995
0.0010076
0.000930328
0.000936621
0.000999195
0.000926756
0.000749385
0.000407441
0.00050309
0.000667255
0.000739839
0.000790363
0.000842558
0.000907033
0.000982627
0.00105957
0.00112693
0.00118664
0.0012336
0.00123371
0.00115891
0.00104199
0.00092884
0.000847724
0.000814489
0.000808144
0.000696481
0.000407746
0.000592095
0.000743871
0.000843368
0.000953031
0.0010917
0.0012524
0.00140834
0.00152162
0.00156882
0.00157433
0.00156229
0.00150068
0.00137852
0.00122598
0.00107421
0.000941864
0.000837934
0.000756606
0.000657416
0.000408719
0.000669268
0.000817506
0.000958275
0.0011476
0.0013972
0.00167386
0.00192192
0.00206554
0.00210371
0.00205833
0.00197619
0.00185002
0.00167915
0.00147435
0.00126982
0.00108501
0.000935082
0.000804444
0.000666541
0.000426907
0.000750081
0.000934793
0.00112292
0.00136907
0.00167724
0.00198847
0.00223444
0.00237202
0.00240976
0.00234995
0.00223296
0.00207845
0.00188459
0.00165824
0.00142232
0.0012035
0.00102272
0.000861951
0.000695321
0.00046464
0.000838713
0.000966105
0.00108482
0.00118478
0.00126784
0.00133383
0.00138261
0.001414
0.00142845
0.00142523
0.00139502
0.00135036
0.00129297
0.00122388
0.00114316
0.00105017
0.00094253
0.000814816
0.000660759
0.000508247
0.000376087
0.000411075
0.000430128
0.000441748
0.000452677
0.000467092
0.000492105
0.000519998
0.00054105
0.000555967
0.000565637
0.000566698
0.00055041
0.00051391
0.000481292
0.000459232
0.000451902
0.000446846
0.00043193
0.000398776
0.000393531
0.000762394
0.000929657
0.00107436
0.00123986
0.00146944
0.00174285
0.00193253
0.00205108
0.00212397
0.00215827
0.00214438
0.00208699
0.00198741
0.00167699
0.0013351
0.00107884
0.000932236
0.000820268
0.000414155
0.000394589
0.000923665
0.0012099
0.00145449
0.00169251
0.00194575
0.00216073
0.00227285
0.00231978
0.00233261
0.00231613
0.00226357
0.00218751
0.00212403
0.00203955
0.00181265
0.00149454
0.00119123
0.000939146
0.000419392
0.000389612
0.000863014
0.00117001
0.00142814
0.0016634
0.00186773
0.00197936
0.00202083
0.00203797
0.00205445
0.00205755
0.0020139
0.00190974
0.00179597
0.00175793
0.00176104
0.00159703
0.00129584
0.000964595
0.000418817
0.000413623
0.000718047
0.000932872
0.00110354
0.00123289
0.00131983
0.00139234
0.00147198
0.00157814
0.00170711
0.00181266
0.00182395
0.00169411
0.00150874
0.00138973
0.00140627
0.00143122
0.00124458
0.000926852
0.00041677
0.000537645
0.000739839
0.000847708
0.000923248
0.000986769
0.00105366
0.00114278
0.00127311
0.00145448
0.0016668
0.00183531
0.00185293
0.0016697
0.00142563
0.00123462
0.00113494
0.00111593
0.00107109
0.000845517
0.000417714
0.00065183
0.000843368
0.000967188
0.00109592
0.00125077
0.00143132
0.00162313
0.00181314
0.00199119
0.00214977
0.00223745
0.00215123
0.00189164
0.0015885
0.00132843
0.00114169
0.00102077
0.000929388
0.000777082
0.000423338
0.000755355
0.000958275
0.00114945
0.00143311
0.00181025
0.00221432
0.0025653
0.00281968
0.00295769
0.00298498
0.00291003
0.00268963
0.00235989
0.00198006
0.00161405
0.00131259
0.00109139
0.000923483
0.000755946
0.000445968
0.000850579
0.00112292
0.00144924
0.00194427
0.00253963
0.00308052
0.00346283
0.00369636
0.0037892
0.0037066
0.00356869
0.00325801
0.00290247
0.00247227
0.00201112
0.00158404
0.00124764
0.00098598
0.000769399
0.000485116
0.000949683
0.00108482
0.00120718
0.00131236
0.00140139
0.00147299
0.00152735
0.00156426
0.00158577
0.00158796
0.00154944
0.00149661
0.00143053
0.00135231
0.00126172
0.00115869
0.00104188
0.000906358
0.000742515
0.000556345
0.000381218
0.000419265
0.000441749
0.000456645
0.000470289
0.000487734
0.000513495
0.00055082
0.000581375
0.000602669
0.000614889
0.000613788
0.000587957
0.000536907
0.000503148
0.000489768
0.000484023
0.000472544
0.000450908
0.000406441
0.000401024
0.000862484
0.00107436
0.00126534
0.00146727
0.00172338
0.00205824
0.00231283
0.00247712
0.00258956
0.00265132
0.00264005
0.00255179
0.00236069
0.00192255
0.00155999
0.0013442
0.00123419
0.00108117
0.000430091
0.000403513
0.00108714
0.00145449
0.0017711
0.00207167
0.00237777
0.00266092
0.00284189
0.00295092
0.00301712
0.00303101
0.00296263
0.00282927
0.00269562
0.00249912
0.00217532
0.00181919
0.00151262
0.00121152
0.000441151
0.00039714
0.00102105
0.00142814
0.0017666
0.0020763
0.00236282
0.00256712
0.00270429
0.00280632
0.00288332
0.00290076
0.00279732
0.00258103
0.00238061
0.00227902
0.00218915
0.00193961
0.00158404
0.00118302
0.000432725
0.000439928
0.000797935
0.00110354
0.00136389
0.00158715
0.00178445
0.00197641
0.00217601
0.00239484
0.00260693
0.00272751
0.00264532
0.00234124
0.0020295
0.00184726
0.00182004
0.00176816
0.00148782
0.00107759
0.000424928
0.000582165
0.000790363
0.000923248
0.00104085
0.00115397
0.00127416
0.00144807
0.00172685
0.00211148
0.00250847
0.00275364
0.00267862
0.00228294
0.00186768
0.00157718
0.00143471
0.00138276
0.00125871
0.000939763
0.000426071
0.000716397
0.000953032
0.00109592
0.00123968
0.00140469
0.00160857
0.00188576
0.0022441
0.00264558
0.00300461
0.00317764
0.0029921
0.00250723
0.00200595
0.00160832
0.00134416
0.0011816
0.00104974
0.000837512
0.000441986
0.000834436
0.00114761
0.00143311
0.00183132
0.00231896
0.00282386
0.0032628
0.00358904
0.0038094
0.00392993
0.00391069
0.00362498
0.00311981
0.00255859
0.00201653
0.00157048
0.00124626
0.00101631
0.000807644
0.000478375
0.000939296
0.00136907
0.00194427
0.0027418
0.00355668
0.00417304
0.00444616
0.00449135
0.00445468
0.00437255
0.00430569
0.00417887
0.00390993
0.00338284
0.00273156
0.00207446
0.00152504
0.00112306
0.000836466
0.000535101
0.00103921
0.00118478
0.00131236
0.00142211
0.00151545
0.00159155
0.00165278
0.00169738
0.00172725
0.00173683
0.00169043
0.0016276
0.0015517
0.00146517
0.00136632
0.00125526
0.00113201
0.000993579
0.000831268
0.000639507
0.000387079
0.000427489
0.000452678
0.00047029
0.000485014
0.00050386
0.000533893
0.000580481
0.000620469
0.000647273
0.000659387
0.000653148
0.000616907
0.000552738
0.000532547
0.000525975
0.000515058
0.000499782
0.000471781
0.000412005
0.000406071
0.000992818
0.00123987
0.00146727
0.00169927
0.00197194
0.00233179
0.00262882
0.00281854
0.00295773
0.00304324
0.0030397
0.00292575
0.00266045
0.00220435
0.00189652
0.00173719
0.00160934
0.0013191
0.000443209
0.00040975
0.00125356
0.00169251
0.00207167
0.00242786
0.00277432
0.00308918
0.00331287
0.00346527
0.00357487
0.00362745
0.00356058
0.00337549
0.00316395
0.00288872
0.00254055
0.00220466
0.00190832
0.00151849
0.000465121
0.000405443
0.0011649
0.00166341
0.0020763
0.00246091
0.00281749
0.00310431
0.00333154
0.00351078
0.00364193
0.00368185
0.00352703
0.00319723
0.00289867
0.00271746
0.00255625
0.00226977
0.00189482
0.00142594
0.000450289
0.000477344
0.000844028
0.00123289
0.00158715
0.00191502
0.00225846
0.002623
0.00299153
0.00333567
0.0036065
0.00370834
0.0034848
0.00298161
0.00252955
0.00227057
0.00217499
0.0020539
0.00170905
0.0012263
0.000433028
0.000633373
0.000842558
0.000986769
0.00115398
0.0013557
0.00161776
0.00202952
0.00259864
0.0032026
0.00368759
0.00388545
0.00359178
0.0029282
0.00232494
0.00192949
0.0017257
0.00160804
0.00139748
0.00100129
0.000436533
0.000779821
0.0010917
0.00125077
0.00140469
0.00160667
0.00194679
0.00246065
0.00311848
0.00377078
0.0042387
0.00436068
0.00392891
0.00315863
0.00244611
0.00190716
0.0015502
0.00132347
0.00113126
0.000867369
0.000467467
0.000903983
0.0013972
0.00181025
0.00231896
0.00289369
0.00344944
0.00398222
0.00444758
0.00479679
0.00496057
0.00489491
0.00447185
0.00381535
0.00311599
0.0024413
0.0018546
0.00141501
0.00110602
0.000850148
0.000522159
0.0010169
0.00167724
0.00253963
0.00355668
0.00437741
0.00474835
0.00495114
0.00503499
0.00504951
0.00498339
0.00487128
0.00469134
0.00447176
0.00411301
0.00345082
0.00262668
0.0018615
0.00129018
0.000913956
0.000600732
0.00111114
0.00126784
0.00140139
0.00151545
0.00161383
0.00169706
0.00176462
0.0018203
0.00186421
0.00188621
0.00182845
0.00175027
0.00166352
0.00156722
0.00145917
0.0013402
0.00121053
0.00106936
0.000909943
0.000723201
0.000393286
0.000441874
0.000467093
0.000487735
0.00050386
0.000517193
0.000545573
0.000602037
0.000649767
0.000682988
0.000694317
0.000682594
0.000643738
0.000589834
0.000575293
0.000562992
0.000547457
0.000525897
0.000486192
0.000414674
0.000409789
0.0011724
0.00146944
0.00172338
0.00197194
0.00223431
0.00256112
0.00282747
0.00303349
0.00320483
0.00332611
0.00334741
0.00323761
0.00298331
0.00256981
0.00232836
0.00214963
0.00190676
0.00148191
0.000452192
0.0004172
0.00142773
0.00194575
0.00237777
0.00277432
0.0031372
0.00343117
0.0036566
0.00383128
0.00397632
0.00407551
0.00404182
0.00385114
0.00358116
0.00326524
0.00292981
0.00261809
0.00228744
0.00177344
0.000482213
0.000425008
0.00126323
0.00186773
0.00236282
0.00281749
0.00323189
0.00359559
0.00390453
0.00413852
0.00428632
0.00432585
0.00414911
0.00376987
0.00338401
0.00311198
0.00289355
0.00259155
0.00219975
0.00165816
0.000468351
0.000521251
0.000869774
0.00131983
0.00178445
0.00225846
0.00278144
0.00333544
0.00387193
0.00431524
0.00457829
0.00458676
0.00423831
0.00360589
0.00301668
0.00266248
0.00248421
0.0022994
0.00191021
0.00136047
0.00044092
0.000685018
0.000907033
0.00105366
0.00127416
0.00161776
0.00216153
0.00293586
0.00378616
0.00451935
0.00496121
0.0049634
0.0044458
0.00357085
0.00278026
0.00227445
0.00199551
0.00179606
0.00149934
0.00103569
0.000450685
0.000835142
0.0012524
0.00143132
0.00160857
0.00194679
0.00255495
0.00344603
0.00440081
0.00514616
0.00554328
0.00546362
0.00481342
0.00379105
0.00287097
0.00220568
0.0017564
0.00145261
0.00119221
0.000886767
0.000497668
0.000960197
0.00167386
0.00221432
0.00282386
0.00344945
0.00413391
0.00484501
0.00545814
0.00581096
0.00592851
0.00574199
0.00518683
0.00437177
0.0035703
0.00282314
0.00213921
0.00159266
0.00120191
0.000896601
0.000568775
0.00108048
0.00198848
0.00308052
0.00417304
0.00474835
0.00511297
0.00536479
0.00552403
0.00562004
0.00559237
0.00539462
0.00507602
0.0047848
0.00447891
0.00398736
0.0031459
0.00221163
0.00147085
0.000992113
0.000662441
0.0011669
0.00133383
0.00147299
0.00159155
0.00169706
0.00178709
0.00186726
0.00194107
0.00200606
0.00204622
0.00197438
0.00187163
0.0017651
0.00165663
0.00153964
0.00141132
0.00127438
0.00112911
0.000970553
0.000788766
0.000397583
0.000462349
0.000492105
0.000513496
0.000533893
0.000545573
0.000553551
0.000596833
0.000649781
0.000700866
0.000718128
0.000711357
0.00068603
0.000653006
0.000625551
0.000601898
0.000575093
0.000541831
0.000493909
0.000414703
0.000415568
0.00132883
0.00174286
0.00205824
0.00233178
0.00256111
0.00267205
0.00280021
0.00303482
0.00327499
0.00347774
0.00356394
0.00348668
0.00326208
0.00294847
0.00267849
0.00241395
0.00208908
0.00157354
0.000455711
0.000426549
0.00153995
0.00216074
0.00266093
0.00308918
0.00343117
0.00367365
0.00384723
0.00401672
0.00419339
0.00435841
0.004393
0.00425513
0.00397691
0.00362989
0.0032897
0.00295484
0.00254524
0.00191726
0.000487255
0.000453297
0.001286
0.00197937
0.00256713
0.00310432
0.00359559
0.00405254
0.00443191
0.00468437
0.00483584
0.0048433
0.00463637
0.00428879
0.00386373
0.00349773
0.00319832
0.00287449
0.00245203
0.00183668
0.000482027
0.000564444
0.000898088
0.00139234
0.00197642
0.002623
0.00333544
0.00409783
0.00481483
0.00531116
0.00553162
0.00537965
0.00486829
0.00420839
0.00352834
0.00305083
0.00276926
0.00250682
0.00207912
0.00146708
0.000448164
0.000727259
0.000982627
0.00114278
0.00144807
0.00202953
0.00293586
0.00404377
0.00512851
0.00589748
0.0062095
0.00593396
0.00517587
0.00421425
0.00326858
0.00262463
0.00224866
0.00195647
0.00157484
0.00105247
0.000467112
0.00087388
0.00140834
0.00162313
0.00188576
0.00246065
0.00344603
0.00467645
0.00576374
0.0064824
0.00672785
0.00637177
0.00553597
0.00440851
0.00329541
0.00249811
0.0019621
0.00157785
0.00124761
0.000906432
0.000526407
0.000998245
0.00192192
0.00256531
0.0032628
0.00398223
0.00484501
0.00572651
0.00635276
0.00672759
0.00681962
0.00647141
0.00575285
0.00479981
0.00388896
0.00310203
0.00238248
0.00176073
0.00129811
0.000945755
0.000606953
0.00112476
0.00223444
0.00346283
0.00444615
0.00495114
0.00536479
0.00570205
0.00599906
0.00624333
0.0062924
0.00599344
0.00542417
0.00496039
0.00460841
0.00419848
0.00351922
0.00250036
0.00162435
0.00105655
0.000706524
0.00120697
0.00138261
0.00152735
0.00165278
0.00176462
0.00186726
0.00196717
0.0020677
0.00216266
0.00222682
0.00213999
0.002
0.00186275
0.00173335
0.00160414
0.00146576
0.00132015
0.00116935
0.00100961
0.000831568
0.000400965
0.000479112
0.000519999
0.00055082
0.000580481
0.000602037
0.000596832
0.000600922
0.000648841
0.000716277
0.000739368
0.000747406
0.000740638
0.000715349
0.000674475
0.000630583
0.000590189
0.000549297
0.000496901
0.000412588
0.000424855
0.00142237
0.00193253
0.00231284
0.00262882
0.00282747
0.00280021
0.00265641
0.00274171
0.00309894
0.00349359
0.00369195
0.00368982
0.00349688
0.00319968
0.00288387
0.00255937
0.0021792
0.00160908
0.000454649
0.000439317
0.00156901
0.00227286
0.0028419
0.00331288
0.00365661
0.00384724
0.00385934
0.00393063
0.00421779
0.00451604
0.00461248
0.00455406
0.00431628
0.00394844
0.00354211
0.00313884
0.00265583
0.00195231
0.000483259
0.000482431
0.00126935
0.00202083
0.0027043
0.00333154
0.00390453
0.00443191
0.00476924
0.00497126
0.00530468
0.00540119
0.0050552
0.00468641
0.0042958
0.00386397
0.00346297
0.00307168
0.00259855
0.00191537
0.000486765
0.000597381
0.000940051
0.00147198
0.00217602
0.00299154
0.00387194
0.00481483
0.00557121
0.00600058
0.00640035
0.00628681
0.00551491
0.00471855
0.00403575
0.00344847
0.00303554
0.0026789
0.00220457
0.001536
0.000455528
0.000750485
0.00105957
0.00127311
0.00172686
0.00259865
0.00378617
0.00512851
0.00625805
0.00688929
0.00726401
0.00697398
0.00592951
0.00479277
0.00379765
0.00300572
0.00249897
0.00210211
0.00163834
0.00106536
0.000482507
0.000889584
0.00152162
0.00181314
0.00224411
0.00311848
0.00440081
0.00576374
0.00684935
0.00743803
0.00772699
0.00738131
0.00623525
0.0049602
0.00375085
0.00280492
0.00217292
0.0017068
0.00130592
0.000928773
0.000547195
0.00101463
0.00206554
0.00281968
0.00358904
0.00444758
0.00545814
0.00635276
0.00706609
0.00752517
0.00772625
0.0074184
0.00634831
0.00515282
0.00408124
0.00325313
0.00254086
0.00189566
0.00138086
0.000987123
0.000627976
0.00114442
0.00237202
0.00369636
0.00449135
0.00503499
0.00552403
0.00599906
0.00651568
0.00696386
0.00713922
0.00683522
0.00587695
0.00508302
0.00458812
0.00416424
0.00359125
0.00265183
0.00170035
0.00108118
0.000724476
0.00123115
0.001414
0.00156426
0.00169738
0.0018203
0.00194107
0.00206769
0.00220327
0.00233674
0.00242814
0.00233361
0.00214167
0.00195995
0.00179996
0.00165066
0.00150022
0.00134403
0.00118634
0.00102349
0.000847879
0.000403735
0.000491032
0.00054105
0.000581375
0.00062047
0.000649767
0.000649779
0.00064884
0.000679289
0.000761665
0.000798267
0.000791674
0.000789711
0.000760665
0.00070585
0.000647871
0.000597913
0.000552218
0.000497136
0.000408883
0.000435404
0.00147054
0.00205109
0.00247712
0.00281855
0.00303349
0.00303481
0.00274171
0.00253655
0.00287255
0.00337761
0.00372255
0.0038177
0.00366722
0.0033678
0.00300619
0.00262883
0.00221108
0.00161232
0.000450923
0.000456394
0.00155068
0.00231978
0.00295092
0.00346528
0.00383128
0.00401672
0.00393063
0.00381385
0.0043754
0.00483797
0.00476325
0.00467561
0.00450166
0.00414885
0.00370059
0.0032112
0.00266299
0.00191324
0.000474485
0.000505998
0.00125173
0.00203797
0.00280633
0.00351078
0.00413853
0.00468437
0.00497126
0.00503101
0.00569572
0.00601662
0.0055692
0.00492498
0.00453954
0.00412122
0.00365177
0.00316789
0.00262568
0.00188318
0.000479795
0.000613876
0.000996486
0.00157814
0.00239484
0.00333568
0.00431525
0.00531116
0.00600058
0.00618259
0.00669831
0.00701863
0.00634485
0.00512626
0.00438063
0.00378502
0.00326051
0.00279865
0.00226538
0.00154821
0.000462941
0.000750323
0.00112693
0.00145448
0.00211148
0.00320261
0.00451935
0.00589748
0.00688929
0.00710722
0.00739698
0.00778248
0.00691693
0.00529679
0.00422294
0.00338287
0.00274663
0.00223871
0.00169802
0.00108183
0.000493937
0.000879275
0.00156882
0.00199119
0.00264559
0.00377079
0.00514617
0.0064824
0.00743803
0.00766159
0.00781029
0.0082293
0.00715232
0.00539879
0.00414623
0.00312534
0.00239528
0.00184463
0.00137119
0.000952722
0.000556144
0.00100392
0.00210371
0.00295769
0.0038094
0.00479679
0.00581096
0.00672759
0.00752517
0.00789746
0.00801032
0.00834312
0.00707631
0.00539447
0.00418018
0.00329742
0.00260894
0.001986
0.00144135
0.00101219
0.000627928
0.00113863
0.00240975
0.0037892
0.00445468
0.00504951
0.00562004
0.00624333
0.00696386
0.00755733
0.00775021
0.00775959
0.00642519
0.00519239
0.00448317
0.00397837
0.00340732
0.00263279
0.00169604
0.00105656
0.000711568
0.00123838
0.00142844
0.00158577
0.00172725
0.00186421
0.00200605
0.00216266
0.00233674
0.00250927
0.00260974
0.00254129
0.0022908
0.00205278
0.00185392
0.00167819
0.00150951
0.00134215
0.00117698
0.00100856
0.000828412
0.000405857
0.000499564
0.000555967
0.00060267
0.000647273
0.000682988
0.000700865
0.000716276
0.000761665
0.00077954
0.000832592
0.000851838
0.000822304
0.000780313
0.00071808
0.000655592
0.000601629
0.000553101
0.00049594
0.000404051
0.000445803
0.00149371
0.00212398
0.00258956
0.00295774
0.00320484
0.00327499
0.00309893
0.00287255
0.00179897
0.00228968
0.00382478
0.00374965
0.00368082
0.00340381
0.0030355
0.00264456
0.00220953
0.00159821
0.000445619
0.000472953
0.00151992
0.00233262
0.00301712
0.00357487
0.00397632
0.00419339
0.00421779
0.0043754
0.00269918
0.00363903
0.00528905
0.00453531
0.00442486
0.00415053
0.00370036
0.00318869
0.00260399
0.00183067
0.000463657
0.000523661
0.00124728
0.00205446
0.00288332
0.00364194
0.00428633
0.00483585
0.00530468
0.00569572
0.00352207
0.00499686
0.00637969
0.00495733
0.00450502
0.00416749
0.00368285
0.00315498
0.00255307
0.00177163
0.000468097
0.000620889
0.00106119
0.00170711
0.00260693
0.00360651
0.0045783
0.00553163
0.00640035
0.00669831
0.00439169
0.00632214
0.00718698
0.00529587
0.00446327
0.00394046
0.00337586
0.00283753
0.00224753
0.00150113
0.000468794
0.000742679
0.00118664
0.00166681
0.00250847
0.0036876
0.00496122
0.0062095
0.00726402
0.00739698
0.00529104
0.00746944
0.00767275
0.0054896
0.00439124
0.00362828
0.00294062
0.00235018
0.00174916
0.00110166
0.000500207
0.000864156
0.00157433
0.00214977
0.00300462
0.0042387
0.00554329
0.00672785
0.00772699
0.0078103
0.00614912
0.00825537
0.007753
0.00551087
0.00430896
0.00336611
0.00259898
0.00198088
0.00144057
0.000976006
0.000554782
0.000985473
0.00205833
0.00298499
0.00392994
0.00496057
0.00592851
0.00681962
0.00772625
0.00801032
0.00693231
0.0085893
0.00744782
0.00534704
0.00412794
0.00328286
0.00262861
0.00202907
0.0014705
0.00101856
0.000614528
0.00112056
0.00234995
0.0037066
0.00437255
0.00498339
0.00559237
0.0062924
0.00713922
0.00775021
0.00733016
0.00811622
0.00665946
0.00513465
0.00431054
0.00375078
0.00315852
0.00247156
0.00161176
0.00102056
0.00068461
0.0012311
0.00142522
0.00158796
0.00173683
0.00188621
0.00204622
0.00222682
0.00242814
0.00260974
0.00257925
0.00267999
0.00240181
0.00211513
0.00188034
0.00167857
0.00149072
0.00131283
0.00114162
0.000968301
0.000791057
0.000406927
0.000505259
0.000565638
0.000614889
0.000659387
0.000694318
0.000718128
0.000739368
0.000798267
0.000832592
0.000842776
0.000841978
0.000813604
0.000766708
0.000710038
0.000652969
0.000601141
0.000552321
0.000493784
0.000398653
0.00045356
0.00149899
0.00215827
0.00265132
0.00304324
0.00332611
0.00347774
0.00349359
0.0033776
0.00228967
0.00257057
0.00394928
0.00375321
0.0036086
0.00331973
0.00297493
0.00260735
0.00218246
0.00157351
0.000439597
0.000484965
0.00148687
0.00231613
0.00303102
0.00362745
0.00407552
0.00435842
0.00451604
0.00483797
0.00363903
0.0042123
0.00522929
0.00449504
0.00432597
0.00399385
0.00355274
0.00306412
0.00249669
0.00173413
0.000454191
0.000536014
0.0012498
0.00205755
0.00290076
0.00368185
0.00432586
0.00484331
0.0054012
0.00601663
0.00499685
0.00573199
0.00610847
0.00479534
0.00439844
0.0040003
0.003516
0.0029943
0.00239698
0.00162855
0.000460879
0.00062533
0.00111871
0.00181266
0.00272751
0.00370835
0.00458677
0.00537966
0.00628682
0.00701863
0.00632214
0.00704009
0.00672585
0.00501646
0.00436454
0.00384604
0.003306
0.0027583
0.00215199
0.0014131
0.000471831
0.000738587
0.0012336
0.00183531
0.00275364
0.00388546
0.00496341
0.00593397
0.00697399
0.00778248
0.00746944
0.00800267
0.00703866
0.00513532
0.00429084
0.00362019
0.0029875
0.00239013
0.00177137
0.00111664
0.000501134
0.000856638
0.00156229
0.00223745
0.00317765
0.00436069
0.00546362
0.00637177
0.00738132
0.0082293
0.00825537
0.00848211
0.00699678
0.00512693
0.0041656
0.00338029
0.00269167
0.00207073
0.00149564
0.000993091
0.000547165
0.000976344
0.0019762
0.00291004
0.00391069
0.00489491
0.00574199
0.00647141
0.0074184
0.00834312
0.0085893
0.00847604
0.0066444
0.00489761
0.00387328
0.00318552
0.0025939
0.00201019
0.00145681
0.00100173
0.000599162
0.00110717
0.00223296
0.00356869
0.00430569
0.00487128
0.00539462
0.00599344
0.00683522
0.00775959
0.00811622
0.00769495
0.00601206
0.00480142
0.00415263
0.00361855
0.00301352
0.00229987
0.00150147
0.000977228
0.000665979
0.00121063
0.00139502
0.00154944
0.00169043
0.00182844
0.00197438
0.00213999
0.00233361
0.00254129
0.00267999
0.00255414
0.00225599
0.00200007
0.00179208
0.00160698
0.00143152
0.00126483
0.00110399
0.000941818
0.000772638
0.000405978
0.000505849
0.000566698
0.000613788
0.000653148
0.000682595
0.000711357
0.000747406
0.000791674
0.000851838
0.000841978
0.00081599
0.000782615
0.000737657
0.000688825
0.000640618
0.000594366
0.000548075
0.000489972
0.000392933
0.000455518
0.00148527
0.00214439
0.00264005
0.0030397
0.00334741
0.00356395
0.00369195
0.00372255
0.00382478
0.00394928
0.00376848
0.00367925
0.00345511
0.0031653
0.00285822
0.00252858
0.00212886
0.00153861
0.000432914
0.000488412
0.00145318
0.00226358
0.00296264
0.00356059
0.00404183
0.00439301
0.00461248
0.00476325
0.00528906
0.00522929
0.00458454
0.00437108
0.00410565
0.00373351
0.00333071
0.00288986
0.00235983
0.00163262
0.000446116
0.000537852
0.00124284
0.00201391
0.00279733
0.00352704
0.00414911
0.00463638
0.0050552
0.0055692
0.0063797
0.00610847
0.00500892
0.00445879
0.00408719
0.00365454
0.00321902
0.0027517
0.00219819
0.00148043
0.000454594
0.000620151
0.00114149
0.00182395
0.00264532
0.0034848
0.00423831
0.0048683
0.00551492
0.00634486
0.00718698
0.00672586
0.00532022
0.00448556
0.00396357
0.00346747
0.00301327
0.00253794
0.00198219
0.00130348
0.000469596
0.000725873
0.00123371
0.00185293
0.00267862
0.00359178
0.0044458
0.00517587
0.00592951
0.00691694
0.00767275
0.00703866
0.00548012
0.00449355
0.00382645
0.00327583
0.00280292
0.00230147
0.00173104
0.0011099
0.000495777
0.000838943
0.00150069
0.00215123
0.00299211
0.00392891
0.00481342
0.00553598
0.00623525
0.00715232
0.00775301
0.00699678
0.00547475
0.00444488
0.00367274
0.00308901
0.00258652
0.00205192
0.00150231
0.000993636
0.000534204
0.000954421
0.00185003
0.00268964
0.00362498
0.00447185
0.00518683
0.00575285
0.00634831
0.00707631
0.00744783
0.0066444
0.0052493
0.00419394
0.0034884
0.00295054
0.00243978
0.0019047
0.00139489
0.000964332
0.000581102
0.0010794
0.00207845
0.00325801
0.00417887
0.00469134
0.00507602
0.00542417
0.00587694
0.00642519
0.00665946
0.00601206
0.00500013
0.00438674
0.00397117
0.00345719
0.00281841
0.00205528
0.00138457
0.000929794
0.000645565
0.0011764
0.00135036
0.00149661
0.0016276
0.00175027
0.00187163
0.002
0.00214167
0.0022908
0.00240181
0.00225599
0.00204305
0.00185462
0.00168555
0.00152241
0.0013626
0.00120809
0.00105739
0.000905487
0.00074755
0.000399338
0.000495243
0.00055041
0.000587958
0.000616907
0.000643738
0.000686031
0.000740638
0.000789711
0.000822304
0.000813604
0.000782615
0.000743953
0.00070071
0.000657913
0.000615471
0.000575979
0.000535209
0.000481198
0.000386412
0.000447659
0.00145988
0.002087
0.00255179
0.00292576
0.00323761
0.00348668
0.00368982
0.00381771
0.00374965
0.00375321
0.00367926
0.00349992
0.00325601
0.00299505
0.0027276
0.00243294
0.00206209
0.00150049
0.000424541
0.000478504
0.00142001
0.00218751
0.00282927
0.0033755
0.00385115
0.00425513
0.00455406
0.00467561
0.00453532
0.00449504
0.00437108
0.00413919
0.00381761
0.0034809
0.00313151
0.00273773
0.00224715
0.00155758
0.000435807
0.00052379
0.00120729
0.00190974
0.00258104
0.00319723
0.00376987
0.00428879
0.00468641
0.00492498
0.00495733
0.00479534
0.00445879
0.00410124
0.00369653
0.00331811
0.00294594
0.00253301
0.00203088
0.0013704
0.000442875
0.000599157
0.0010995
0.00169412
0.00234124
0.00298161
0.0036059
0.00420839
0.00471855
0.00512627
0.00529588
0.00501647
0.00448556
0.00396907
0.00347246
0.00305887
0.00267629
0.00226513
0.00178196
0.00118797
0.000457385
0.000700193
0.00115892
0.00166971
0.00228294
0.00292821
0.00357086
0.00421426
0.00479277
0.0052968
0.0054896
0.00513532
0.00449355
0.00384043
0.00327483
0.00283706
0.00244713
0.00204175
0.00158628
0.00106043
0.0004825
0.000809086
0.00137853
0.00189164
0.00250723
0.00315864
0.00379105
0.00440851
0.00496021
0.00539879
0.00551087
0.00512693
0.00444489
0.00371385
0.00312589
0.00267058
0.00226131
0.00185288
0.00141698
0.000965181
0.000515363
0.00091926
0.00167916
0.00235989
0.00311981
0.00381536
0.00437178
0.00479981
0.00515282
0.00539447
0.00534704
0.00489761
0.00419394
0.00358225
0.00308263
0.0026076
0.00214116
0.00170241
0.00128819
0.000914091
0.000558433
0.00103715
0.00188459
0.00290247
0.00390993
0.00447176
0.0047848
0.00496039
0.00508302
0.00519239
0.00513465
0.00480142
0.00438675
0.00408686
0.00371399
0.0031572
0.00246105
0.00180039
0.00126653
0.000884488
0.000618752
0.00113097
0.00129297
0.00143052
0.00155169
0.00166352
0.0017651
0.00186275
0.00195995
0.00205278
0.00211513
0.00200007
0.00185462
0.00171187
0.00156963
0.00142496
0.00128059
0.00113851
0.000998107
0.000856633
0.000711893
0.000387619
0.00047149
0.00051391
0.000536908
0.000552739
0.000589834
0.000653006
0.00071535
0.000760666
0.000780313
0.000766708
0.000737657
0.00070071
0.000659435
0.000618281
0.000581001
0.000547882
0.000513911
0.000467191
0.00037976
0.000431741
0.00142539
0.00198741
0.00236069
0.00266045
0.00298331
0.00326209
0.00349689
0.00366723
0.00368083
0.00360861
0.00345511
0.00325601
0.00304526
0.00282835
0.00259388
0.00232706
0.00199065
0.00147079
0.000413817
0.000455296
0.00139862
0.00212403
0.00269563
0.00316395
0.00358116
0.00397691
0.00431629
0.00450166
0.00442486
0.00432598
0.00410566
0.00381761
0.00354217
0.00327698
0.00299118
0.00265011
0.00220433
0.00154862
0.00042385
0.000490717
0.00114939
0.00179597
0.00238061
0.00289867
0.00338401
0.00386373
0.0042958
0.00453954
0.00450502
0.00439844
0.00408719
0.00369653
0.0033615
0.00307161
0.00277547
0.00242787
0.00198155
0.00135853
0.000426285
0.000559875
0.0010076
0.00150874
0.0020295
0.00252955
0.00301668
0.00352835
0.00403575
0.00438064
0.00446327
0.00436454
0.00396357
0.00347246
0.00307367
0.00275163
0.0024443
0.00210294
0.00168637
0.00114637
0.000434747
0.000661162
0.00104199
0.00142563
0.00186769
0.00232494
0.00278027
0.00326858
0.00379765
0.00422294
0.00439124
0.00429085
0.00382645
0.00327483
0.00283125
0.00247738
0.00215457
0.00181871
0.00143746
0.000986956
0.000454418
0.000768424
0.00122598
0.00158851
0.00200595
0.00244612
0.00287098
0.00329542
0.00375086
0.00414623
0.00430896
0.0041656
0.00367274
0.00312589
0.00267001
0.00228609
0.00193945
0.00160341
0.00125632
0.000891026
0.00048756
0.000873697
0.00147435
0.00198007
0.00255859
0.003116
0.0035703
0.00388896
0.00408125
0.00418019
0.00412795
0.00387328
0.0034884
0.00308263
0.00266175
0.00223511
0.00183731
0.00147814
0.00115084
0.00085203
0.000529795
0.000982684
0.00165824
0.00247228
0.00338285
0.00411301
0.00447891
0.00460841
0.00458812
0.00448317
0.00431054
0.00415263
0.00397117
0.00371399
0.00327707
0.0026557
0.00205942
0.00155914
0.0011522
0.000840759
0.000584752
0.00107537
0.00122388
0.00135231
0.00146517
0.00156722
0.00165663
0.00173335
0.00179995
0.00185392
0.00188034
0.00179208
0.00168555
0.00156963
0.00144627
0.00131823
0.00118864
0.00105867
0.000928724
0.000797849
0.000667302
0.000375903
0.000446731
0.000481293
0.000503149
0.000532548
0.000575293
0.000625551
0.000674475
0.000705851
0.00071808
0.000710038
0.000688825
0.000657913
0.000618281
0.000577022
0.000544568
0.000516371
0.000488075
0.000449875
0.000374478
0.000414966
0.00130019
0.00167699
0.00192255
0.00220435
0.00256982
0.00294847
0.00319968
0.0033678
0.00340381
0.00331973
0.0031653
0.00299505
0.00282835
0.00264782
0.00242559
0.00218138
0.00188703
0.00143599
0.000408436
0.000428724
0.00139999
0.00203955
0.00249913
0.00288872
0.00326524
0.00362989
0.00394844
0.00414886
0.00415054
0.00399386
0.00373351
0.0034809
0.00327698
0.00308592
0.00286263
0.00257393
0.00218351
0.001591
0.000414197
0.000442898
0.00113465
0.00175793
0.00227902
0.00271746
0.00311198
0.00349773
0.00386398
0.00412122
0.00416749
0.0040003
0.00365454
0.00331811
0.00307161
0.00287259
0.00266128
0.00239256
0.00201874
0.00144361
0.000411475
0.000505006
0.000930327
0.00138972
0.00184726
0.00227057
0.00266248
0.00305083
0.00344847
0.00378502
0.00394047
0.00384604
0.00346747
0.00305887
0.00275163
0.00251912
0.00230002
0.00204543
0.00170805
0.00121158
0.000412802
0.000609357
0.00092884
0.00123462
0.00157718
0.00192949
0.00227445
0.00262463
0.00300572
0.00338287
0.00362828
0.00362019
0.00327583
0.00283707
0.00247738
0.00220313
0.00196365
0.00171177
0.00140513
0.000993749
0.000422394
0.000717976
0.00107421
0.00132844
0.00160832
0.00190717
0.00220569
0.00249811
0.00280492
0.00312534
0.00336611
0.0033803
0.00308901
0.00267058
0.00228609
0.0019767
0.0017131
0.00145744
0.00117758
0.000848059
0.000447146
0.000818384
0.00126982
0.00161405
0.00201653
0.00244131
0.00282314
0.00310203
0.00325314
0.00329743
0.00328287
0.00318553
0.00295054
0.00260761
0.00223511
0.00189423
0.00159429
0.00132106
0.00106038
0.000798562
0.000492508
0.000918022
0.00142232
0.00201112
0.00273156
0.00345082
0.00398736
0.00419848
0.00416424
0.00397837
0.00375078
0.00361856
0.0034572
0.0031572
0.0026557
0.00214073
0.00170462
0.00134421
0.00104457
0.000795331
0.0005431
0.00100968
0.00114316
0.00126172
0.00136632
0.00145917
0.00153964
0.00160414
0.00165066
0.00167819
0.00167857
0.00160698
0.00152241
0.00142496
0.00131823
0.00120571
0.00108947
0.000970938
0.00085118
0.000730795
0.000614985
0.000368166
0.000426837
0.000459233
0.000489769
0.000525975
0.000562993
0.000601898
0.000630583
0.000647871
0.000655592
0.000652969
0.000640618
0.000615471
0.000581001
0.000544568
0.00051841
0.000494465
0.000467636
0.000432236
0.000371226
0.000404044
0.00109416
0.0013351
0.00155999
0.00189652
0.00232837
0.00267849
0.00288387
0.00300619
0.00303551
0.00297494
0.00285822
0.0027276
0.00259388
0.00242559
0.0021619
0.00191034
0.00167554
0.00134246
0.000410756
0.000409139
0.00133217
0.00181265
0.00217532
0.00254055
0.00292981
0.00328971
0.00354211
0.00370059
0.00370036
0.00355274
0.00333071
0.00313151
0.00299118
0.00286263
0.00267708
0.00241392
0.00207691
0.00156527
0.000416402
0.000410057
0.0011963
0.00176104
0.00218915
0.00255625
0.00289355
0.00319832
0.00346297
0.00365177
0.00368285
0.003516
0.00321902
0.00294594
0.00277546
0.00266128
0.00252962
0.00233094
0.002021
0.0014974
0.000406457
0.000441947
0.000936621
0.00140627
0.00182004
0.00217499
0.0024842
0.00276926
0.00303554
0.00326051
0.00337586
0.003306
0.00301328
0.00267629
0.0024443
0.00230001
0.00217044
0.00199956
0.00173697
0.00128911
0.000405837
0.000547877
0.000847723
0.00113494
0.00143471
0.0017257
0.00199551
0.00224866
0.00249896
0.00274662
0.00294062
0.0029875
0.00280293
0.00244713
0.00215457
0.00196365
0.00181469
0.00165033
0.00142017
0.00105175
0.000409336
0.000657992
0.000941866
0.00114169
0.00134416
0.00155021
0.0017564
0.0019621
0.00217292
0.00239528
0.00259898
0.00269167
0.00258653
0.00226131
0.00193945
0.0017131
0.00154357
0.00137733
0.00116778
0.000865153
0.000417898
0.00075398
0.00108502
0.0013126
0.00157049
0.00185461
0.00213922
0.00238249
0.00254086
0.00260895
0.00262862
0.00259391
0.00243978
0.00214116
0.00183731
0.0015943
0.00139603
0.00121272
0.00101641
0.000775448
0.00044811
0.000844518
0.0012035
0.00158404
0.00207446
0.00262669
0.0031459
0.00351923
0.00359125
0.00340732
0.00315852
0.00301353
0.00281842
0.00246105
0.00205942
0.00170462
0.00140937
0.00116161
0.000945822
0.000743644
0.000496334
0.000933147
0.00105017
0.00115869
0.00125526
0.00134019
0.00141132
0.00146576
0.00150022
0.00150951
0.00149072
0.00143152
0.0013626
0.00128059
0.00118864
0.00108947
0.000985083
0.000876944
0.000766772
0.000656729
0.000556467
0.000365183
0.000416768
0.000451902
0.000484023
0.000515058
0.000547457
0.000575093
0.000590189
0.000597913
0.000601629
0.000601141
0.000594366
0.000575979
0.000547881
0.000516371
0.000494464
0.00047532
0.000453481
0.000422419
0.000371768
0.000396135
0.000895878
0.00107884
0.0013442
0.00173719
0.00214964
0.00241395
0.00255938
0.00262884
0.00264456
0.00260735
0.00252858
0.00243294
0.00232706
0.00218138
0.00191034
0.00165014
0.00141714
0.00114362
0.00041133
0.000400381
0.00115285
0.00149454
0.00181919
0.00220467
0.00261809
0.00295484
0.00313884
0.00321121
0.00318869
0.00306413
0.00288986
0.00273773
0.00265011
0.00257393
0.00241392
0.00215384
0.00183489
0.00139585
0.000417805
0.000398053
0.00116324
0.00159704
0.00193961
0.00226977
0.00259156
0.0028745
0.00307168
0.00316789
0.00315498
0.0029943
0.0027517
0.00253301
0.00242787
0.00239255
0.00233093
0.0021777
0.00187945
0.00139531
0.000411814
0.000399672
0.000999193
0.00143122
0.00176816
0.0020539
0.0022994
0.00250682
0.0026789
0.00279865
0.00283753
0.0027583
0.00253794
0.00226513
0.00210293
0.00204543
0.00199956
0.00189656
0.00168344
0.00125552
0.000409557
0.000476662
0.000814488
0.00111593
0.00138275
0.00160804
0.00179605
0.00195646
0.00210211
0.00223871
0.00235018
0.00239013
0.00230147
0.00204176
0.00181871
0.00171177
0.00165033
0.00156392
0.00139765
0.00107119
0.000410917
0.000586148
0.000837935
0.00102077
0.0011816
0.00132347
0.00145261
0.00157785
0.0017068
0.00184463
0.00198088
0.00207073
0.00205192
0.00185289
0.00160341
0.00145744
0.00137733
0.00129826
0.00116205
0.000901608
0.000408668
0.000679927
0.000935084
0.00109139
0.00124626
0.00141501
0.00159267
0.00176074
0.00189567
0.00198601
0.00202908
0.0020102
0.0019047
0.00170241
0.00147815
0.00132106
0.00121272
0.00111786
0.000993755
0.000783023
0.000416708
0.000761853
0.00102273
0.00124764
0.00152505
0.00186151
0.00221164
0.00250036
0.00265184
0.0026328
0.00247157
0.00229987
0.00205528
0.0018004
0.00155914
0.00134421
0.00116161
0.00100899
0.000866892
0.000703853
0.00045007
0.000843952
0.00094253
0.00104188
0.00113201
0.00121053
0.00127438
0.00132015
0.00134403
0.00134215
0.00131283
0.00126483
0.00120809
0.00113851
0.00105867
0.000970938
0.000876944
0.000778411
0.000677987
0.000579727
0.000496659
0.000366957
0.00041481
0.000446846
0.000472544
0.000499782
0.000525897
0.000541831
0.000549297
0.000552218
0.000553101
0.000552321
0.000548075
0.000535209
0.000513911
0.000488075
0.000467635
0.000453481
0.000438995
0.000416412
0.000376512
0.000391064
0.00074728
0.000932237
0.00123419
0.00160934
0.00190676
0.00208909
0.0021792
0.00221108
0.00220953
0.00218247
0.00212886
0.00206209
0.00199065
0.00188702
0.00167554
0.00141714
0.00117782
0.000936819
0.000407189
0.000395841
0.000936344
0.00119124
0.00151262
0.00190832
0.00228744
0.00254524
0.00265583
0.00266299
0.00260399
0.00249669
0.00235983
0.00224715
0.00220433
0.00218351
0.00207691
0.00183489
0.0015319
0.00116074
0.000415418
0.000394167
0.000994648
0.00129584
0.00158404
0.00189482
0.00219976
0.00245203
0.00259855
0.00262568
0.00255307
0.00239698
0.00219819
0.00203088
0.00198155
0.00201874
0.002021
0.00187945
0.00159646
0.00118177
0.00041311
0.000393519
0.000926755
0.00124458
0.00148782
0.00170905
0.00191021
0.00207912
0.00220457
0.00226538
0.00224753
0.00215199
0.00198219
0.00178196
0.00168636
0.00170804
0.00173697
0.00168344
0.00146852
0.00107787
0.000412163
0.000412164
0.000808143
0.00107109
0.00125871
0.00139748
0.00149933
0.00157483
0.00163833
0.00169802
0.00174916
0.00177136
0.00173104
0.00158628
0.00143746
0.00140513
0.00142017
0.00139765
0.00127681
0.000972932
0.000411357
0.000502596
0.000756606
0.000929386
0.00104974
0.00113126
0.00119221
0.00124761
0.00130592
0.00137119
0.00144057
0.00149564
0.00150231
0.00141699
0.00125632
0.00117758
0.00116778
0.00116205
0.00109448
0.00088855
0.000406729
0.000594834
0.000804445
0.000923484
0.00101632
0.00110602
0.00120191
0.00129812
0.00138087
0.00144136
0.0014705
0.00145681
0.00139489
0.0012882
0.00115084
0.00106039
0.00101641
0.000993755
0.000944048
0.000788712
0.000402105
0.000668965
0.000861953
0.000985983
0.00112306
0.00129019
0.00147086
0.00162436
0.00170035
0.00169605
0.00161176
0.00150147
0.00138457
0.00126653
0.00115221
0.00104457
0.000945823
0.000866893
0.000794409
0.000680777
0.000416304
0.000739613
0.000814816
0.000906358
0.000993578
0.00106936
0.00112911
0.00116935
0.00118634
0.00117697
0.00114162
0.00110399
0.00105739
0.000998107
0.000928724
0.00085118
0.000766772
0.000677987
0.000589958
0.000509316
0.000446549
0.000369825
0.000409801
0.000431929
0.000450907
0.000471781
0.000486192
0.000493909
0.000496901
0.000497136
0.00049594
0.000493784
0.000489972
0.000481198
0.000467191
0.000449875
0.000432236
0.000422419
0.000416412
0.00040558
0.000380013
0.000386481
0.000638988
0.000820267
0.00108117
0.00131909
0.00148191
0.00157354
0.00160908
0.00161233
0.00159821
0.00157351
0.00153861
0.00150049
0.00147078
0.00143599
0.00134246
0.00114362
0.000936819
0.000745867
0.000400756
0.000390904
0.000740139
0.000939146
0.00121152
0.00151849
0.00177344
0.00191726
0.00195231
0.00191324
0.00183067
0.00173413
0.00163262
0.00155758
0.00154862
0.001591
0.00156527
0.00139585
0.00116074
0.000890201
0.000409336
0.000390352
0.000776321
0.000964595
0.00118302
0.00142594
0.00165816
0.00183668
0.00191537
0.00188318
0.00177163
0.00162855
0.00148044
0.0013704
0.00135853
0.00144361
0.0014974
0.00139531
0.00118177
0.000889407
0.000410402
0.000391784
0.000749385
0.000926851
0.00107759
0.00122629
0.00136046
0.00146708
0.001536
0.0015482
0.00150113
0.0014131
0.00130348
0.00118797
0.00114636
0.00121158
0.00128911
0.00125552
0.00107787
0.000808262
0.000410509
0.000394194
0.00069648
0.000845516
0.000939761
0.00100129
0.00103569
0.00105247
0.00106536
0.00108183
0.00110166
0.00111664
0.0011099
0.00106043
0.000986956
0.000993747
0.00105175
0.00107119
0.000972932
0.000754512
0.000406684
0.000421421
0.000657416
0.000777081
0.00083751
0.000867368
0.000886766
0.000906432
0.000928774
0.000952723
0.000976007
0.000993092
0.000993637
0.000965182
0.000891026
0.000848059
0.000865152
0.000901607
0.00088855
0.000745376
0.000398776
0.000499122
0.000666542
0.000755946
0.000807644
0.000850149
0.000896603
0.000945758
0.000987126
0.00101219
0.00101856
0.00100173
0.000964333
0.000914093
0.00085203
0.000798563
0.000775448
0.000783023
0.000788712
0.000713585
0.000394484
0.000566394
0.000695323
0.0007694
0.000836467
0.000913958
0.000992116
0.00105655
0.00108118
0.00105656
0.00102057
0.00097723
0.000929795
0.000884489
0.00084076
0.000795332
0.000743645
0.000703854
0.000680777
0.000631394
0.000399682
0.000620835
0.00066076
0.000742516
0.000831269
0.000909943
0.000970553
0.00100961
0.00102349
0.00100856
0.000968301
0.000941818
0.000905487
0.000856633
0.000797849
0.000730795
0.00065673
0.000579727
0.000509316
0.00045408
0.000413848
0.000366361
0.000389035
0.000398776
0.000406441
0.000412004
0.000414674
0.000414703
0.000412588
0.000408883
0.000404051
0.000398653
0.000392933
0.000386412
0.00037976
0.000374478
0.000371226
0.000371768
0.000376512
0.000380013
0.000375426
0.00037014
0.000396679
0.000414155
0.000430091
0.000443209
0.000452192
0.000455711
0.000454649
0.000450923
0.000445619
0.000439597
0.000432914
0.000424541
0.000413817
0.000408435
0.000410755
0.00041133
0.000407189
0.000400756
0.000385948
0.000375141
0.000402094
0.000419392
0.000441151
0.000465121
0.000482213
0.000487255
0.000483259
0.000474485
0.000463657
0.000454192
0.000446117
0.000435807
0.00042385
0.000414196
0.000416402
0.000417804
0.000415418
0.000409336
0.000394919
0.000380165
0.000405641
0.000418817
0.000432725
0.000450289
0.000468351
0.000482027
0.000486765
0.000479795
0.000468097
0.000460879
0.000454595
0.000442875
0.000426285
0.000411475
0.000406457
0.000411814
0.00041311
0.000410402
0.000401575
0.000385815
0.000407442
0.00041677
0.000424928
0.000433027
0.00044092
0.000448163
0.000455527
0.000462941
0.000468794
0.000471831
0.000469596
0.000457386
0.000434748
0.000412802
0.000405837
0.000409557
0.000412163
0.000410509
0.000404163
0.000390236
0.000407746
0.000417714
0.000426072
0.000436533
0.000450685
0.000467113
0.000482507
0.000493937
0.000500208
0.000501134
0.000495778
0.0004825
0.000454418
0.000422395
0.000409336
0.000410917
0.000411356
0.000406684
0.000397965
0.000394189
0.00040872
0.000423338
0.000441987
0.000467468
0.000497669
0.000526408
0.000547196
0.000556145
0.000554783
0.000547166
0.000534205
0.000515363
0.00048756
0.000447147
0.000417899
0.000408668
0.000406729
0.000398776
0.000383848
0.000423031
0.000426908
0.000445969
0.000478376
0.00052216
0.000568776
0.000606955
0.000627977
0.000627929
0.000614529
0.000599163
0.000581103
0.000558433
0.000529796
0.000492508
0.00044811
0.000416708
0.000402105
0.000394484
0.000385626
0.000471286
0.000464642
0.000485117
0.000535102
0.000600734
0.000662442
0.000706525
0.000724477
0.000711568
0.00068461
0.00066598
0.000645566
0.000618753
0.000584752
0.000543101
0.000496335
0.00045007
0.000416304
0.000399682
0.000388615
0.000505899
0.000508249
0.000556347
0.000639509
0.000723202
0.000788767
0.000831569
0.00084788
0.000828413
0.000791057
0.000772638
0.000747551
0.000711894
0.000667302
0.000614985
0.000556467
0.000496659
0.000446549
0.000413848
0.000394483
)
;

boundaryField
{
    floor
    {
        type            mutkWallFunction;
        Cmu             0.09;
        kappa           0.41;
        E               9.8;
        value           nonuniform List<scalar> 
400
(
3.94538e-05
4.20499e-05
4.33681e-05
4.41256e-05
4.49201e-05
4.57834e-05
4.6395e-05
4.68488e-05
4.71985e-05
4.74424e-05
4.75379e-05
4.74267e-05
4.66282e-05
4.51635e-05
4.35578e-05
4.24813e-05
4.19911e-05
4.20801e-05
4.23441e-05
4.194e-05
4.20499e-05
4.61636e-05
4.82197e-05
4.93594e-05
5.04614e-05
5.21807e-05
5.48172e-05
5.71115e-05
5.87438e-05
5.98904e-05
6.06362e-05
6.08114e-05
5.96294e-05
5.6716e-05
5.3224e-05
5.05205e-05
4.89846e-05
4.85296e-05
4.78311e-05
4.51501e-05
4.33681e-05
4.82197e-05
5.08487e-05
5.24313e-05
5.38733e-05
5.57078e-05
5.87194e-05
6.23869e-05
6.51979e-05
6.71517e-05
6.83958e-05
6.86644e-05
6.68412e-05
6.22999e-05
5.77888e-05
5.47583e-05
5.35529e-05
5.28034e-05
5.08313e-05
4.63777e-05
4.41255e-05
4.93593e-05
5.24312e-05
5.44485e-05
5.62606e-05
5.85573e-05
6.17805e-05
6.65169e-05
7.04613e-05
7.31495e-05
7.46703e-05
7.4658e-05
7.16772e-05
6.51043e-05
6.06275e-05
5.86668e-05
5.77614e-05
5.61787e-05
5.31162e-05
4.72797e-05
4.492e-05
5.04613e-05
5.38732e-05
5.62605e-05
5.82232e-05
6.06895e-05
6.46111e-05
7.04875e-05
7.55263e-05
7.88247e-05
8.02955e-05
7.95946e-05
7.54012e-05
6.71109e-05
6.44186e-05
6.33935e-05
6.1817e-05
5.94473e-05
5.57006e-05
4.80334e-05
4.57833e-05
5.21806e-05
5.57077e-05
5.85572e-05
6.06895e-05
6.24025e-05
6.59551e-05
7.30566e-05
7.91344e-05
8.32354e-05
8.46515e-05
8.33269e-05
7.88019e-05
7.20828e-05
7.00442e-05
6.8247e-05
6.58013e-05
6.2819e-05
5.77298e-05
4.84319e-05
4.63949e-05
5.48171e-05
5.87193e-05
6.17805e-05
6.46111e-05
6.59551e-05
6.63705e-05
7.20593e-05
7.91022e-05
8.53526e-05
8.7656e-05
8.70775e-05
8.42451e-05
8.03029e-05
7.66031e-05
7.31885e-05
6.9487e-05
6.51035e-05
5.88831e-05
4.84933e-05
4.68488e-05
5.71114e-05
6.23868e-05
6.65169e-05
7.04875e-05
7.30567e-05
7.20594e-05
7.26519e-05
7.92553e-05
8.77777e-05
9.05511e-05
9.18814e-05
9.1283e-05
8.8159e-05
8.28268e-05
7.69991e-05
7.16156e-05
6.62368e-05
5.94009e-05
4.82763e-05
4.71984e-05
5.87437e-05
6.51978e-05
7.04613e-05
7.55263e-05
7.91344e-05
7.91023e-05
7.92554e-05
8.31796e-05
9.38998e-05
9.81124e-05
9.75627e-05
9.75702e-05
9.37993e-05
8.67258e-05
7.92537e-05
7.27202e-05
6.67382e-05
5.9543e-05
4.78393e-05
4.74424e-05
5.98904e-05
6.71516e-05
7.31494e-05
7.88247e-05
8.32354e-05
8.53527e-05
8.77777e-05
9.38998e-05
4.56475e-05
4.90927e-05
0.000105139
0.000101765
9.61318e-05
8.82293e-05
8.02542e-05
7.32651e-05
6.69377e-05
5.94657e-05
4.7227e-05
4.75379e-05
6.06361e-05
6.83957e-05
7.46703e-05
8.02954e-05
8.46514e-05
8.7656e-05
9.05511e-05
9.81124e-05
4.90927e-05
4.97084e-05
0.000103745
0.000100529
9.44943e-05
8.72797e-05
7.99695e-05
7.32518e-05
6.68835e-05
5.92207e-05
4.65078e-05
4.74268e-05
6.08113e-05
6.86644e-05
7.46579e-05
7.95946e-05
8.33269e-05
8.70774e-05
9.18814e-05
9.75627e-05
0.000105139
0.000103745
0.000101008
9.66675e-05
9.0927e-05
8.46795e-05
7.84527e-05
7.24385e-05
6.63731e-05
5.8743e-05
4.57337e-05
4.66282e-05
5.96294e-05
6.68411e-05
7.16771e-05
7.54012e-05
7.88018e-05
8.42451e-05
9.12829e-05
9.75701e-05
0.000101765
0.000100529
9.66675e-05
9.17995e-05
8.63158e-05
8.0828e-05
7.53334e-05
7.00938e-05
6.46957e-05
5.75716e-05
4.48191e-05
4.51635e-05
5.67159e-05
6.22998e-05
6.51041e-05
6.71108e-05
7.20827e-05
8.03028e-05
8.81589e-05
9.37992e-05
9.61317e-05
9.44942e-05
9.0927e-05
8.63158e-05
8.11106e-05
7.58288e-05
7.09167e-05
6.6443e-05
6.18544e-05
5.56558e-05
4.39056e-05
4.35578e-05
5.32239e-05
5.77886e-05
6.06273e-05
6.44185e-05
7.00441e-05
7.6603e-05
8.28267e-05
8.67257e-05
8.82293e-05
8.72797e-05
8.46795e-05
8.0828e-05
7.58288e-05
7.05532e-05
6.62324e-05
6.23551e-05
5.84375e-05
5.32623e-05
4.31728e-05
4.24813e-05
5.05204e-05
5.47582e-05
5.86667e-05
6.33934e-05
6.82469e-05
7.31885e-05
7.69991e-05
7.92537e-05
8.02541e-05
7.99695e-05
7.84527e-05
7.53334e-05
7.09168e-05
6.62324e-05
6.26485e-05
5.94002e-05
5.57189e-05
5.08536e-05
4.27178e-05
4.19911e-05
4.89845e-05
5.35528e-05
5.77614e-05
6.1817e-05
6.58013e-05
6.9487e-05
7.16156e-05
7.27202e-05
7.32651e-05
7.32519e-05
7.24385e-05
7.00939e-05
6.6443e-05
6.23551e-05
5.94002e-05
5.68364e-05
5.38635e-05
4.96206e-05
4.28157e-05
4.208e-05
4.85295e-05
5.28034e-05
5.61787e-05
5.94473e-05
6.2819e-05
6.51035e-05
6.62368e-05
6.67382e-05
6.69377e-05
6.68835e-05
6.63731e-05
6.46957e-05
6.18544e-05
5.84375e-05
5.57189e-05
5.38635e-05
5.19258e-05
4.88593e-05
4.34833e-05
4.23441e-05
4.78311e-05
5.08313e-05
5.31162e-05
5.57006e-05
5.77298e-05
5.88832e-05
5.94009e-05
5.9543e-05
5.94657e-05
5.92207e-05
5.8743e-05
5.75716e-05
5.56558e-05
5.32623e-05
5.08536e-05
4.96206e-05
4.88593e-05
4.74085e-05
4.39743e-05
4.194e-05
4.51501e-05
4.63777e-05
4.72797e-05
4.80335e-05
4.84319e-05
4.84933e-05
4.82763e-05
4.78393e-05
4.7227e-05
4.65077e-05
4.57337e-05
4.48191e-05
4.39056e-05
4.31728e-05
4.27178e-05
4.28158e-05
4.34833e-05
4.39743e-05
4.3392e-05
)
;
    }
    ceiling
    {
        type            mutkWallFunction;
        Cmu             0.09;
        kappa           0.41;
        E               9.8;
        value           nonuniform List<scalar> 
400
(
8.50493e-05
0.000100043
0.00011362
0.000124622
0.000133493
0.0001404
0.000145391
0.000148404
0.000149224
0.000148278
0.000145866
0.000141704
0.000136138
0.000129302
0.000121196
0.000111722
0.000100667
8.78074e-05
7.33959e-05
5.9757e-05
0.000100043
0.000115494
0.00012992
0.000142062
0.000152153
0.000160182
0.000166119
0.000169908
0.000171575
0.000171069
0.000167518
0.000162154
0.000155227
0.000146859
0.000137041
0.000125659
0.000112405
9.66619e-05
7.79092e-05
6.00538e-05
0.00011362
0.00012992
0.000144643
0.000157275
0.000167958
0.000176548
0.000183042
0.000187403
0.000189867
0.000189959
0.000185438
0.000179156
0.000171277
0.000161925
0.00015105
0.000138598
0.000124358
0.000107712
8.76863e-05
6.57104e-05
0.000124622
0.000142062
0.000157275
0.000170327
0.000181407
0.000190414
0.000197591
0.000202763
0.000206149
0.000207056
0.000201608
0.000194207
0.000185271
0.000175054
0.000163332
0.000150076
0.000135216
0.000118361
9.85506e-05
7.54026e-05
0.000133493
0.000152153
0.000167958
0.000181407
0.000192945
0.00020266
0.000210454
0.000216796
0.000221727
0.000223995
0.000217219
0.000208185
0.000198109
0.000186808
0.000174158
0.00016012
0.000144666
0.00012766
0.000108327
8.57064e-05
0.0001404
0.000160183
0.000176548
0.000190414
0.00020266
0.000213016
0.000222146
0.000230478
0.000237731
0.000241989
0.000233538
0.00022182
0.000209671
0.00019715
0.000183462
0.000168485
0.000152329
0.000135011
0.000115947
9.39824e-05
0.000145391
0.000166119
0.000183042
0.000197591
0.000210454
0.000222146
0.000233444
0.000244727
0.000255233
0.000262088
0.000251811
0.000236029
0.000220577
0.000205888
0.000190969
0.000174839
0.0001578
0.000139976
0.000120936
9.95321e-05
0.000148404
0.000169908
0.000187403
0.000202763
0.000216796
0.000230478
0.000244727
0.000259818
0.000274372
0.000284113
0.000272823
0.000251425
0.000231204
0.000213248
0.000196257
0.000178825
0.000160614
0.000142073
0.000122792
0.000101734
0.000149224
0.000171575
0.000189867
0.000206149
0.000221727
0.000237731
0.000255233
0.000274373
0.000292866
0.000303524
0.000294935
0.000267275
0.000241071
0.000218958
0.000199127
0.000179744
0.000160267
0.000140852
0.000120858
9.94146e-05
0.000148278
0.00017107
0.000189959
0.000207056
0.000223995
0.000241989
0.000262088
0.000284113
0.000303524
0.00030065
0.000309434
0.000278474
0.000247166
0.000221255
0.000198582
0.000177139
0.000156483
0.00013633
0.000115836
9.49796e-05
0.000145866
0.000167518
0.000185438
0.000201609
0.000217219
0.000233538
0.000251811
0.000272823
0.000294935
0.000309433
0.000293504
0.000261468
0.000233934
0.000211088
0.000190283
0.000170246
0.00015091
0.000132009
0.000112796
9.27065e-05
0.000141704
0.000162155
0.000179156
0.000194207
0.000208185
0.00022182
0.000236029
0.000251425
0.000267275
0.000278474
0.000261468
0.000238472
0.000217883
0.00019902
0.000180496
0.000162159
0.000144209
0.000126501
0.000108498
8.96871e-05
0.000136138
0.000155228
0.000171277
0.000185271
0.00019811
0.000209671
0.000220577
0.000231204
0.000241071
0.000247166
0.000233934
0.000217883
0.000201936
0.000185789
0.000169227
0.000152572
0.000135999
0.000119475
0.000102691
8.54074e-05
0.000129302
0.00014686
0.000161925
0.000175054
0.000186808
0.00019715
0.000205888
0.000213248
0.000218958
0.000221255
0.000211088
0.00019902
0.000185789
0.000171623
0.000156877
0.000141817
0.00012658
0.000111234
9.56591e-05
8.00048e-05
0.000121197
0.000137041
0.00015105
0.000163332
0.000174158
0.000183462
0.000190969
0.000196257
0.000199127
0.000198582
0.000190283
0.000180496
0.000169227
0.000156877
0.000143786
0.000130176
0.000116199
0.000101986
8.75798e-05
7.3601e-05
0.000111722
0.00012566
0.000138598
0.000150076
0.00016012
0.000168485
0.000174839
0.000178825
0.000179744
0.000177139
0.000170246
0.000162159
0.000152572
0.000141817
0.000130176
0.00011786
0.000105031
9.18747e-05
7.86097e-05
6.63909e-05
0.000100667
0.000112405
0.000124358
0.000135216
0.000144666
0.000152329
0.0001578
0.000160614
0.000160267
0.000156483
0.00015091
0.000144209
0.000135999
0.00012658
0.000116199
0.000105031
9.32703e-05
8.12121e-05
6.92815e-05
5.9024e-05
8.78073e-05
9.66618e-05
0.000107712
0.000118361
0.00012766
0.000135011
0.000139976
0.000142073
0.000140852
0.00013633
0.000132009
0.000126501
0.000119475
0.000111234
0.000101986
9.18747e-05
8.1212e-05
7.06092e-05
6.07707e-05
5.28811e-05
7.33957e-05
7.79089e-05
8.76861e-05
9.85505e-05
0.000108327
0.000115947
0.000120936
0.000122792
0.000120858
0.000115836
0.000112796
0.000108498
0.000102691
9.5659e-05
8.75797e-05
7.86096e-05
6.92814e-05
6.07706e-05
5.39935e-05
4.88246e-05
5.97568e-05
6.00536e-05
6.57102e-05
7.54023e-05
8.57062e-05
9.39823e-05
9.9532e-05
0.000101734
9.94146e-05
9.49795e-05
9.27064e-05
8.9687e-05
8.54073e-05
8.00048e-05
7.3601e-05
6.63908e-05
5.90239e-05
5.28811e-05
4.88246e-05
4.63186e-05
)
;
    }
    fixedWalls
    {
        type            mutkWallFunction;
        Cmu             0.09;
        kappa           0.41;
        E               9.8;
        value           nonuniform List<scalar> 
800
(
3.94337e-05
4.00646e-05
4.05726e-05
4.16444e-05
4.41495e-05
5.58324e-05
6.49115e-05
7.08403e-05
7.73992e-05
8.49939e-05
4.20291e-05
4.38549e-05
4.39667e-05
4.39083e-05
4.58692e-05
5.84416e-05
6.98755e-05
7.91826e-05
8.90896e-05
9.9978e-05
4.33472e-05
4.58787e-05
4.60821e-05
4.54525e-05
4.78005e-05
6.25786e-05
7.69813e-05
8.96212e-05
0.000101349
0.000113546
4.41047e-05
4.69243e-05
4.73385e-05
4.64342e-05
5.06035e-05
6.80422e-05
8.487e-05
9.93838e-05
0.000112229
0.000124539
4.48991e-05
4.75948e-05
4.81724e-05
4.72617e-05
5.50208e-05
7.44517e-05
9.27472e-05
0.000108049
0.000121792
0.000133403
4.57618e-05
4.80654e-05
4.90287e-05
4.9325e-05
6.05731e-05
8.10491e-05
9.97676e-05
0.000115177
0.000129718
0.000140305
4.63726e-05
4.87484e-05
5.01296e-05
5.28119e-05
6.61878e-05
8.66002e-05
0.000104862
0.000120135
0.000135352
0.000145291
4.68256e-05
4.99326e-05
5.16058e-05
5.65605e-05
7.06171e-05
8.98613e-05
0.000107143
0.000122383
0.00013796
0.000148301
4.71744e-05
5.12847e-05
5.37811e-05
5.96972e-05
7.30555e-05
9.0263e-05
0.0001062
0.000121182
0.000137234
0.00014912
4.74175e-05
5.2626e-05
5.59847e-05
6.21445e-05
7.42994e-05
8.96581e-05
0.000104614
0.000119165
0.000135123
0.000148173
4.75123e-05
5.36398e-05
5.76329e-05
6.39367e-05
7.5113e-05
8.9267e-05
0.000103677
0.00011798
0.000133499
0.000145763
4.74006e-05
5.40181e-05
5.82798e-05
6.44662e-05
7.4729e-05
8.78085e-05
0.000101503
0.00011525
0.000130056
0.000141604
4.66021e-05
5.31382e-05
5.72614e-05
6.30361e-05
7.24246e-05
8.47254e-05
9.78118e-05
0.000110915
0.000124845
0.000136043
4.51383e-05
5.11231e-05
5.44779e-05
5.92308e-05
6.77602e-05
7.99092e-05
9.27346e-05
0.000105253
0.000118145
0.000129212
4.35339e-05
4.886e-05
5.0819e-05
5.31541e-05
6.08609e-05
7.33386e-05
8.63772e-05
9.83477e-05
0.000110174
0.000121113
4.24586e-05
4.73489e-05
4.80309e-05
4.81462e-05
5.2637e-05
6.53395e-05
7.86919e-05
9.02589e-05
0.000101066
0.000111646
4.19693e-05
4.62255e-05
4.68628e-05
4.64049e-05
4.67212e-05
5.59877e-05
6.93064e-05
8.09155e-05
9.07819e-05
0.000100599
4.20588e-05
4.54591e-05
4.62261e-05
4.60017e-05
4.60022e-05
4.78971e-05
5.85741e-05
7.01909e-05
7.93001e-05
8.77488e-05
4.23229e-05
4.47792e-05
4.55526e-05
4.55997e-05
4.58958e-05
4.63091e-05
4.89059e-05
5.81461e-05
6.67428e-05
7.33465e-05
4.19185e-05
4.26243e-05
4.34455e-05
4.42558e-05
4.5147e-05
4.58573e-05
4.63191e-05
4.91931e-05
5.54042e-05
5.97157e-05
4.19185e-05
4.26243e-05
4.34455e-05
4.42558e-05
4.51469e-05
4.58573e-05
4.63191e-05
4.9193e-05
5.5404e-05
5.97154e-05
4.5128e-05
4.63874e-05
4.72641e-05
4.78239e-05
4.81602e-05
4.82782e-05
4.83185e-05
5.02075e-05
5.48225e-05
6.00122e-05
4.63559e-05
4.8643e-05
4.95022e-05
4.9587e-05
4.9414e-05
4.95701e-05
5.01268e-05
5.27695e-05
5.7454e-05
6.56655e-05
4.72573e-05
5.06581e-05
5.21639e-05
5.13047e-05
5.0404e-05
5.0561e-05
5.23523e-05
5.67708e-05
6.33946e-05
7.53518e-05
4.801e-05
5.21808e-05
5.5177e-05
5.33798e-05
5.13734e-05
5.17425e-05
5.54447e-05
6.20232e-05
7.11644e-05
8.5649e-05
4.84073e-05
5.32455e-05
5.74077e-05
5.55787e-05
5.22963e-05
5.34016e-05
5.91558e-05
6.76697e-05
7.8721e-05
9.39195e-05
4.84678e-05
5.37423e-05
5.80587e-05
5.7331e-05
5.31571e-05
5.54467e-05
6.27554e-05
7.24356e-05
8.4322e-05
9.94652e-05
4.82501e-05
5.37022e-05
5.75411e-05
5.80679e-05
5.41158e-05
5.74464e-05
6.54634e-05
7.52306e-05
8.68048e-05
0.000101666
4.78126e-05
5.333e-05
5.65093e-05
5.73072e-05
5.50522e-05
5.89962e-05
6.67681e-05
7.55011e-05
8.55123e-05
9.93479e-05
4.71999e-05
5.27202e-05
5.52102e-05
5.59119e-05
5.58598e-05
5.99008e-05
6.6779e-05
7.40751e-05
8.24193e-05
9.49159e-05
4.64804e-05
5.19691e-05
5.39881e-05
5.49057e-05
5.63105e-05
6.00908e-05
6.59161e-05
7.22341e-05
8.01216e-05
9.26443e-05
4.57062e-05
5.10924e-05
5.29052e-05
5.40654e-05
5.60394e-05
5.94236e-05
6.42921e-05
6.99756e-05
7.75966e-05
8.9627e-05
4.47918e-05
4.9983e-05
5.15388e-05
5.25151e-05
5.44291e-05
5.76839e-05
6.18523e-05
6.71003e-05
7.42902e-05
8.53503e-05
4.38789e-05
4.85162e-05
4.99208e-05
5.02802e-05
5.14116e-05
5.39812e-05
5.82176e-05
6.34301e-05
7.00613e-05
7.99515e-05
4.3147e-05
4.77692e-05
4.86333e-05
4.82313e-05
4.84155e-05
4.9681e-05
5.28657e-05
5.86053e-05
6.48519e-05
7.3552e-05
4.2693e-05
4.80255e-05
4.88628e-05
4.7593e-05
4.74842e-05
4.79801e-05
4.90854e-05
5.29249e-05
5.89902e-05
6.63466e-05
4.27913e-05
4.80942e-05
4.90476e-05
4.83767e-05
4.81463e-05
4.83384e-05
4.80374e-05
4.90111e-05
5.32051e-05
5.89842e-05
4.34582e-05
4.76065e-05
4.87558e-05
4.8536e-05
4.85276e-05
4.84756e-05
4.78995e-05
4.72832e-05
4.90485e-05
5.2845e-05
4.39479e-05
4.6807e-05
4.79671e-05
4.81819e-05
4.82536e-05
4.77909e-05
4.68499e-05
4.63342e-05
4.69936e-05
4.87907e-05
4.33644e-05
4.48739e-05
4.61249e-05
4.70265e-05
4.73082e-05
4.64088e-05
4.48064e-05
4.51318e-05
4.55189e-05
4.62859e-05
3.94337e-05
4.00646e-05
4.05726e-05
4.16444e-05
4.41495e-05
5.58324e-05
6.49115e-05
7.08403e-05
7.73992e-05
8.49939e-05
4.2029e-05
4.38549e-05
4.39667e-05
4.39083e-05
4.58692e-05
5.84416e-05
6.98755e-05
7.91825e-05
8.90895e-05
9.9978e-05
4.33471e-05
4.58787e-05
4.60821e-05
4.54524e-05
4.78005e-05
6.25785e-05
7.69812e-05
8.96211e-05
0.000101349
0.000113546
4.41046e-05
4.69242e-05
4.73384e-05
4.64341e-05
5.06035e-05
6.80422e-05
8.487e-05
9.93837e-05
0.000112229
0.000124539
4.4899e-05
4.75947e-05
4.81723e-05
4.72616e-05
5.50207e-05
7.44517e-05
9.27472e-05
0.000108049
0.000121792
0.000133403
4.57617e-05
4.80652e-05
4.90285e-05
4.93249e-05
6.05731e-05
8.10491e-05
9.97676e-05
0.000115177
0.000129718
0.000140305
4.63725e-05
4.87483e-05
5.01294e-05
5.28119e-05
6.61878e-05
8.66003e-05
0.000104862
0.000120135
0.000135353
0.000145291
4.68255e-05
4.99325e-05
5.16057e-05
5.65605e-05
7.06172e-05
8.98614e-05
0.000107143
0.000122383
0.00013796
0.000148301
4.71743e-05
5.12846e-05
5.37811e-05
5.96972e-05
7.30556e-05
9.02631e-05
0.0001062
0.000121182
0.000137234
0.00014912
4.74175e-05
5.2626e-05
5.59847e-05
6.21446e-05
7.42995e-05
8.96582e-05
0.000104614
0.000119166
0.000135123
0.000148173
4.75123e-05
5.36398e-05
5.76329e-05
6.39368e-05
7.51131e-05
8.92671e-05
0.000103678
0.00011798
0.000133499
0.000145763
4.74006e-05
5.40181e-05
5.82798e-05
6.44662e-05
7.4729e-05
8.78086e-05
0.000101503
0.00011525
0.000130056
0.000141604
4.66021e-05
5.31382e-05
5.72614e-05
6.30361e-05
7.24247e-05
8.47254e-05
9.78118e-05
0.000110915
0.000124845
0.000136043
4.51383e-05
5.11231e-05
5.44779e-05
5.92309e-05
6.77603e-05
7.99093e-05
9.27346e-05
0.000105253
0.000118145
0.000129212
4.35339e-05
4.886e-05
5.0819e-05
5.31542e-05
6.0861e-05
7.33386e-05
8.63772e-05
9.83477e-05
0.000110174
0.000121113
4.24585e-05
4.73488e-05
4.80309e-05
4.81462e-05
5.2637e-05
6.53395e-05
7.86918e-05
9.02589e-05
0.000101066
0.000111646
4.19693e-05
4.62254e-05
4.68627e-05
4.64049e-05
4.67212e-05
5.59876e-05
6.93063e-05
8.09154e-05
9.07818e-05
0.000100599
4.20587e-05
4.5459e-05
4.62261e-05
4.60017e-05
4.60021e-05
4.78971e-05
5.85739e-05
7.01908e-05
7.92999e-05
8.77487e-05
4.23229e-05
4.47791e-05
4.55526e-05
4.55996e-05
4.58958e-05
4.6309e-05
4.89058e-05
5.81459e-05
6.67425e-05
7.33463e-05
4.19185e-05
4.26243e-05
4.34455e-05
4.42558e-05
4.51469e-05
4.58573e-05
4.63191e-05
4.9193e-05
5.5404e-05
5.97154e-05
4.19185e-05
4.26243e-05
4.34455e-05
4.42558e-05
4.5147e-05
4.58573e-05
4.63191e-05
4.91931e-05
5.54042e-05
5.97157e-05
4.5128e-05
4.63874e-05
4.72641e-05
4.78239e-05
4.81602e-05
4.82783e-05
4.83185e-05
5.02076e-05
5.48227e-05
6.00124e-05
4.63558e-05
4.8643e-05
4.95022e-05
4.9587e-05
4.9414e-05
4.95702e-05
5.01269e-05
5.27697e-05
5.74542e-05
6.56658e-05
4.72573e-05
5.06581e-05
5.21639e-05
5.13047e-05
5.0404e-05
5.0561e-05
5.23524e-05
5.6771e-05
6.33948e-05
7.53521e-05
4.801e-05
5.21808e-05
5.51769e-05
5.33798e-05
5.13733e-05
5.17425e-05
5.54448e-05
6.20234e-05
7.11646e-05
8.56492e-05
4.84073e-05
5.32455e-05
5.74077e-05
5.55787e-05
5.22962e-05
5.34017e-05
5.91559e-05
6.76698e-05
7.87212e-05
9.39196e-05
4.84678e-05
5.37423e-05
5.80588e-05
5.7331e-05
5.31571e-05
5.54468e-05
6.27555e-05
7.24358e-05
8.43222e-05
9.94653e-05
4.82501e-05
5.37022e-05
5.75411e-05
5.80679e-05
5.41158e-05
5.74465e-05
6.54635e-05
7.52308e-05
8.6805e-05
0.000101666
4.78126e-05
5.333e-05
5.65093e-05
5.73072e-05
5.50522e-05
5.89962e-05
6.67683e-05
7.55012e-05
8.55124e-05
9.93479e-05
4.71999e-05
5.27203e-05
5.52103e-05
5.59119e-05
5.58598e-05
5.99009e-05
6.67791e-05
7.40752e-05
8.24194e-05
9.49159e-05
4.64804e-05
5.19691e-05
5.39882e-05
5.49058e-05
5.63105e-05
6.00909e-05
6.59162e-05
7.22342e-05
8.01217e-05
9.26443e-05
4.57062e-05
5.10924e-05
5.29053e-05
5.40654e-05
5.60395e-05
5.94236e-05
6.42921e-05
6.99757e-05
7.75967e-05
8.96271e-05
4.47918e-05
4.9983e-05
5.15388e-05
5.25152e-05
5.44291e-05
5.7684e-05
6.18523e-05
6.71004e-05
7.42903e-05
8.53504e-05
4.38789e-05
4.85162e-05
4.99208e-05
5.02802e-05
5.14116e-05
5.39813e-05
5.82177e-05
6.34301e-05
7.00613e-05
7.99516e-05
4.3147e-05
4.77691e-05
4.86332e-05
4.82313e-05
4.84155e-05
4.96811e-05
5.28658e-05
5.86054e-05
6.48519e-05
7.35521e-05
4.2693e-05
4.80254e-05
4.88627e-05
4.7593e-05
4.74842e-05
4.79801e-05
4.90855e-05
5.2925e-05
5.89903e-05
6.63466e-05
4.27912e-05
4.80942e-05
4.90475e-05
4.83766e-05
4.81463e-05
4.83383e-05
4.80374e-05
4.90111e-05
5.32052e-05
5.89843e-05
4.34582e-05
4.76065e-05
4.87558e-05
4.85359e-05
4.85276e-05
4.84756e-05
4.78995e-05
4.72832e-05
4.90486e-05
5.2845e-05
4.39479e-05
4.6807e-05
4.79671e-05
4.81819e-05
4.82536e-05
4.77909e-05
4.68499e-05
4.63342e-05
4.69936e-05
4.87907e-05
4.33644e-05
4.48739e-05
4.61249e-05
4.70265e-05
4.73082e-05
4.64088e-05
4.48064e-05
4.51318e-05
4.55189e-05
4.62859e-05
)
;
    }
}


// ************************************************************************* //
