/*--------------------------------*- C++ -*----------------------------------*\
| =========                 |                                                 |
| \\      /  F ield         | OpenFOAM: The Open Source CFD Toolbox           |
|  \\    /   O peration     | Version:  1.7.1                                 |
|   \\  /    A nd           | Web:      www.OpenFOAM.com                      |
|    \\/     M anipulation  |                                                 |
\*---------------------------------------------------------------------------*/
FoamFile
{
    version     2.0;
    format      ascii;
    class       volScalarField;
    location    "400";
    object      p_rgh;
}
// * * * * * * * * * * * * * * * * * * * * * * * * * * * * * * * * * * * * * //

dimensions      [1 -1 -2 0 0 0 0];

internalField   nonuniform List<scalar> 
4000
(
100093
100093
100093
100093
100093
100093
100093
100093
100093
100093
100093
100093
100093
100093
100093
100093
100093
100093
100093
100093
100093
100093
100093
100093
100093
100093
100093
100093
100093
100093
100093
100093
100093
100093
100093
100093
100093
100093
100093
100093
100093
100093
100093
100093
100093
100093
100093
100093
100093
100093
100093
100093
100093
100093
100093
100093
100093
100093
100093
100093
100093
100093
100093
100093
100093
100093
100093
100093
100093
100093
100093
100093
100093
100093
100093
100093
100093
100093
100093
100093
100093
100093
100093
100093
100093
100093
100093
100093
100093
100093
100093
100093
100093
100093
100093
100093
100093
100093
100093
100093
100093
100093
100093
100093
100093
100093
100093
100093
100093
100093
100093
100093
100093
100093
100093
100093
100093
100093
100093
100093
100093
100093
100093
100093
100093
100093
100093
100093
100093
100093
100093
100093
100093
100093
100093
100093
100093
100093
100093
100093
100093
100093
100093
100093
100093
100093
100093
100093
100093
100093
100093
100093
100093
100093
100093
100093
100093
100093
100093
100093
100093
100093
100093
100093
100093
100093
100093
100093
100093
100093
100093
100093
100093
100093
100093
100093
100093
100093
100093
100093
100093
100093
100093
100093
100093
100093
100093
100093
100093
100093
100093
100093
100093
100093
100093
100093
100093
100093
100093
100093
100093
100093
100093
100093
100093
100093
100093
100093
100093
100093
100093
100093
100093
100093
100093
100093
100093
100093
100093
100093
100093
100093
100093
100093
100093
100093
100093
100093
100093
100093
100093
100093
100093
100093
100093
100093
100093
100093
100093
100093
100093
100093
100093
100093
100093
100093
100093
100093
100093
100093
100093
100093
100093
100093
100093
100093
100093
100093
100093
100093
100093
100093
100093
100093
100093
100093
100093
100093
100093
100093
100093
100093
100093
100093
100093
100093
100093
100093
100093
100093
100093
100093
100093
100093
100093
100093
100093
100093
100093
100093
100093
100093
100093
100093
100093
100093
100093
100093
100093
100093
100093
100093
100093
100093
100093
100093
100093
100093
100093
100093
100093
100093
100093
100093
100093
100093
100093
100093
100093
100093
100093
100093
100093
100093
100093
100093
100093
100093
100093
100093
100093
100093
100093
100093
100093
100093
100093
100093
100093
100093
100093
100093
100093
100093
100093
100093
100093
100093
100093
100093
100093
100093
100093
100093
100093
100093
100093
100093
100093
100093
100093
100093
100093
100093
100093
100093
100093
100093
100093
100093
100093
100093
100093
100093
100093
100093
100093
100093
100093
100093
100093
100093
100093
100093
100093
100093
100093
100093
100093
100093
100093
100093
100093
100093
100093
100093
100093
100093
100093
100093
100093
100093
100093
100093
100093
100093
100093
100093
100093
100093
100093
100093
100093
100093
100093
100093
100093
100093
100093
100093
100093
100093
100093
100093
100093
100093
100093
100093
100093
100093
100093
100093
100093
100093
100093
100093
100093
100093
100093
100093
100093
100093
100093
100093
100093
100093
100093
100093
100093
100093
100093
100093
100093
100093
100093
100093
100093
100093
100093
100093
100093
100093
100093
100093
100093
100093
100093
100093
100093
100093
100093
100093
100093
100093
100093
100093
100093
100093
100093
100093
100093
100093
100093
100093
100093
100093
100093
100093
100093
100093
100093
100093
100093
100093
100093
100093
100093
100093
100093
100093
100093
100093
100093
100093
100093
100093
100093
100093
100093
100093
100093
100093
100093
100093
100093
100093
100093
100093
100093
100093
100093
100093
100093
100093
100093
100093
100093
100093
100093
100093
100093
100093
100093
100093
100093
100093
100093
100093
100093
100093
100093
100093
100093
100093
100093
100093
100093
100093
100093
100093
100093
100093
100093
100093
100093
100093
100093
100093
100093
100093
100093
100093
100093
100093
100093
100093
100093
100093
100093
100093
100093
100093
100093
100093
100093
100093
100093
100093
100093
100093
100093
100093
100093
100093
100093
100093
100093
100093
100093
100093
100093
100093
100093
100093
100093
100093
100093
100093
100093
100093
100093
100093
100093
100093
100093
100093
100093
100093
100093
100093
100093
100093
100093
100093
100093
100093
100093
100093
100093
100093
100093
100093
100093
100093
100093
100093
100093
100093
100093
100093
100093
100093
100093
100093
100093
100093
100093
100093
100093
100093
100093
100093
100093
100093
100093
100093
100093
100093
100093
100093
100093
100093
100093
100093
100093
100093
100093
100093
100093
100093
100093
100093
100093
100093
100093
100093
100093
100093
100093
100093
100093
100093
100093
100093
100093
100093
100093
100093
100093
100093
100093
100093
100093
100093
100093
100093
100093
100093
100093
100093
100093
100093
100093
100093
100093
100093
100093
100093
100093
100093
100093
100093
100093
100093
100093
100093
100093
100093
100093
100093
100093
100093
100093
100093
100093
100093
100093
100093
100093
100093
100093
100093
100093
100093
100093
100093
100093
100093
100093
100093
100093
100093
100093
100093
100093
100093
100093
100093
100093
100093
100093
100093
100093
100093
100093
100093
100093
100093
100093
100093
100093
100093
100093
100093
100093
100093
100093
100093
100093
100093
100093
100093
100093
100093
100093
100093
100093
100093
100093
100093
100093
100093
100093
100093
100093
100093
100093
100093
100093
100093
100093
100093
100093
100093
100093
100093
100093
100093
100093
100093
100093
100093
100093
100093
100093
100093
100093
100093
100093
100093
100093
100093
100093
100093
100093
100093
100093
100093
100093
100093
100093
100093
100093
100093
100093
100093
100093
100093
100093
100093
100093
100093
100093
100093
100093
100093
100093
100093
100093
100093
100093
100093
100093
100093
100093
100093
100093
100093
100093
100093
100093
100093
100093
100093
100093
100093
100093
100093
100093
100093
100093
100093
100093
100093
100093
100093
100093
100093
100093
100093
100093
100093
100093
100093
100093
100093
100093
100093
100093
100093
100093
100093
100093
100093
100093
100093
100093
100093
100093
100093
100093
100093
100093
100093
100093
100093
100093
100093
100093
100093
100093
100093
100093
100093
100093
100093
100093
100093
100093
100093
100093
100093
100093
100093
100093
100093
100093
100093
100093
100093
100093
100093
100093
100093
100093
100093
100093
100093
100093
100093
100093
100093
100093
100093
100093
100093
100093
100093
100093
100093
100093
100093
100093
100093
100093
100093
100093
100093
100093
100093
100093
100093
100093
100093
100093
100093
100093
100093
100093
100093
100093
100093
100093
100093
100093
100093
100093
100093
100093
100093
100093
100093
100093
100093
100093
100093
100093
100093
100093
100093
100093
100093
100093
100093
100093
100093
100093
100093
100093
100093
100093
100093
100093
100093
100093
100093
100093
100093
100093
100093
100093
100093
100093
100093
100093
100093
100093
100093
100093
100093
100093
100093
100093
100093
100093
100093
100093
100093
100093
100093
100093
100093
100093
100093
100093
100093
100093
100093
100093
100093
100093
100093
100093
100093
100093
100093
100093
100093
100093
100093
100093
100093
100093
100093
100093
100093
100093
100093
100093
100093
100093
100093
100093
100093
100093
100093
100093
100093
100093
100093
100093
100093
100093
100093
100093
100093
100093
100093
100093
100093
100093
100093
100093
100093
100093
100093
100093
100093
100093
100093
100093
100093
100093
100093
100093
100093
100093
100093
100093
100093
100093
100093
100093
100093
100093
100093
100093
100093
100093
100093
100093
100093
100093
100093
100093
100093
100093
100093
100093
100093
100093
100093
100093
100093
100093
100093
100093
100093
100093
100093
100093
100093
100093
100093
100093
100093
100093
100093
100093
100093
100093
100093
100093
100093
100093
100093
100093
100093
100093
100093
100093
100093
100093
100093
100093
100093
100093
100093
100093
100093
100093
100093
100093
100093
100093
100093
100093
100093
100093
100093
100093
100093
100093
100093
100093
100093
100093
100093
100093
100093
100093
100093
100093
100093
100093
100093
100093
100093
100093
100093
100093
100093
100093
100093
100093
100093
100093
100093
100093
100093
100093
100093
100093
100093
100093
100093
100093
100093
100093
100093
100093
100093
100093
100093
100093
100093
100093
100093
100093
100093
100093
100093
100093
100093
100093
100093
100093
100093
100093
100093
100093
100093
100093
100093
100093
100093
100093
100093
100093
100093
100093
100093
100093
100093
100093
100093
100093
100093
100093
100093
100093
100093
100093
100093
100093
100093
100093
100093
100093
100093
100093
100093
100093
100093
100093
100093
100093
100093
100093
100093
100093
100093
100093
100093
100093
100093
100093
100093
100093
100093
100093
100093
100093
100093
100093
100093
100093
100093
100093
100093
100093
100093
100093
100093
100093
100093
100093
100093
100093
100093
100093
100093
100093
100093
100093
100093
100093
100093
100093
100093
100093
100093
100093
100093
100093
100093
100093
100093
100093
100093
100093
100093
100093
100093
100093
100093
100093
100093
100093
100093
100093
100093
100093
100093
100093
100093
100093
100093
100093
100093
100093
100093
100093
100093
100093
100093
100093
100093
100093
100093
100093
100093
100093
100093
100093
100093
100093
100093
100093
100093
100093
100093
100093
100093
100093
100093
100093
100093
100093
100093
100093
100093
100093
100093
100093
100093
100093
100093
100093
100093
100093
100093
100093
100093
100093
100093
100093
100093
100093
100093
100093
100093
100093
100093
100093
100093
100093
100093
100093
100093
100093
100093
100093
100093
100093
100093
100093
100093
100093
100093
100093
100093
100093
100093
100093
100093
100093
100093
100093
100093
100093
100093
100093
100093
100093
100093
100093
100093
100093
100093
100093
100093
100093
100093
100093
100093
100093
100093
100093
100093
100093
100093
100093
100093
100093
100093
100093
100093
100093
100093
100093
100093
100093
100093
100093
100093
100093
100093
100093
100093
100093
100093
100093
100093
100093
100093
100093
100093
100093
100093
100093
100093
100093
100093
100093
100093
100093
100093
100093
100093
100093
100093
100093
100093
100093
100093
100093
100093
100093
100093
100093
100093
100093
100093
100093
100093
100093
100093
100093
100093
100093
100093
100093
100093
100093
100093
100093
100093
100093
100093
100093
100093
100093
100093
100093
100093
100093
100093
100093
100093
100093
100093
100093
100093
100093
100093
100093
100093
100093
100093
100093
100093
100093
100093
100093
100093
100093
100093
100093
100093
100093
100093
100093
100093
100093
100093
100093
100093
100093
100093
100093
100093
100093
100093
100093
100093
100093
100093
100093
100093
100093
100093
100093
100093
100093
100093
100093
100093
100093
100093
100093
100093
100093
100093
100093
100093
100093
100093
100093
100093
100093
100093
100093
100093
100093
100093
100093
100093
100093
100093
100093
100093
100093
100093
100093
100093
100093
100093
100093
100093
100093
100093
100093
100093
100093
100093
100093
100093
100093
100093
100093
100093
100093
100093
100093
100093
100093
100093
100093
100093
100093
100093
100093
100093
100093
100093
100093
100093
100093
100093
100093
100093
100093
100093
100093
100093
100093
100093
100093
100093
100093
100093
100093
100093
100093
100093
100093
100093
100093
100093
100093
100093
100093
100093
100093
100093
100093
100093
100093
100093
100093
100093
100093
100093
100093
100093
100093
100093
100093
100093
100093
100093
100093
100093
100093
100093
100093
100093
100093
100093
100093
100093
100093
100093
100093
100093
100093
100093
100093
100093
100093
100093
100093
100093
100093
100093
100093
100093
100093
100093
100093
100093
100093
100093
100093
100093
100093
100093
100093
100093
100093
100093
100093
100093
100093
100093
100093
100093
100093
100093
100093
100093
100093
100093
100093
100093
100093
100093
100093
100093
100093
100093
100093
100093
100093
100093
100093
100093
100093
100093
100093
100093
100093
100093
100093
100093
100093
100093
100093
100093
100093
100093
100093
100093
100093
100093
100093
100093
100093
100093
100093
100093
100093
100093
100093
100093
100093
100093
100093
100093
100093
100093
100093
100093
100093
100093
100093
100093
100093
100093
100093
100093
100093
100093
100093
100093
100093
100093
100093
100093
100093
100093
100093
100093
100093
100093
100093
100093
100093
100093
100093
100093
100093
100093
100093
100093
100093
100093
100093
100093
100093
100093
100093
100093
100093
100093
100093
100093
100093
100093
100093
100093
100093
100093
100093
100093
100093
100093
100093
100093
100093
100093
100093
100093
100093
100093
100093
100093
100093
100093
100093
100093
100093
100093
100093
100093
100093
100093
100093
100093
100093
100093
100093
100093
100093
100093
100093
100093
100093
100093
100093
100093
100093
100093
100093
100093
100093
100093
100093
100093
100093
100093
100093
100093
100093
100093
100093
100093
100093
100093
100093
100093
100093
100093
100093
100093
100093
100093
100093
100093
100093
100093
100093
100093
100093
100093
100093
100093
100093
100093
100093
100093
100093
100093
100093
100093
100093
100093
100093
100093
100093
100093
100093
100093
100093
100093
100093
100093
100093
100093
100093
100093
100093
100093
100093
100093
100093
100093
100093
100093
100093
100093
100093
100093
100093
100093
100093
100093
100093
100093
100093
100093
100093
100093
100093
100093
100093
100093
100093
100093
100093
100093
100093
100093
100093
100093
100093
100093
100093
100093
100093
100093
100093
100093
100093
100093
100093
100093
100093
100093
100093
100093
100093
100093
100093
100093
100093
100093
100093
100093
100093
100093
100093
100093
100093
100093
100093
100093
100093
100093
100093
100093
100093
100093
100093
100093
100093
100093
100093
100093
100093
100093
100093
100093
100093
100093
100093
100093
100093
100093
100093
100093
100093
100093
100093
100093
100093
100093
100093
100093
100093
100093
100093
100093
100093
100093
100093
100093
100093
100093
100093
100093
100093
100093
100093
100093
100093
100093
100093
100093
100093
100093
100093
100093
100093
100093
100093
100093
100093
100093
100093
100093
100093
100093
100093
100093
100093
100093
100093
100093
100093
100093
100093
100093
100093
100093
100093
100093
100093
100093
100093
100093
100093
100093
100093
100093
100093
100093
100093
100093
100093
100093
100093
100093
100093
100093
100093
100093
100093
100093
100093
100093
100093
100093
100093
100093
100093
100093
100093
100093
100093
100093
100093
100093
100093
100093
100093
100093
100093
100093
100093
100093
100093
100093
100093
100093
100093
100093
100093
100093
100093
100093
100093
100093
100093
100093
100093
100093
100093
100093
100093
100093
100093
100093
100093
100093
100093
100093
100093
100093
100093
100093
100093
100093
100093
100093
100093
100093
100093
100093
100093
100093
100093
100093
100093
100093
100093
100093
100093
100093
100093
100093
100093
100093
100093
100093
100093
100093
100093
100093
100093
100093
100093
100093
100093
100093
100093
100093
100093
100093
100093
100093
100093
100093
100093
100093
100093
100093
100093
100093
100093
100093
100093
100093
100093
100093
100093
100093
100093
100093
100093
100093
100093
100093
100093
100093
100093
100093
100093
100093
100093
100093
100093
100093
100093
100093
100093
100093
100093
100093
100093
100093
100093
100093
100093
100093
100093
100093
100093
100093
100093
100093
100093
100093
100093
100093
100093
100093
100093
100093
100093
100093
100093
100093
100093
100093
100093
100093
100093
100093
100093
100093
100093
100093
100093
100093
100093
100093
100093
100093
100093
100093
100093
100093
100093
100093
100093
100093
100093
100093
100093
100093
100093
100093
100093
100093
100093
100093
100093
100093
100093
100093
100093
100093
100093
100093
100093
100093
100093
100093
100093
100093
100093
100093
100093
100093
100093
100093
100093
100093
100093
100093
100093
100093
100093
100093
100093
100093
100093
100093
100093
100093
100093
100093
100093
100093
100093
100093
100093
100093
100093
100093
100093
100093
100093
100093
100093
100093
100093
100093
100093
100093
100093
100093
100093
100093
100093
100093
100093
100093
100093
100093
100093
100093
100093
100093
100093
100093
100093
100093
100093
100093
100093
100093
100093
100093
100093
100093
100093
100093
100093
100093
100093
100093
100093
100093
100093
100093
100093
100093
100093
100093
100093
100093
100093
100093
100093
100093
100093
100093
100093
100093
100093
100093
100093
100093
100093
100093
100093
100093
100093
100093
100093
100093
100093
100093
100093
100093
100093
100093
100093
100093
100093
100093
100093
100093
100093
100093
100093
100093
100093
100093
100093
100093
100093
100093
100093
100093
100093
100093
100093
100093
100093
100093
100093
100093
100093
100093
100093
100093
100093
100093
100093
100093
100093
100093
100093
100093
100093
100093
100093
100093
100093
100093
100093
100093
100093
100093
100093
100093
100093
100093
100093
100093
100093
100093
100093
100093
100093
100093
100093
100093
100093
100093
100093
100093
100093
100093
100093
100093
100093
100093
100093
100093
100093
100093
100093
100093
100093
100093
100093
100093
100093
100093
100093
100093
100093
100093
100093
100093
100093
100093
100093
100093
100093
100093
100093
100093
100093
100093
100093
100093
100093
100093
100093
100093
100093
100093
100093
100093
100093
100093
100093
100093
100093
100093
100093
100093
100093
100093
100093
100093
100093
100093
100093
100093
100093
100093
100093
100093
100093
100093
100093
100093
100093
100093
100093
100093
100093
100093
100093
100093
100093
100093
100093
100093
100093
100093
100093
100093
100093
100093
100093
100093
100093
100093
100093
100093
100093
100093
100093
100093
100093
100093
100093
100093
100093
100093
100093
100093
100093
100093
100093
100093
100093
100093
100093
100093
100093
100093
100093
100093
100093
100093
100093
100093
100093
100093
100093
100093
100093
100093
100093
100093
100093
100093
100093
100093
100093
100093
100093
100093
100093
100093
100093
100093
100093
100093
100093
100093
100093
100093
100093
100093
100093
100093
100093
100093
100093
100093
100093
100093
100093
100093
100093
100093
100093
100093
100093
100093
100093
100093
100093
100093
100093
100093
100093
100093
100093
100093
100093
100093
100093
100093
100093
100093
100093
100093
100093
100093
100093
100093
100093
100093
100093
100093
100093
100093
100093
100093
100093
100093
100093
100093
100093
100093
100093
100093
100093
100093
100093
100093
100093
100093
100093
100093
100093
100093
100093
100093
100093
100093
100093
100093
100093
100093
100093
100093
100093
100093
100093
100093
100093
100093
100093
100093
100093
100093
100093
100093
100093
100093
100093
100093
100093
100093
100093
100093
100093
100093
100093
100093
100093
100093
100093
100093
100093
100093
100093
100093
100093
100093
100093
100093
100093
100093
100093
100093
100093
100093
100093
100093
100093
100093
100093
100093
100093
100093
100093
100093
100093
100093
100093
100093
100093
100093
100093
100093
100093
100093
100093
100093
100093
100093
100093
100093
100093
100093
100093
100093
100093
100093
100093
100093
100093
100093
100093
100093
100093
100093
100093
100093
100093
100093
100093
100093
100093
100093
100093
100093
100093
100093
100093
100093
100093
100093
100093
100093
100093
100093
100093
100093
100093
100093
100093
100093
100093
100093
100093
100093
100093
100093
100093
100093
100093
100093
100093
100093
100093
100093
100093
100093
100093
100093
100093
100093
100093
100093
100093
100093
100093
100093
100093
100093
100093
100093
100093
100093
100093
100093
100093
100093
100093
100093
100093
100093
100093
100093
100093
100093
100093
100093
100093
100093
100093
100093
100093
100093
100093
100093
100093
100093
100093
100093
100093
100093
100093
100093
100093
100093
100093
100093
100093
100093
100093
100093
100093
100093
100093
100093
100093
100093
100093
100093
100093
100093
100093
100093
100093
100093
100093
100093
100093
100093
100093
100093
100093
100093
100093
100093
100093
100093
100093
100093
100093
100093
100093
100093
100093
100093
100093
100093
100093
100093
100093
100093
100093
100093
100093
100093
100093
100093
100093
100093
100093
100093
100093
100093
100093
100093
100093
100093
100093
100093
100093
100093
100093
100093
100093
100093
100093
100093
100093
100093
100093
100093
100093
100093
100093
100093
100093
100093
100093
100093
100093
100093
100093
100093
100093
100093
100093
100093
100093
100093
100093
100093
100093
100093
100093
100093
100093
100093
100093
100093
100093
100093
100093
100093
100093
100093
100093
100093
100093
100093
100093
100093
100093
100093
100093
100093
100093
100093
100093
100093
100093
100093
100093
100093
100093
100093
100093
100093
100093
100093
100093
100093
100093
100093
100093
100093
100093
100093
100093
100093
100093
100093
100093
100093
100093
100093
100093
100093
100093
100093
100093
100093
100093
100093
100093
100093
100093
100093
100093
100093
100093
100093
100093
100093
100093
100093
100093
100093
100093
100093
100093
100093
100093
100093
100093
100093
100093
100093
100093
100093
100093
100093
100093
100093
100093
100093
100093
100093
100093
100093
100093
100093
100093
100093
100093
100093
100093
100093
100093
100093
100093
100093
100093
100093
100093
100093
100093
100093
100093
100093
100093
100093
100093
100093
100093
100093
100093
100093
100093
100093
100093
100093
100093
100093
100093
100093
100093
100093
100093
100093
100093
100093
100093
100093
100093
100093
100093
100093
100093
100093
100093
100093
100093
100093
100093
100093
100093
100093
100093
100093
100093
100093
100093
100093
100093
100093
100093
100093
100093
100093
100093
100093
100093
100093
100093
100093
100093
100093
100093
100093
100093
100093
100093
100093
100093
100093
100093
100093
100093
100093
100093
100093
100093
100093
100093
100093
100093
100093
100093
100093
100093
100093
100093
100093
100093
100093
100093
100093
100093
100093
100093
100093
100093
100093
100093
100093
100093
100093
100093
100093
100093
100093
100093
100093
100093
100093
100093
100093
100093
100093
100093
100093
100093
100093
100093
100093
100093
100093
100093
100093
100093
100093
100093
100093
100093
100093
100093
100093
100093
100093
100093
100093
100093
100093
100093
100093
100093
100093
100093
100093
100093
100093
100093
100093
100093
100093
100093
100093
100093
100093
100093
100093
100093
100093
100093
100093
100093
100093
100093
100093
100093
100093
100093
100093
100093
100093
100093
100093
100093
100093
100093
100093
100093
100093
100093
100093
100093
100093
100093
100093
100093
100093
100093
100093
100093
100093
100093
100093
100093
100093
100093
100093
100093
100093
100093
100093
100093
100093
100093
100093
100093
100093
100093
100093
100093
100093
100093
100093
100093
100093
100093
100093
100093
100093
100093
100093
100093
100093
100093
100093
100093
100093
100093
100093
100093
100093
100093
100093
100093
100093
100093
100093
100093
100093
100093
100093
100093
100093
100093
100093
100093
100093
100093
100093
100093
100093
100093
100093
100093
100093
100093
100093
100093
100093
100093
100093
100093
100093
100093
100093
100093
100093
100093
100093
100093
100093
100093
100093
100093
100093
100093
100093
100093
100093
100093
100093
100093
100093
100093
100093
100093
100093
100093
100093
100093
100093
100093
100093
100093
100093
100093
100093
100093
100093
100093
100093
100093
100093
100093
100093
100093
100093
100093
100093
100093
100093
100093
100093
100093
100093
100093
100093
100093
100093
100093
100093
100093
100093
100093
100093
100093
100093
100093
100093
100093
100093
100093
100093
100093
100093
100093
100093
100093
100093
100093
100093
100093
100093
100093
100093
100093
100093
100093
100093
100093
100093
100093
100093
100093
100093
100093
100093
100093
100093
100093
100093
100093
100093
100093
100093
100093
100093
100093
100093
100093
100093
100093
100093
100093
100093
100093
100093
100093
100093
100093
100093
100093
100093
100093
100093
100093
100093
100093
100093
100093
100093
100093
100093
100093
100093
100093
100093
100093
100093
100093
100093
100093
100093
100093
100093
100093
100093
100093
100093
100093
100093
100093
100093
100093
100093
100093
100093
100093
100093
100093
100093
100093
100093
100093
100093
100093
100093
100093
100093
100093
100093
100093
100093
100093
100093
100093
100093
100093
100093
100093
100093
100093
100093
100093
100093
100093
100093
100093
100093
100093
100093
100093
100093
100093
100093
100093
100093
100093
100093
100093
100093
100093
100093
100093
100093
100093
100093
100093
100093
100093
100093
100093
100093
100093
100093
100093
100093
100093
100093
100093
100093
100093
100093
100093
100093
100093
100093
100093
100093
100093
100093
100093
100093
100093
100093
100093
100093
100093
100093
100093
100093
100093
100093
100093
100093
100093
100093
100093
100093
100093
100093
100093
100093
100093
100093
100093
100093
100093
100093
100093
100093
100093
100093
100093
100093
100093
100093
100093
100093
100093
100093
100093
100093
100093
100093
100093
100093
100093
100093
100093
100093
100093
100093
100093
100093
100093
100093
100093
100093
100093
100093
100093
100093
100093
100093
100093
100093
100093
100093
100093
100093
100093
100093
100093
100093
100093
100093
100093
100093
100093
100093
100093
100093
100093
100093
100093
100093
100093
100093
100093
100093
100093
100093
100093
100093
100093
100093
100093
100093
100093
100093
100093
100093
100093
100093
100093
100093
100093
100093
100093
100093
100093
100093
100093
100093
100093
100093
100093
100093
100093
100093
100093
100093
100093
100093
100093
100093
100093
100093
100093
100093
100093
100093
100093
100093
100093
100093
100093
100093
100093
100093
100093
100093
100093
100093
100093
100093
100093
100093
100093
100093
100093
100093
100093
100093
100093
100093
100093
100093
100093
100093
100093
100093
100093
100093
100093
100093
100093
100093
100093
100093
100093
100093
100093
100093
100093
100093
100093
100093
100093
100093
100093
100093
100093
100093
100093
100093
100093
100093
100093
100093
100093
100093
100093
100093
100093
100093
100093
100093
100093
100093
100093
100093
100093
100093
100093
100093
100093
100093
100093
100093
100093
100093
100093
100093
100093
100093
100093
100093
100093
100093
100093
100093
100093
100093
100093
100093
100093
100093
100093
100093
100093
100093
100093
100093
100093
100093
100093
100093
100093
100093
100093
100093
100093
100093
100093
100093
100093
100093
100093
100093
100093
100093
100093
100093
100093
100093
100093
100093
100093
100093
100093
100093
100093
100093
100093
100093
100093
100093
100093
100093
100093
100093
100093
100093
100093
100093
100093
100093
100093
100093
100093
100093
100093
100093
100093
100093
100093
100093
100093
100093
100093
100093
100093
100093
100093
100093
100093
100093
100093
100093
100093
100093
100093
100093
100093
100093
100093
100093
100093
100093
100093
100093
100093
100093
100093
100093
100093
100093
100093
100093
100093
100093
100093
100093
100093
100093
100093
100093
100093
100093
100093
100093
100093
100093
100093
100093
100093
100093
100093
100093
100093
100093
100093
100093
100093
100093
100093
100093
100093
100093
100093
100093
100093
100093
100093
100093
100093
100093
100093
100093
100093
100093
100093
100093
100093
100093
100093
100093
100093
100093
100093
100093
100093
100093
100093
100093
100093
100093
100093
100093
100093
100093
100093
100093
100093
100093
100093
100093
100093
100093
100093
100093
100093
100093
100093
100093
100093
100093
100093
100093
100093
100093
100093
100093
100093
100093
100093
100093
100093
100093
100093
100093
100093
100093
100093
100093
100093
100093
100093
100093
100093
100093
100093
100093
100093
100093
100093
100093
100093
100093
100093
100093
100093
100093
100093
100093
100093
100093
100093
100093
100093
100093
100093
100093
100093
100093
100093
100093
100093
100093
100093
100093
100093
100093
100093
100093
100093
100093
100093
100093
)
;

boundaryField
{
    floor
    {
        type            buoyantPressure;
        gradient        uniform -0;
        rho             rho;
        value           nonuniform List<scalar> 
400
(
100093
100093
100093
100093
100093
100093
100093
100093
100093
100093
100093
100093
100093
100093
100093
100093
100093
100093
100093
100093
100093
100093
100093
100093
100093
100093
100093
100093
100093
100093
100093
100093
100093
100093
100093
100093
100093
100093
100093
100093
100093
100093
100093
100093
100093
100093
100093
100093
100093
100093
100093
100093
100093
100093
100093
100093
100093
100093
100093
100093
100093
100093
100093
100093
100093
100093
100093
100093
100093
100093
100093
100093
100093
100093
100093
100093
100093
100093
100093
100093
100093
100093
100093
100093
100093
100093
100093
100093
100093
100093
100093
100093
100093
100093
100093
100093
100093
100093
100093
100093
100093
100093
100093
100093
100093
100093
100093
100093
100093
100093
100093
100093
100093
100093
100093
100093
100093
100093
100093
100093
100093
100093
100093
100093
100093
100093
100093
100093
100093
100093
100093
100093
100093
100093
100093
100093
100093
100093
100093
100093
100093
100093
100093
100093
100093
100093
100093
100093
100093
100093
100093
100093
100093
100093
100093
100093
100093
100093
100093
100093
100093
100093
100093
100093
100093
100093
100093
100093
100093
100093
100093
100093
100093
100093
100093
100093
100093
100093
100093
100093
100093
100093
100093
100093
100093
100093
100093
100093
100093
100093
100093
100093
100093
100093
100093
100093
100093
100093
100093
100093
100093
100093
100093
100093
100093
100093
100093
100093
100093
100093
100093
100093
100093
100093
100093
100093
100093
100093
100093
100093
100093
100093
100093
100093
100093
100093
100093
100093
100093
100093
100093
100093
100093
100093
100093
100093
100093
100093
100093
100093
100093
100093
100093
100093
100093
100093
100093
100093
100093
100093
100093
100093
100093
100093
100093
100093
100093
100093
100093
100093
100093
100093
100093
100093
100093
100093
100093
100093
100093
100093
100093
100093
100093
100093
100093
100093
100093
100093
100093
100093
100093
100093
100093
100093
100093
100093
100093
100093
100093
100093
100093
100093
100093
100093
100093
100093
100093
100093
100093
100093
100093
100093
100093
100093
100093
100093
100093
100093
100093
100093
100093
100093
100093
100093
100093
100093
100093
100093
100093
100093
100093
100093
100093
100093
100093
100093
100093
100093
100093
100093
100093
100093
100093
100093
100093
100093
100093
100093
100093
100093
100093
100093
100093
100093
100093
100093
100093
100093
100093
100093
100093
100093
100093
100093
100093
100093
100093
100093
100093
100093
100093
100093
100093
100093
100093
100093
100093
100093
100093
100093
100093
100093
100093
100093
100093
100093
100093
100093
100093
100093
100093
100093
100093
100093
100093
100093
100093
100093
100093
100093
100093
100093
100093
100093
100093
100093
100093
100093
100093
100093
)
;
    }
    ceiling
    {
        type            buoyantPressure;
        gradient        nonuniform List<scalar> 
400
(
0.143
0.146103
0.149796
0.153209
0.156159
0.158638
0.160639
0.16213
0.163096
0.165267
0.165272
0.164303
0.16267
0.16048
0.157788
0.154632
0.15109
0.147424
0.144365
0.142976
0.146103
0.14965
0.153535
0.157082
0.160187
0.162872
0.165123
0.166883
0.168106
0.170774
0.170661
0.169467
0.16756
0.165026
0.161914
0.158215
0.153921
0.149165
0.144713
0.142604
0.149796
0.153535
0.15729
0.160732
0.163849
0.166683
0.169183
0.171257
0.172734
0.175808
0.175526
0.174084
0.171944
0.169158
0.165812
0.161887
0.157322
0.152108
0.146684
0.143011
0.153209
0.157082
0.160732
0.164122
0.167338
0.170451
0.173334
0.175902
0.178032
0.18184
0.180694
0.178824
0.176325
0.173145
0.169498
0.165372
0.160694
0.155375
0.14957
0.144491
0.156159
0.160187
0.163849
0.167338
0.170801
0.174376
0.178197
0.181952
0.185482
0.190665
0.18783
0.184579
0.180947
0.177112
0.173
0.16856
0.163731
0.158392
0.152546
0.146783
0.158638
0.162872
0.166683
0.170451
0.174376
0.179007
0.184145
0.189553
0.19522
0.202771
0.197188
0.191755
0.186402
0.181205
0.176282
0.171365
0.166269
0.160853
0.15504
0.149053
0.160639
0.165123
0.169183
0.173334
0.178197
0.184145
0.19102
0.198841
0.207867
0.219521
0.209295
0.200339
0.192499
0.185512
0.179255
0.17366
0.168163
0.162563
0.156741
0.150737
0.16213
0.166884
0.171257
0.175902
0.181952
0.189553
0.198841
0.210304
0.224733
0.243551
0.22528
0.210522
0.199017
0.189689
0.181847
0.175184
0.169234
0.163351
0.15741
0.151408
0.163096
0.168106
0.172735
0.178032
0.185482
0.19522
0.207867
0.224733
0.247714
0.279341
0.246905
0.222684
0.205805
0.19342
0.183746
0.175925
0.16941
0.163139
0.156834
0.150669
0.165267
0.170774
0.175808
0.18184
0.190665
0.202771
0.219521
0.243551
0.279341
0.334584
0.275797
0.237293
0.213327
0.197297
0.185655
0.176669
0.169382
0.162607
0.15588
0.149642
0.165272
0.170661
0.175526
0.180694
0.18783
0.197188
0.209295
0.22528
0.246905
0.275797
0.242437
0.219247
0.203454
0.19179
0.182558
0.1749
0.168254
0.16175
0.155277
0.149122
0.164303
0.169467
0.174085
0.178824
0.184579
0.191755
0.200339
0.210522
0.222684
0.237293
0.219247
0.205998
0.195565
0.186856
0.179321
0.172651
0.166346
0.160106
0.153963
0.148215
0.16267
0.16756
0.171944
0.176325
0.180947
0.186403
0.192499
0.199017
0.205805
0.213327
0.203454
0.195565
0.188391
0.18175
0.175589
0.169586
0.163606
0.15767
0.151939
0.146791
0.16048
0.165026
0.169159
0.173146
0.177112
0.181205
0.185512
0.189689
0.19342
0.197297
0.19179
0.186856
0.18175
0.176636
0.171316
0.165809
0.160199
0.154631
0.149382
0.144953
0.157788
0.161914
0.165812
0.169498
0.173001
0.176282
0.179256
0.181847
0.183746
0.185655
0.182558
0.179321
0.175589
0.171316
0.166574
0.161514
0.156298
0.151154
0.146451
0.142824
0.154632
0.158215
0.161887
0.165373
0.16856
0.171365
0.17366
0.175184
0.175925
0.176669
0.1749
0.172651
0.169586
0.165809
0.161514
0.156866
0.152068
0.147406
0.143321
0.140578
0.15109
0.153921
0.157322
0.160694
0.163731
0.166269
0.168163
0.169235
0.16941
0.169382
0.168254
0.166346
0.163606
0.160199
0.156298
0.152068
0.147745
0.143664
0.140331
0.138549
0.147424
0.149165
0.152108
0.155375
0.158392
0.160853
0.162563
0.163351
0.163139
0.162607
0.16175
0.160106
0.15767
0.154631
0.151154
0.147406
0.143664
0.140348
0.138016
0.137205
0.144365
0.144713
0.146684
0.14957
0.152546
0.15504
0.156741
0.15741
0.156834
0.15588
0.155277
0.153963
0.151939
0.149382
0.146451
0.143321
0.140331
0.138016
0.136875
0.136853
0.142976
0.142604
0.143011
0.144491
0.146783
0.149053
0.150736
0.151408
0.150669
0.149642
0.149122
0.148215
0.146791
0.144953
0.142824
0.140578
0.138549
0.137205
0.136853
0.137243
)
;
        rho             rho;
        value           nonuniform List<scalar> 
400
(
100093
100093
100093
100093
100093
100093
100093
100093
100093
100093
100093
100093
100093
100093
100093
100093
100093
100093
100093
100093
100093
100093
100093
100093
100093
100093
100093
100093
100093
100093
100093
100093
100093
100093
100093
100093
100093
100093
100093
100093
100093
100093
100093
100093
100093
100093
100093
100093
100093
100093
100093
100093
100093
100093
100093
100093
100093
100093
100093
100093
100093
100093
100093
100093
100093
100093
100093
100093
100093
100093
100093
100093
100093
100093
100093
100093
100093
100093
100093
100093
100093
100093
100093
100093
100093
100093
100093
100093
100093
100093
100093
100093
100093
100093
100093
100093
100093
100093
100093
100093
100093
100093
100093
100093
100093
100093
100093
100093
100093
100093
100093
100093
100093
100093
100093
100093
100093
100093
100093
100093
100093
100093
100093
100093
100093
100093
100093
100093
100093
100093
100093
100093
100093
100093
100093
100093
100093
100093
100093
100093
100093
100093
100093
100093
100093
100093
100093
100093
100093
100093
100093
100093
100093
100093
100093
100093
100093
100093
100093
100093
100093
100093
100093
100093
100093
100093
100093
100093
100093
100093
100093
100093
100093
100093
100093
100093
100093
100093
100093
100093
100093
100093
100093
100093
100093
100093
100093
100093
100093
100093
100093
100093
100093
100093
100093
100093
100093
100093
100093
100093
100093
100093
100093
100093
100093
100093
100093
100093
100093
100093
100093
100093
100093
100093
100093
100093
100093
100093
100093
100093
100093
100093
100093
100093
100093
100093
100093
100093
100093
100093
100093
100093
100093
100093
100093
100093
100093
100093
100093
100093
100093
100093
100093
100093
100093
100093
100093
100093
100093
100093
100093
100093
100093
100093
100093
100093
100093
100093
100093
100093
100093
100093
100093
100093
100093
100093
100093
100093
100093
100093
100093
100093
100093
100093
100093
100093
100093
100093
100093
100093
100093
100093
100093
100093
100093
100093
100093
100093
100093
100093
100093
100093
100093
100093
100093
100093
100093
100093
100093
100093
100093
100093
100093
100093
100093
100093
100093
100093
100093
100093
100093
100093
100093
100093
100093
100093
100093
100093
100093
100093
100093
100093
100093
100093
100093
100093
100093
100093
100093
100093
100093
100093
100093
100093
100093
100093
100093
100093
100093
100093
100093
100093
100093
100093
100093
100093
100093
100093
100093
100093
100093
100093
100093
100093
100093
100093
100093
100093
100093
100093
100093
100093
100093
100093
100093
100093
100093
100093
100093
100093
100093
100093
100093
100093
100093
100093
100093
100093
100093
100093
100093
100093
100093
100093
100093
100093
100093
100093
100093
100093
100093
100093
100093
100093
100093
100093
100093
100093
100093
100093
)
;
    }
    fixedWalls
    {
        type            buoyantPressure;
        gradient        uniform 0;
        rho             rho;
        value           nonuniform List<scalar> 
800
(
100093
100093
100093
100093
100093
100093
100093
100093
100093
100093
100093
100093
100093
100093
100093
100093
100093
100093
100093
100093
100093
100093
100093
100093
100093
100093
100093
100093
100093
100093
100093
100093
100093
100093
100093
100093
100093
100093
100093
100093
100093
100093
100093
100093
100093
100093
100093
100093
100093
100093
100093
100093
100093
100093
100093
100093
100093
100093
100093
100093
100093
100093
100093
100093
100093
100093
100093
100093
100093
100093
100093
100093
100093
100093
100093
100093
100093
100093
100093
100093
100093
100093
100093
100093
100093
100093
100093
100093
100093
100093
100093
100093
100093
100093
100093
100093
100093
100093
100093
100093
100093
100093
100093
100093
100093
100093
100093
100093
100093
100093
100093
100093
100093
100093
100093
100093
100093
100093
100093
100093
100093
100093
100093
100093
100093
100093
100093
100093
100093
100093
100093
100093
100093
100093
100093
100093
100093
100093
100093
100093
100093
100093
100093
100093
100093
100093
100093
100093
100093
100093
100093
100093
100093
100093
100093
100093
100093
100093
100093
100093
100093
100093
100093
100093
100093
100093
100093
100093
100093
100093
100093
100093
100093
100093
100093
100093
100093
100093
100093
100093
100093
100093
100093
100093
100093
100093
100093
100093
100093
100093
100093
100093
100093
100093
100093
100093
100093
100093
100093
100093
100093
100093
100093
100093
100093
100093
100093
100093
100093
100093
100093
100093
100093
100093
100093
100093
100093
100093
100093
100093
100093
100093
100093
100093
100093
100093
100093
100093
100093
100093
100093
100093
100093
100093
100093
100093
100093
100093
100093
100093
100093
100093
100093
100093
100093
100093
100093
100093
100093
100093
100093
100093
100093
100093
100093
100093
100093
100093
100093
100093
100093
100093
100093
100093
100093
100093
100093
100093
100093
100093
100093
100093
100093
100093
100093
100093
100093
100093
100093
100093
100093
100093
100093
100093
100093
100093
100093
100093
100093
100093
100093
100093
100093
100093
100093
100093
100093
100093
100093
100093
100093
100093
100093
100093
100093
100093
100093
100093
100093
100093
100093
100093
100093
100093
100093
100093
100093
100093
100093
100093
100093
100093
100093
100093
100093
100093
100093
100093
100093
100093
100093
100093
100093
100093
100093
100093
100093
100093
100093
100093
100093
100093
100093
100093
100093
100093
100093
100093
100093
100093
100093
100093
100093
100093
100093
100093
100093
100093
100093
100093
100093
100093
100093
100093
100093
100093
100093
100093
100093
100093
100093
100093
100093
100093
100093
100093
100093
100093
100093
100093
100093
100093
100093
100093
100093
100093
100093
100093
100093
100093
100093
100093
100093
100093
100093
100093
100093
100093
100093
100093
100093
100093
100093
100093
100093
100093
100093
100093
100093
100093
100093
100093
100093
100093
100093
100093
100093
100093
100093
100093
100093
100093
100093
100093
100093
100093
100093
100093
100093
100093
100093
100093
100093
100093
100093
100093
100093
100093
100093
100093
100093
100093
100093
100093
100093
100093
100093
100093
100093
100093
100093
100093
100093
100093
100093
100093
100093
100093
100093
100093
100093
100093
100093
100093
100093
100093
100093
100093
100093
100093
100093
100093
100093
100093
100093
100093
100093
100093
100093
100093
100093
100093
100093
100093
100093
100093
100093
100093
100093
100093
100093
100093
100093
100093
100093
100093
100093
100093
100093
100093
100093
100093
100093
100093
100093
100093
100093
100093
100093
100093
100093
100093
100093
100093
100093
100093
100093
100093
100093
100093
100093
100093
100093
100093
100093
100093
100093
100093
100093
100093
100093
100093
100093
100093
100093
100093
100093
100093
100093
100093
100093
100093
100093
100093
100093
100093
100093
100093
100093
100093
100093
100093
100093
100093
100093
100093
100093
100093
100093
100093
100093
100093
100093
100093
100093
100093
100093
100093
100093
100093
100093
100093
100093
100093
100093
100093
100093
100093
100093
100093
100093
100093
100093
100093
100093
100093
100093
100093
100093
100093
100093
100093
100093
100093
100093
100093
100093
100093
100093
100093
100093
100093
100093
100093
100093
100093
100093
100093
100093
100093
100093
100093
100093
100093
100093
100093
100093
100093
100093
100093
100093
100093
100093
100093
100093
100093
100093
100093
100093
100093
100093
100093
100093
100093
100093
100093
100093
100093
100093
100093
100093
100093
100093
100093
100093
100093
100093
100093
100093
100093
100093
100093
100093
100093
100093
100093
100093
100093
100093
100093
100093
100093
100093
100093
100093
100093
100093
100093
100093
100093
100093
100093
100093
100093
100093
100093
100093
100093
100093
100093
100093
100093
100093
100093
100093
100093
100093
100093
100093
100093
100093
100093
100093
100093
100093
100093
100093
100093
100093
100093
100093
100093
100093
100093
100093
100093
100093
100093
100093
100093
100093
100093
100093
100093
100093
100093
100093
100093
100093
100093
100093
100093
100093
100093
100093
100093
100093
100093
100093
100093
100093
100093
100093
100093
100093
100093
100093
100093
100093
100093
100093
100093
100093
100093
100093
100093
100093
100093
100093
100093
100093
100093
100093
100093
100093
100093
100093
100093
100093
100093
100093
100093
100093
100093
100093
100093
100093
100093
100093
100093
100093
100093
100093
100093
100093
100093
100093
100093
100093
100093
100093
100093
100093
100093
100093
100093
100093
100093
100093
100093
100093
100093
100093
100093
100093
100093
100093
100093
100093
100093
)
;
    }
}


// ************************************************************************* //
