/*--------------------------------*- C++ -*----------------------------------*\
| =========                 |                                                 |
| \\      /  F ield         | OpenFOAM: The Open Source CFD Toolbox           |
|  \\    /   O peration     | Version:  1.7.1                                 |
|   \\  /    A nd           | Web:      www.OpenFOAM.com                      |
|    \\/     M anipulation  |                                                 |
\*---------------------------------------------------------------------------*/
FoamFile
{
    version     2.0;
    format      ascii;
    class       volScalarField;
    location    "400";
    object      T;
}
// * * * * * * * * * * * * * * * * * * * * * * * * * * * * * * * * * * * * * //

dimensions      [0 0 0 1 0 0 0];

internalField   nonuniform List<scalar> 
4000
(
300.117
300.116
300.114
300.112
300.111
300.113
300.116
300.119
300.123
300.127
300.131
300.134
300.136
300.134
300.13
300.126
300.122
300.118
300.117
300.12
300.12
300.119
300.119
300.12
300.122
300.124
300.129
300.134
300.14
300.145
300.151
300.156
300.159
300.159
300.155
300.149
300.141
300.134
300.128
300.126
300.124
300.125
300.126
300.127
300.129
300.132
300.139
300.146
300.153
300.16
300.166
300.172
300.176
300.177
300.174
300.166
300.156
300.146
300.138
300.132
300.133
300.136
300.138
300.14
300.144
300.151
300.16
300.168
300.174
300.179
300.184
300.189
300.193
300.195
300.192
300.182
300.171
300.16
300.149
300.142
300.156
300.159
300.164
300.171
300.18
300.189
300.195
300.199
300.201
300.203
300.205
300.208
300.21
300.211
300.21
300.202
300.187
300.175
300.164
300.155
300.206
300.207
300.209
300.211
300.213
300.215
300.217
300.218
300.218
300.218
300.219
300.22
300.22
300.221
300.22
300.218
300.212
300.197
300.183
300.173
300.213
300.213
300.214
300.215
300.217
300.219
300.22
300.221
300.222
300.223
300.223
300.224
300.223
300.223
300.222
300.22
300.219
300.216
300.207
300.197
300.208
300.209
300.211
300.214
300.217
300.219
300.22
300.221
300.222
300.224
300.224
300.224
300.223
300.222
300.22
300.218
300.216
300.214
300.215
300.215
300.203
300.205
300.209
300.213
300.216
300.218
300.22
300.221
300.222
300.224
300.225
300.224
300.223
300.221
300.219
300.216
300.212
300.209
300.208
300.208
300.197
300.201
300.206
300.211
300.215
300.218
300.221
300.223
300.224
300.227
300.227
300.225
300.223
300.22
300.217
300.213
300.208
300.203
300.199
300.197
300.116
300.115
300.114
300.113
300.112
300.112
300.115
300.119
300.123
300.126
300.13
300.134
300.135
300.134
300.129
300.125
300.12
300.117
300.116
300.116
300.119
300.12
300.12
300.12
300.121
300.124
300.128
300.133
300.139
300.144
300.15
300.155
300.158
300.158
300.153
300.144
300.136
300.129
300.125
300.124
300.125
300.126
300.127
300.128
300.13
300.133
300.138
300.145
300.151
300.157
300.163
300.169
300.173
300.175
300.171
300.162
300.152
300.142
300.135
300.132
300.136
300.138
300.14
300.142
300.144
300.149
300.156
300.162
300.168
300.173
300.178
300.183
300.188
300.191
300.189
300.18
300.168
300.157
300.147
300.141
300.159
300.162
300.164
300.168
300.173
300.18
300.185
300.188
300.19
300.192
300.195
300.199
300.203
300.206
300.206
300.199
300.186
300.173
300.162
300.154
300.207
300.206
300.206
300.208
300.209
300.21
300.211
300.21
300.209
300.209
300.209
300.211
300.213
300.216
300.216
300.214
300.208
300.194
300.182
300.172
300.213
300.213
300.214
300.214
300.215
300.216
300.216
300.215
300.214
300.214
300.215
300.216
300.218
300.219
300.219
300.218
300.217
300.214
300.205
300.196
300.209
300.21
300.211
300.213
300.215
300.216
300.216
300.216
300.215
300.216
300.217
300.218
300.219
300.219
300.219
300.217
300.215
300.214
300.215
300.214
300.205
300.207
300.211
300.214
300.216
300.218
300.218
300.219
300.219
300.22
300.221
300.222
300.222
300.221
300.219
300.217
300.213
300.209
300.207
300.208
300.201
300.206
300.211
300.216
300.22
300.224
300.227
300.229
300.23
300.234
300.234
300.232
300.23
300.226
300.222
300.217
300.212
300.205
300.2
300.197
300.114
300.114
300.113
300.113
300.113
300.113
300.115
300.118
300.123
300.127
300.13
300.134
300.135
300.132
300.127
300.122
300.118
300.115
300.113
300.112
300.119
300.12
300.12
300.121
300.122
300.124
300.128
300.134
300.139
300.145
300.15
300.154
300.157
300.156
300.149
300.14
300.133
300.127
300.125
300.124
300.126
300.127
300.128
300.13
300.131
300.134
300.139
300.145
300.151
300.157
300.163
300.168
300.172
300.173
300.168
300.158
300.149
300.14
300.135
300.133
300.138
300.14
300.141
300.143
300.146
300.149
300.155
300.16
300.166
300.171
300.175
300.18
300.185
300.188
300.186
300.177
300.166
300.155
300.148
300.143
300.164
300.164
300.165
300.167
300.17
300.174
300.178
300.181
300.184
300.186
300.189
300.193
300.197
300.201
300.201
300.196
300.184
300.173
300.163
300.156
300.209
300.206
300.205
300.204
300.204
300.205
300.204
300.203
300.202
300.201
300.201
300.203
300.207
300.211
300.212
300.211
300.205
300.193
300.183
300.175
300.214
300.214
300.214
300.213
300.213
300.213
300.212
300.21
300.208
300.207
300.207
300.209
300.212
300.215
300.217
300.217
300.216
300.212
300.206
300.2
300.211
300.211
300.212
300.213
300.213
300.212
300.211
300.21
300.209
300.208
300.209
300.211
300.214
300.216
300.217
300.216
300.215
300.214
300.214
300.215
300.209
300.211
300.213
300.214
300.215
300.215
300.215
300.215
300.214
300.215
300.216
300.218
300.219
300.219
300.219
300.217
300.214
300.21
300.208
300.207
300.206
300.211
300.216
300.221
300.225
300.229
300.232
300.235
300.237
300.241
300.24
300.238
300.236
300.232
300.227
300.222
300.216
300.209
300.202
300.197
300.112
300.113
300.113
300.113
300.113
300.114
300.116
300.119
300.124
300.128
300.131
300.134
300.135
300.131
300.125
300.12
300.116
300.113
300.113
300.114
300.12
300.12
300.121
300.122
300.123
300.126
300.13
300.135
300.14
300.145
300.15
300.155
300.157
300.154
300.146
300.138
300.132
300.128
300.127
300.128
300.127
300.128
300.13
300.131
300.134
300.137
300.142
300.147
300.152
300.157
300.163
300.167
300.171
300.171
300.165
300.156
300.148
300.142
300.138
300.137
300.14
300.142
300.143
300.145
300.148
300.151
300.156
300.161
300.165
300.17
300.174
300.178
300.183
300.185
300.183
300.175
300.165
300.157
300.151
300.148
300.171
300.168
300.167
300.168
300.17
300.173
300.176
300.178
300.18
300.182
300.185
300.189
300.194
300.198
300.198
300.193
300.183
300.174
300.167
300.162
300.211
300.208
300.204
300.201
300.2
300.2
300.199
300.198
300.196
300.194
300.194
300.197
300.202
300.207
300.209
300.208
300.203
300.194
300.187
300.181
300.215
300.214
300.213
300.213
300.212
300.21
300.208
300.206
300.203
300.201
300.2
300.203
300.207
300.211
300.214
300.215
300.214
300.212
300.208
300.206
300.214
300.213
300.213
300.212
300.211
300.209
300.208
300.206
300.204
300.204
300.204
300.206
300.209
300.213
300.215
300.215
300.215
300.215
300.214
300.214
300.213
300.214
300.214
300.214
300.214
300.213
300.214
300.214
300.215
300.216
300.216
300.216
300.217
300.217
300.218
300.217
300.215
300.212
300.209
300.206
300.211
300.216
300.221
300.225
300.229
300.234
300.237
300.241
300.244
300.249
300.247
300.245
300.241
300.237
300.232
300.227
300.221
300.214
300.206
300.199
300.111
300.112
300.113
300.113
300.113
300.114
300.116
300.12
300.125
300.129
300.133
300.135
300.134
300.129
300.123
300.119
300.116
300.115
300.116
300.118
300.122
300.121
300.122
300.123
300.125
300.127
300.131
300.136
300.141
300.146
300.151
300.155
300.156
300.153
300.145
300.138
300.134
300.132
300.132
300.133
300.129
300.13
300.131
300.134
300.136
300.14
300.144
300.148
300.153
300.158
300.163
300.167
300.17
300.17
300.164
300.156
300.149
300.145
300.143
300.143
300.144
300.144
300.146
300.148
300.151
300.155
300.159
300.162
300.165
300.168
300.173
300.177
300.181
300.183
300.182
300.174
300.166
300.16
300.156
300.154
300.18
300.173
300.17
300.17
300.171
300.174
300.176
300.177
300.178
300.179
300.182
300.186
300.191
300.195
300.196
300.192
300.184
300.176
300.171
300.168
300.213
300.209
300.204
300.2
300.198
300.197
300.196
300.193
300.191
300.189
300.189
300.193
300.198
300.203
300.206
300.206
300.202
300.196
300.191
300.189
300.217
300.215
300.213
300.212
300.21
300.207
300.205
300.201
300.198
300.196
300.195
300.198
300.203
300.208
300.212
300.213
300.214
300.212
300.211
300.211
300.217
300.215
300.213
300.211
300.209
300.207
300.205
300.203
300.202
300.202
300.202
300.203
300.206
300.21
300.213
300.214
300.215
300.215
300.214
300.213
300.216
300.216
300.215
300.214
300.213
300.214
300.215
300.217
300.219
300.221
300.22
300.218
300.218
300.217
300.217
300.217
300.216
300.213
300.21
300.207
300.215
300.22
300.225
300.229
300.234
300.239
300.244
300.249
300.253
300.26
300.257
300.252
300.247
300.242
300.237
300.231
300.225
300.218
300.21
300.202
300.113
300.112
300.113
300.114
300.114
300.114
300.115
300.12
300.125
300.13
300.133
300.135
300.133
300.128
300.124
300.121
300.12
300.119
300.121
300.123
300.124
300.124
300.124
300.126
300.127
300.128
300.131
300.135
300.14
300.146
300.151
300.155
300.155
300.153
300.146
300.141
300.138
300.137
300.138
300.14
300.132
300.133
300.134
300.137
300.14
300.143
300.145
300.148
300.151
300.157
300.163
300.167
300.169
300.169
300.164
300.158
300.152
300.15
300.148
300.149
300.151
300.149
300.149
300.151
300.155
300.158
300.16
300.161
300.163
300.167
300.172
300.176
300.18
300.182
300.18
300.174
300.168
300.164
300.161
300.16
300.189
300.18
300.174
300.173
300.174
300.175
300.176
300.175
300.175
300.176
300.18
300.184
300.189
300.192
300.194
300.191
300.185
300.18
300.177
300.175
300.215
300.21
300.205
300.2
300.197
300.195
300.192
300.189
300.186
300.186
300.187
300.19
300.195
300.201
300.204
300.204
300.202
300.199
300.197
300.197
300.219
300.216
300.213
300.21
300.207
300.204
300.2
300.197
300.194
300.194
300.194
300.196
300.2
300.205
300.21
300.212
300.213
300.213
300.213
300.214
300.219
300.216
300.212
300.209
300.207
300.205
300.203
300.203
300.204
300.206
300.205
300.204
300.205
300.208
300.211
300.213
300.214
300.215
300.214
300.213
300.218
300.218
300.215
300.213
300.214
300.215
300.218
300.222
300.227
300.232
300.228
300.223
300.22
300.218
300.216
300.217
300.216
300.215
300.212
300.208
300.218
300.224
300.229
300.234
300.239
300.245
300.252
300.259
300.266
300.276
300.269
300.262
300.255
300.248
300.241
300.235
300.228
300.221
300.213
300.205
300.116
300.115
300.115
300.116
300.116
300.115
300.114
300.117
300.123
300.129
300.133
300.134
300.134
300.131
300.129
300.126
300.125
300.124
300.126
300.128
300.129
300.128
300.128
300.13
300.131
300.131
300.13
300.132
300.138
300.147
300.152
300.155
300.156
300.154
300.15
300.146
300.144
300.143
300.144
300.147
300.139
300.138
300.139
300.142
300.144
300.145
300.144
300.144
300.15
300.158
300.164
300.167
300.169
300.169
300.165
300.161
300.157
300.155
300.155
300.156
300.16
300.156
300.155
300.156
300.159
300.16
300.159
300.158
300.161
300.169
300.174
300.177
300.179
300.181
300.18
300.176
300.171
300.168
300.167
300.166
300.195
300.185
300.178
300.176
300.176
300.176
300.173
300.171
300.173
300.18
300.183
300.184
300.187
300.191
300.192
300.191
300.187
300.184
300.182
300.182
300.217
300.211
300.204
300.199
300.196
300.192
300.188
300.184
300.185
300.19
300.191
300.191
300.194
300.198
300.202
300.203
300.202
300.201
300.201
300.203
300.22
300.216
300.212
300.208
300.205
300.2
300.196
300.193
300.196
300.203
300.201
300.197
300.199
300.203
300.208
300.211
300.212
300.214
300.215
300.216
300.22
300.216
300.211
300.208
300.205
300.203
300.203
300.206
300.215
300.222
300.217
300.208
300.205
300.207
300.21
300.212
300.214
300.214
300.214
300.213
300.22
300.218
300.215
300.214
300.215
300.218
300.223
300.231
300.242
300.253
300.242
300.231
300.223
300.219
300.217
300.216
300.216
300.215
300.213
300.21
300.221
300.227
300.232
300.237
300.244
300.252
300.261
300.271
300.283
300.298
300.285
300.273
300.263
300.253
300.245
300.238
300.231
300.223
300.215
300.208
300.119
300.119
300.118
300.119
300.12
300.12
300.117
300.116
300.121
300.13
300.134
300.136
300.137
300.137
300.135
300.132
300.13
300.129
300.13
300.132
300.134
300.133
300.134
300.135
300.136
300.135
300.132
300.13
300.137
300.153
300.159
300.158
300.158
300.157
300.155
300.152
300.15
300.149
300.15
300.153
300.146
300.145
300.145
300.147
300.148
300.148
300.144
300.143
300.151
300.169
300.174
300.171
300.17
300.17
300.168
300.165
300.163
300.161
300.162
300.163
300.168
300.162
300.16
300.161
300.162
300.161
300.158
300.157
300.166
300.186
300.189
300.183
300.181
300.181
300.181
300.178
300.175
300.173
300.173
300.173
300.199
300.188
300.181
300.178
300.177
300.175
300.171
300.171
300.182
300.202
300.202
300.192
300.189
300.19
300.191
300.191
300.189
300.188
300.187
300.188
300.218
300.21
300.203
300.198
300.193
300.189
300.184
300.184
300.199
300.221
300.216
300.2
300.195
300.197
300.2
300.202
300.203
300.203
300.205
300.208
300.221
300.215
300.21
300.206
300.201
300.197
300.193
300.199
300.219
300.242
300.23
300.207
300.2
300.202
300.206
300.209
300.212
300.214
300.215
300.217
300.221
300.216
300.21
300.206
300.203
300.203
300.206
300.218
300.241
300.264
300.246
300.218
300.207
300.206
300.208
300.211
300.213
300.214
300.214
300.214
300.221
300.219
300.215
300.214
300.217
300.222
300.231
300.246
300.268
300.291
300.268
300.243
300.228
300.22
300.216
300.215
300.215
300.215
300.213
300.21
300.223
300.229
300.235
300.241
300.249
300.259
300.271
300.286
300.305
300.33
300.306
300.287
300.271
300.259
300.249
300.24
300.232
300.224
300.216
300.208
300.123
300.123
300.123
300.124
300.125
300.125
300.123
300.121
300.123
300.157
300.16
300.142
300.143
300.144
300.141
300.138
300.135
300.134
300.135
300.136
300.14
300.139
300.139
300.14
300.141
300.14
300.138
300.137
300.146
300.205
300.207
300.172
300.164
300.162
300.161
300.158
300.156
300.155
300.156
300.159
300.153
300.151
300.151
300.152
300.153
300.151
300.15
300.151
300.167
300.237
300.233
300.189
300.177
300.174
300.172
300.171
300.169
300.168
300.169
300.171
300.174
300.168
300.166
300.165
300.165
300.163
300.161
300.166
300.193
300.27
300.264
300.206
300.187
300.183
300.183
300.182
300.18
300.179
300.18
300.181
300.201
300.19
300.184
300.18
300.178
300.175
300.173
300.182
300.224
300.308
300.286
300.218
300.195
300.191
300.192
300.192
300.192
300.192
300.192
300.194
300.218
300.209
300.202
300.196
300.191
300.186
300.185
300.199
300.252
300.332
300.295
300.225
300.2
300.197
300.199
300.202
300.203
300.205
300.207
300.211
300.222
300.214
300.208
300.203
300.198
300.194
300.196
300.219
300.274
300.345
300.298
300.229
300.204
300.201
300.204
300.208
300.211
300.214
300.216
300.217
300.222
300.215
300.209
300.204
300.202
300.204
300.215
300.241
300.292
300.352
300.301
300.236
300.21
300.205
300.207
300.209
300.211
300.213
300.214
300.213
300.222
300.219
300.214
300.215
300.219
300.227
300.242
300.268
300.311
300.361
300.31
300.259
300.233
300.221
300.215
300.213
300.213
300.214
300.213
300.21
300.224
300.23
300.237
300.244
300.253
300.266
300.283
300.305
300.336
300.377
300.335
300.303
300.28
300.264
300.251
300.241
300.232
300.224
300.216
300.207
300.127
300.126
300.127
300.128
300.129
300.13
300.129
300.13
300.157
301.091
301.061
300.176
300.153
300.15
300.147
300.143
300.139
300.138
300.138
300.14
300.145
300.144
300.145
300.145
300.146
300.146
300.147
300.153
300.205
300.887
300.784
300.228
300.178
300.17
300.167
300.164
300.162
300.161
300.162
300.164
300.16
300.157
300.157
300.157
300.158
300.157
300.158
300.169
300.237
300.791
300.653
300.248
300.191
300.18
300.178
300.176
300.175
300.174
300.175
300.177
300.179
300.173
300.171
300.17
300.168
300.167
300.169
300.186
300.27
300.725
300.563
300.256
300.199
300.188
300.186
300.186
300.185
300.185
300.186
300.188
300.203
300.192
300.186
300.182
300.179
300.176
300.18
300.202
300.308
300.66
300.494
300.257
300.204
300.193
300.193
300.194
300.195
300.196
300.197
300.199
300.218
300.209
300.201
300.194
300.189
300.186
300.19
300.221
300.332
300.598
300.438
300.253
300.206
300.198
300.199
300.202
300.204
300.206
300.209
300.213
300.223
300.214
300.207
300.201
300.196
300.194
300.203
300.242
300.345
300.542
300.396
300.249
300.207
300.201
300.203
300.207
300.21
300.213
300.215
300.217
300.224
300.216
300.208
300.204
300.202
300.206
300.222
300.264
300.352
300.496
300.369
300.25
300.212
300.205
300.206
300.208
300.21
300.212
300.213
300.213
300.224
300.22
300.215
300.216
300.221
300.232
300.253
300.291
300.361
300.465
300.358
300.274
300.236
300.22
300.214
300.212
300.212
300.213
300.212
300.209
300.227
300.234
300.241
300.249
300.26
300.276
300.298
300.33
300.377
300.451
300.373
300.322
300.29
300.269
300.254
300.242
300.232
300.223
300.214
300.206
300.131
300.13
300.13
300.131
300.133
300.133
300.133
300.134
300.16
301.061
301.021
300.177
300.157
300.153
300.15
300.146
300.143
300.141
300.142
300.143
300.151
300.15
300.15
300.15
300.151
300.151
300.152
300.159
300.207
300.784
300.692
300.224
300.181
300.174
300.171
300.169
300.167
300.166
300.166
300.168
300.166
300.163
300.163
300.163
300.163
300.163
300.164
300.174
300.233
300.653
300.542
300.236
300.192
300.184
300.182
300.181
300.18
300.18
300.181
300.183
300.184
300.178
300.175
300.174
300.173
300.172
300.174
300.189
300.264
300.563
300.454
300.24
300.198
300.191
300.19
300.19
300.19
300.191
300.192
300.194
300.205
300.195
300.189
300.185
300.182
300.18
300.183
300.202
300.286
300.494
300.394
300.238
300.202
300.195
300.195
300.197
300.198
300.199
300.201
300.204
300.219
300.209
300.201
300.194
300.189
300.187
300.191
300.216
300.295
300.438
300.351
300.234
300.203
300.198
300.2
300.202
300.205
300.207
300.21
300.214
300.223
300.215
300.207
300.2
300.195
300.194
300.201
300.23
300.298
300.396
300.319
300.229
300.204
300.201
300.203
300.206
300.209
300.212
300.215
300.216
300.224
300.217
300.209
300.204
300.202
300.205
300.217
300.246
300.301
300.369
300.303
300.23
300.208
300.204
300.205
300.207
300.21
300.212
300.213
300.212
300.225
300.221
300.216
300.216
300.22
300.228
300.242
300.268
300.31
300.358
300.3
300.251
300.228
300.218
300.213
300.212
300.212
300.212
300.211
300.208
300.227
300.234
300.24
300.247
300.257
300.269
300.285
300.306
300.335
300.373
300.329
300.298
300.277
300.262
300.25
300.239
300.231
300.222
300.214
300.205
300.134
300.134
300.134
300.134
300.135
300.135
300.134
300.136
300.142
300.176
300.177
300.159
300.157
300.154
300.152
300.148
300.145
300.144
300.144
300.146
300.156
300.155
300.154
300.155
300.155
300.155
300.155
300.158
300.172
300.228
300.224
300.186
300.178
300.175
300.174
300.172
300.17
300.17
300.17
300.172
300.172
300.169
300.168
300.167
300.167
300.167
300.167
300.171
300.189
300.248
300.236
300.198
300.188
300.186
300.185
300.185
300.184
300.184
300.185
300.187
300.189
300.183
300.18
300.178
300.177
300.176
300.177
300.183
300.206
300.256
300.24
300.204
300.194
300.193
300.193
300.193
300.194
300.195
300.196
300.198
300.208
300.199
300.193
300.189
300.186
300.184
300.184
300.192
300.218
300.257
300.238
300.207
300.198
300.197
300.198
300.2
300.201
300.203
300.205
300.207
300.22
300.211
300.203
300.197
300.193
300.19
300.191
300.2
300.225
300.253
300.234
300.207
300.2
300.2
300.202
300.204
300.206
300.209
300.211
300.214
300.224
300.216
300.209
300.203
300.198
300.196
300.197
300.207
300.229
300.249
300.229
300.207
300.201
300.202
300.204
300.206
300.209
300.212
300.214
300.216
300.224
300.218
300.211
300.206
300.203
300.204
300.208
300.218
300.236
300.25
300.23
300.211
300.205
300.204
300.206
300.207
300.209
300.211
300.212
300.212
300.224
300.222
300.218
300.216
300.218
300.223
300.231
300.243
300.259
300.274
300.251
300.23
300.22
300.215
300.212
300.211
300.212
300.212
300.21
300.207
300.225
300.232
300.238
300.245
300.252
300.262
300.273
300.287
300.303
300.322
300.298
300.281
300.267
300.255
300.245
300.236
300.228
300.22
300.212
300.204
300.136
300.135
300.135
300.135
300.134
300.133
300.134
300.137
300.143
300.153
300.157
300.157
300.156
300.154
300.151
300.148
300.146
300.145
300.145
300.147
300.159
300.158
300.157
300.157
300.156
300.155
300.156
300.158
300.164
300.178
300.181
300.178
300.176
300.175
300.174
300.173
300.172
300.171
300.172
300.174
300.176
300.173
300.172
300.171
300.17
300.169
300.169
300.17
300.177
300.191
300.192
300.188
300.187
300.187
300.186
300.186
300.186
300.186
300.187
300.189
300.193
300.188
300.185
300.183
300.181
300.18
300.179
300.181
300.187
300.199
300.198
300.194
300.193
300.194
300.195
300.196
300.196
300.197
300.199
300.201
300.21
300.203
300.197
300.194
300.191
300.189
300.187
300.189
300.195
300.204
300.202
300.198
300.198
300.199
300.2
300.202
300.203
300.205
300.207
300.209
300.22
300.213
300.207
300.202
300.198
300.195
300.194
300.195
300.2
300.206
300.203
300.2
300.2
300.202
300.204
300.206
300.208
300.21
300.212
300.215
300.223
300.218
300.212
300.207
300.203
300.2
300.199
300.2
300.204
300.207
300.204
300.201
300.201
300.203
300.205
300.207
300.21
300.212
300.214
300.215
300.223
300.219
300.214
300.209
300.206
300.205
300.205
300.207
300.21
300.212
300.208
300.205
300.204
300.205
300.206
300.208
300.209
300.211
300.211
300.211
300.223
300.222
300.219
300.217
300.218
300.22
300.223
300.228
300.233
300.236
300.228
300.22
300.216
300.214
300.212
300.212
300.211
300.211
300.209
300.206
300.223
300.23
300.236
300.241
300.247
300.255
300.263
300.271
300.28
300.29
300.277
300.267
300.257
300.248
300.24
300.232
300.225
300.217
300.209
300.202
300.134
300.134
300.132
300.131
300.129
300.128
300.131
300.137
300.144
300.15
300.153
300.154
300.154
300.152
300.149
300.146
300.143
300.142
300.143
300.145
300.159
300.158
300.156
300.154
300.153
300.153
300.154
300.157
300.162
300.17
300.174
300.175
300.175
300.175
300.173
300.172
300.17
300.17
300.171
300.173
300.177
300.175
300.173
300.171
300.17
300.169
300.169
300.17
300.174
300.18
300.184
300.186
300.187
300.187
300.186
300.186
300.186
300.186
300.187
300.189
300.195
300.191
300.188
300.185
300.183
300.182
300.181
300.181
300.183
300.188
300.191
300.193
300.194
300.195
300.196
300.196
300.197
300.197
300.198
300.2
300.211
300.206
300.201
300.198
300.195
300.192
300.191
300.19
300.191
300.193
300.195
300.197
300.199
300.2
300.202
300.203
300.204
300.206
300.207
300.209
300.221
300.216
300.211
300.207
300.203
300.201
300.198
300.197
300.197
300.198
300.198
300.2
300.202
300.203
300.205
300.207
300.209
300.21
300.212
300.214
300.223
300.219
300.215
300.211
300.208
300.205
300.203
300.202
300.201
300.201
300.201
300.202
300.203
300.205
300.207
300.208
300.21
300.212
300.213
300.214
300.222
300.219
300.216
300.213
300.21
300.208
300.207
300.206
300.205
300.205
300.204
300.204
300.205
300.206
300.207
300.208
300.209
300.21
300.211
300.21
300.221
300.221
300.219
300.217
300.217
300.218
300.219
300.22
300.221
300.22
300.218
300.215
300.214
300.212
300.212
300.212
300.211
300.209
300.207
300.205
300.22
300.226
300.232
300.237
300.242
300.248
300.253
300.259
300.264
300.269
300.262
300.255
300.248
300.242
300.235
300.227
300.22
300.213
300.206
300.2
300.13
300.129
300.127
300.125
300.123
300.124
300.129
300.135
300.141
300.147
300.15
300.152
300.151
300.149
300.146
300.142
300.139
300.138
300.139
300.142
300.155
300.153
300.149
300.146
300.145
300.146
300.15
300.155
300.161
300.167
300.171
300.174
300.174
300.173
300.171
300.169
300.167
300.166
300.167
300.169
300.174
300.171
300.168
300.165
300.164
300.164
300.165
300.168
300.172
300.178
300.182
300.185
300.186
300.186
300.186
300.185
300.184
300.183
300.183
300.184
300.192
300.189
300.186
300.183
300.182
300.18
300.18
300.181
300.183
300.186
300.19
300.193
300.195
300.196
300.196
300.196
300.196
300.195
300.195
300.195
300.21
300.206
300.201
300.198
300.196
300.194
300.192
300.191
300.192
300.193
300.195
300.198
300.2
300.202
300.203
300.204
300.204
300.204
300.204
300.204
300.22
300.216
300.212
300.209
300.206
300.204
300.202
300.2
300.199
300.199
300.2
300.202
300.204
300.205
300.207
300.208
300.209
300.21
300.211
300.211
300.222
300.219
300.217
300.214
300.212
300.21
300.208
300.206
300.204
300.203
300.203
300.204
300.205
300.207
300.208
300.209
300.21
300.211
300.213
300.213
300.22
300.219
300.217
300.215
300.213
300.211
300.21
300.208
300.207
300.206
300.205
300.206
300.206
300.207
300.208
300.209
300.209
300.209
300.209
300.209
300.219
300.219
300.219
300.218
300.217
300.216
300.217
300.216
300.215
300.214
300.213
300.212
300.212
300.212
300.212
300.211
300.209
300.207
300.205
300.203
300.217
300.222
300.227
300.232
300.237
300.241
300.245
300.249
300.251
300.254
300.25
300.245
300.24
300.235
300.228
300.222
300.215
300.208
300.202
300.197
300.126
300.125
300.122
300.12
300.119
300.121
300.126
300.132
300.138
300.143
300.146
300.148
300.148
300.146
300.142
300.139
300.137
300.135
300.135
300.138
300.149
300.144
300.14
300.138
300.138
300.141
300.146
300.152
300.158
300.164
300.169
300.172
300.173
300.172
300.169
300.165
300.163
300.161
300.162
300.164
300.166
300.162
300.158
300.156
300.156
300.158
300.161
300.165
300.171
300.176
300.181
300.185
300.186
300.186
300.185
300.183
300.18
300.178
300.177
300.178
300.182
300.18
300.177
300.175
300.174
300.174
300.176
300.178
300.182
300.186
300.19
300.193
300.196
300.196
300.196
300.195
300.194
300.192
300.19
300.189
300.202
300.199
300.196
300.193
300.192
300.191
300.191
300.191
300.192
300.194
300.197
300.2
300.202
300.203
300.204
300.204
300.204
300.203
300.201
300.198
300.218
300.214
300.211
300.208
300.206
300.204
300.203
300.202
300.202
300.202
300.202
300.204
300.206
300.207
300.208
300.209
300.209
300.209
300.209
300.207
300.22
300.218
300.217
300.215
300.213
300.212
300.211
300.209
300.208
300.207
300.206
300.206
300.207
300.208
300.209
300.21
300.211
300.211
300.212
300.213
300.218
300.217
300.216
300.215
300.214
300.213
300.212
300.211
300.209
300.208
300.207
300.207
300.208
300.208
300.209
300.209
300.208
300.208
300.209
300.209
300.216
300.217
300.217
300.217
300.217
300.217
300.216
300.215
300.213
300.212
300.212
300.211
300.212
300.212
300.211
300.209
300.207
300.205
300.203
300.202
300.213
300.217
300.222
300.227
300.231
300.235
300.238
300.24
300.241
300.242
300.239
300.236
300.232
300.227
300.222
300.216
300.209
300.203
300.198
300.194
300.122
300.12
300.118
300.116
300.116
300.12
300.125
300.13
300.135
300.139
300.143
300.145
300.146
300.143
300.139
300.137
300.136
300.135
300.135
300.135
300.141
300.136
300.133
300.132
300.134
300.138
300.144
300.15
300.156
300.162
300.167
300.17
300.172
300.17
300.167
300.163
300.159
300.158
300.157
300.159
300.156
300.152
300.149
300.148
300.149
300.152
300.157
300.163
300.169
300.175
300.18
300.184
300.186
300.186
300.184
300.18
300.176
300.174
300.172
300.172
300.171
300.168
300.166
300.165
300.166
300.168
300.171
300.175
300.18
300.185
300.19
300.194
300.196
300.197
300.196
300.194
300.19
300.187
300.185
300.183
300.187
300.186
300.184
300.183
300.184
300.185
300.187
300.189
300.192
300.195
300.198
300.201
300.203
300.204
300.204
300.204
300.202
300.199
300.196
300.193
300.212
300.208
300.205
300.203
300.202
300.202
300.202
300.203
300.203
300.204
300.205
300.206
300.208
300.209
300.209
300.209
300.209
300.208
300.206
300.203
300.219
300.217
300.216
300.214
300.214
300.213
300.212
300.212
300.211
300.21
300.209
300.209
300.21
300.21
300.21
300.211
300.211
300.211
300.212
300.211
300.216
300.215
300.215
300.215
300.215
300.214
300.214
300.213
300.211
300.21
300.21
300.209
300.209
300.209
300.209
300.208
300.208
300.208
300.209
300.21
300.212
300.213
300.214
300.215
300.216
300.216
300.216
300.215
300.213
300.212
300.212
300.212
300.211
300.211
300.209
300.207
300.204
300.202
300.201
300.201
300.208
300.212
300.216
300.221
300.225
300.228
300.231
300.232
300.232
300.232
300.231
300.228
300.225
300.22
300.215
300.209
300.204
300.198
300.194
300.191
300.118
300.117
300.115
300.113
300.115
300.119
300.124
300.129
300.134
300.138
300.141
300.144
300.145
300.142
300.138
300.135
300.135
300.135
300.136
300.138
300.134
300.129
300.127
300.128
300.132
300.137
300.143
300.149
300.155
300.161
300.166
300.17
300.171
300.17
300.166
300.161
300.158
300.155
300.155
300.156
300.146
300.142
300.14
300.142
300.145
300.15
300.155
300.161
300.168
300.174
300.18
300.184
300.186
300.186
300.183
300.178
300.174
300.171
300.169
300.168
300.16
300.157
300.155
300.157
300.16
300.164
300.168
300.173
300.179
300.185
300.191
300.195
300.197
300.197
300.195
300.192
300.187
300.184
300.181
300.179
300.175
300.173
300.173
300.174
300.176
300.18
300.184
300.188
300.192
300.196
300.199
300.203
300.205
300.206
300.204
300.203
300.199
300.196
300.193
300.191
300.197
300.194
300.193
300.194
300.196
300.199
300.201
300.203
300.205
300.206
300.207
300.209
300.21
300.21
300.21
300.209
300.208
300.207
300.204
300.202
300.216
300.214
300.212
300.212
300.212
300.213
300.214
300.214
300.214
300.213
300.212
300.212
300.212
300.212
300.211
300.211
300.211
300.211
300.211
300.21
300.214
300.214
300.214
300.215
300.215
300.215
300.214
300.214
300.213
300.212
300.212
300.211
300.211
300.21
300.209
300.208
300.208
300.208
300.209
300.21
300.209
300.209
300.21
300.212
300.213
300.215
300.215
300.215
300.214
300.213
300.212
300.212
300.211
300.209
300.207
300.205
300.202
300.201
300.201
300.202
300.203
300.205
300.209
300.214
300.218
300.221
300.223
300.224
300.224
300.223
300.222
300.22
300.217
300.213
300.208
300.203
300.198
300.194
300.191
300.19
300.117
300.116
300.113
300.113
300.116
300.121
300.126
300.13
300.135
300.138
300.142
300.144
300.145
300.143
300.139
300.135
300.135
300.136
300.14
300.143
300.128
300.125
300.125
300.127
300.132
300.138
300.144
300.15
300.156
300.162
300.166
300.17
300.172
300.171
300.167
300.162
300.157
300.155
300.154
300.156
300.138
300.135
300.135
300.138
300.143
300.148
300.155
300.162
300.169
300.175
300.181
300.185
300.187
300.187
300.183
300.177
300.172
300.169
300.167
300.167
300.149
300.147
300.148
300.151
300.156
300.161
300.167
300.173
300.18
300.186
300.192
300.196
300.199
300.198
300.195
300.19
300.185
300.181
300.179
300.178
300.164
300.162
300.163
300.167
300.171
300.177
300.182
300.187
300.192
300.197
300.201
300.205
300.207
300.207
300.204
300.201
300.196
300.193
300.191
300.19
300.183
300.182
300.183
300.187
300.191
300.197
300.201
300.205
300.207
300.209
300.21
300.211
300.212
300.212
300.211
300.209
300.206
300.204
300.203
300.203
300.207
300.205
300.206
300.208
300.211
300.213
300.215
300.215
300.216
300.215
300.215
300.214
300.214
300.213
300.213
300.212
300.212
300.211
300.211
300.211
300.215
300.215
300.214
300.214
300.214
300.214
300.214
300.214
300.214
300.213
300.213
300.212
300.211
300.211
300.209
300.209
300.209
300.209
300.209
300.21
300.208
300.207
300.208
300.209
300.21
300.212
300.213
300.213
300.213
300.212
300.211
300.21
300.209
300.207
300.205
300.203
300.201
300.201
300.201
300.202
300.199
300.2
300.202
300.206
300.21
300.213
300.215
300.216
300.216
300.214
300.214
300.212
300.209
300.206
300.202
300.198
300.194
300.191
300.189
300.189
300.12
300.116
300.112
300.114
300.118
300.123
300.128
300.132
300.136
300.14
300.143
300.146
300.147
300.145
300.142
300.138
300.135
300.138
300.143
300.152
300.126
300.124
300.124
300.128
300.133
300.14
300.147
300.153
300.159
300.164
300.168
300.172
300.174
300.173
300.169
300.164
300.159
300.156
300.156
300.161
300.132
300.132
300.133
300.137
300.143
300.149
300.156
300.163
300.171
300.177
300.183
300.187
300.189
300.189
300.184
300.178
300.172
300.168
300.167
300.17
300.142
300.141
300.143
300.148
300.154
300.16
300.166
300.173
300.181
300.188
300.194
300.198
300.201
300.2
300.195
300.189
300.183
300.179
300.178
300.181
300.155
300.154
300.156
300.162
300.168
300.175
300.182
300.188
300.194
300.199
300.204
300.207
300.209
300.209
300.204
300.198
300.193
300.191
300.19
300.192
300.173
300.172
300.175
300.181
300.189
300.197
300.203
300.208
300.211
300.213
300.214
300.214
300.215
300.214
300.211
300.207
300.203
300.202
300.203
300.205
300.197
300.196
300.2
300.206
300.211
300.214
300.216
300.217
300.217
300.217
300.216
300.216
300.215
300.214
300.213
300.213
300.211
300.21
300.211
300.212
300.215
300.214
300.215
300.214
300.213
300.213
300.213
300.214
300.213
300.213
300.212
300.212
300.211
300.21
300.209
300.209
300.21
300.21
300.21
300.209
300.208
300.208
300.207
300.206
300.207
300.208
300.21
300.21
300.21
300.209
300.208
300.207
300.206
300.205
300.203
300.202
300.201
300.202
300.202
300.201
300.197
300.197
300.197
300.199
300.202
300.205
300.208
300.208
300.207
300.206
300.205
300.204
300.202
300.2
300.197
300.194
300.191
300.19
300.189
300.19
)
;

boundaryField
{
    floor
    {
        type            fixedValue;
        value           nonuniform List<scalar> 
400
(
300
300
300
300
300
300
300
300
300
300
300
300
300
300
300
300
300
300
300
300
300
300
300
300
300
300
300
300
300
300
300
300
300
300
300
300
300
300
300
300
300
300
300
300
300
300
300
300
300
300
300
300
300
300
300
300
300
300
300
300
300
300
300
300
300
300
300
300
300
300
300
300
300
300
300
300
300
300
300
300
300
300
300
300
300
300
300
300
300
300
300
300
300
300
300
300
300
300
300
300
300
300
300
300
300
300
300
300
300
300
300
300
300
300
300
300
300
300
300
300
300
300
300
300
300
300
300
300
300
300
300
300
300
300
300
300
300
300
300
300
300
300
300
300
300
300
300
300
300
300
300
300
300
300
300
300
300
300
300
300
300
300
300
300
300
300
300
300
300
300
300
300
300
300
300
300
300
300
300
300
300
300
300
300
300
300
300
300
300
600
600
300
300
300
300
300
300
300
300
300
300
300
300
300
300
300
300
300
300
600
600
300
300
300
300
300
300
300
300
300
300
300
300
300
300
300
300
300
300
300
300
300
300
300
300
300
300
300
300
300
300
300
300
300
300
300
300
300
300
300
300
300
300
300
300
300
300
300
300
300
300
300
300
300
300
300
300
300
300
300
300
300
300
300
300
300
300
300
300
300
300
300
300
300
300
300
300
300
300
300
300
300
300
300
300
300
300
300
300
300
300
300
300
300
300
300
300
300
300
300
300
300
300
300
300
300
300
300
300
300
300
300
300
300
300
300
300
300
300
300
300
300
300
300
300
300
300
300
300
300
300
300
300
300
300
300
300
300
300
300
300
300
300
300
300
300
300
300
300
300
300
300
300
300
300
300
300
300
300
300
300
300
300
300
300
300
300
300
300
300
300
300
300
300
300
300
300
300
300
300
300
300
300
300
300
300
300
300
300
300
)
;
    }
    ceiling
    {
        type            fixedValue;
        value           uniform 300;
    }
    fixedWalls
    {
        type            zeroGradient;
    }
}


// ************************************************************************* //
